# Format: McCode with text headers
# URL: http://www.mccode.org
# Creator:  3.5.2, git
# Instrument: templateSANS2.instr
# Ncount: 833333
# Trace: no
# Gravitation: no
# Seed: 1728480915114996
# Directory: LC_scan/7
# Nodes: 12
# Param: lambda=6
# Param: dlambda=0.6
# Param: r=150
# Param: PHI=0.001
# Param: Delta_Rho=6e+10
# Param: frac_dir=0.03
# Param: frac_inc=0.01
# Param: slit1=0.02
# Param: slit2=0.02
# Param: LC=8
# Param: LD=3
# Date: Wed Oct  9 15:35:17 2024 (1728480917)
# type: array_1d(1000)
# Source: templateSANS2 (templateSANS2.instr)
# component: Ldetector
# position: 0 0 11.2
# title: Wavelength monitor
# Ncount: 9999996
# filename: Edet.dat
# statistics: X0=6.02663; dX=0.287808;
# signal: Min=0.00753879; Max=0.010893; Mean=0.00910378;
# values: 9.10378 0.00235806 5.05972e+07
# xvar: L
# yvar: (I,I_err)
# xlabel: Wavelength [AA]
# ylabel: Intensity
# xlimits: 5.5 6.5
# variables: L I I_err N
5.5005 0.007688630857 6.248874429e-05 51109 
5.5015 0.007816760426 6.338892592e-05 50889 
5.5025 0.00763901358 6.239209325e-05 50534 
5.5035 0.007594288912 6.245304397e-05 49980 
5.5045 0.00776926954 6.318454152e-05 50968 
5.5055 0.007683950814 6.268769916e-05 50921 
5.5065 0.007703521599 6.271120405e-05 50893 
5.5075 0.007795334552 6.317945363e-05 51943 
5.5085 0.007926643267 6.392710753e-05 51408 
5.5095 0.007792797164 6.340586712e-05 50683 
5.5105 0.007766577765 6.312836117e-05 51258 
5.5115 0.007820890536 6.344829338e-05 50726 
5.5125 0.007780340699 6.340899119e-05 50673 
5.5135 0.007659160916 6.279579336e-05 49984 
5.5145 0.007821106252 6.345621309e-05 51117 
5.5155 0.007839162287 6.35388335e-05 51246 
5.5165 0.007969000044 6.413421628e-05 51946 
5.5175 0.00780336856 6.324022393e-05 51331 
5.5185 0.007766975972 6.30737012e-05 50999 
5.5195 0.007827100868 6.328451846e-05 51492 
5.5205 0.007832201414 6.351575855e-05 51267 
5.5215 0.00767253703 6.303173776e-05 49799 
5.5225 0.007775370053 6.332668506e-05 50968 
5.5235 0.007941828184 6.404351497e-05 51351 
5.5245 0.007603979525 6.270183783e-05 49357 
5.5255 0.00776175202 6.340960174e-05 50243 
5.5265 0.00771233989 6.300438277e-05 50784 
5.5275 0.007764567415 6.335097264e-05 50549 
5.5285 0.007787867708 6.333207866e-05 50708 
5.5295 0.007927798081 6.430514797e-05 50707 
5.5305 0.007634008563 6.275972917e-05 50241 
5.5315 0.007673732229 6.294633702e-05 50554 
5.5325 0.007713770772 6.277550062e-05 51500 
5.5335 0.007706028885 6.309293879e-05 50721 
5.5345 0.007538791334 6.226950333e-05 49523 
5.5355 0.007864978694 6.374813187e-05 51264 
5.5365 0.007893123372 6.411015336e-05 51146 
5.5375 0.007942010206 6.43200242e-05 51479 
5.5385 0.007941183317 6.422074714e-05 51565 
5.5395 0.007667668204 6.299793735e-05 49997 
5.5405 0.007645354048 6.286412625e-05 49940 
5.5415 0.007714800624 6.329563288e-05 50629 
5.5425 0.007743966331 6.321459899e-05 50428 
5.5435 0.007832049521 6.386697879e-05 50391 
5.5445 0.007762503141 6.329017143e-05 50700 
5.5455 0.007753257651 6.348705118e-05 50054 
5.5465 0.007902636114 6.418598922e-05 51008 
5.5475 0.007738738965 6.347657732e-05 50273 
5.5485 0.007788219929 6.369135032e-05 50170 
5.5495 0.007651828444 6.305174932e-05 50038 
5.5505 0.007774223229 6.353652001e-05 50311 
5.5515 0.007922457891 6.424749794e-05 51073 
5.5525 0.007711605953 6.336585554e-05 49895 
5.5535 0.007984404645 6.473917869e-05 50816 
5.5545 0.007857677003 6.387489527e-05 51158 
5.5555 0.007751440127 6.351744392e-05 50525 
5.5565 0.007743116375 6.345910311e-05 50506 
5.5575 0.00771348976 6.349027086e-05 49980 
5.5585 0.007786433017 6.386093777e-05 50171 
5.5595 0.008010165074 6.493748462e-05 51484 
5.5605 0.007931341686 6.439314468e-05 51049 
5.5615 0.007933188783 6.462784342e-05 50593 
5.5625 0.00799504685 6.474369326e-05 51204 
5.5635 0.00779667134 6.405523472e-05 49968 
5.5645 0.007921125508 6.438886973e-05 50861 
5.5655 0.007874543891 6.414549052e-05 50498 
5.5665 0.008025895462 6.498101932e-05 51520 
5.5675 0.007956673029 6.44691124e-05 51393 
5.5685 0.007761447755 6.371778058e-05 50249 
5.5695 0.007923597868 6.437037581e-05 50476 
5.5705 0.007902416523 6.444736364e-05 51115 
5.5715 0.00780300373 6.371407926e-05 51074 
5.5725 0.007852180737 6.396364265e-05 50834 
5.5735 0.007897454916 6.438851168e-05 50863 
5.5745 0.007803105313 6.409026273e-05 49961 
5.5755 0.007681940386 6.355534665e-05 49465 
5.5765 0.007819475816 6.413120733e-05 50268 
5.5775 0.007948773064 6.458041272e-05 51106 
5.5785 0.007963306653 6.489626634e-05 51189 
5.5795 0.00795277242 6.474227526e-05 51127 
5.5805 0.007831863635 6.401764877e-05 50719 
5.5815 0.00783408922 6.41208412e-05 50698 
5.5825 0.007817273572 6.426290085e-05 49635 
5.5835 0.007963332192 6.464803361e-05 51051 
5.5845 0.007844266552 6.437919598e-05 49936 
5.5855 0.007978665094 6.493200061e-05 50919 
5.5865 0.007746595838 6.386888513e-05 49785 
5.5875 0.007899489765 6.465702339e-05 50433 
5.5885 0.007931876263 6.46425008e-05 50773 
5.5895 0.007872495962 6.44547095e-05 50461 
5.5905 0.007980802365 6.497126684e-05 50924 
5.5915 0.007742842408 6.387416369e-05 49785 
5.5925 0.007950092537 6.481220731e-05 50676 
5.5935 0.007948436951 6.476079348e-05 51275 
5.5945 0.007992473967 6.502224894e-05 51194 
5.5955 0.007873843262 6.455621911e-05 50471 
5.5965 0.007761453653 6.412574409e-05 49705 
5.5975 0.008076911805 6.542002458e-05 51159 
5.5985 0.008134929865 6.581501811e-05 51234 
5.5995 0.008004301188 6.521014188e-05 50100 
5.6005 0.007812882262 6.429060499e-05 50139 
5.6015 0.008032282526 6.523274784e-05 51103 
5.6025 0.008060508074 6.55100553e-05 50929 
5.6035 0.008068557298 6.543012271e-05 50992 
5.6045 0.007978616962 6.517599878e-05 50784 
5.6055 0.008242434697 6.618378737e-05 52336 
5.6065 0.008065578908 6.562437805e-05 51165 
5.6075 0.00795621584 6.511390197e-05 50141 
5.6085 0.008097547823 6.567834984e-05 50893 
5.6095 0.007968868133 6.528438266e-05 50231 
5.6105 0.007900429512 6.480008468e-05 50401 
5.6115 0.007880527461 6.476349021e-05 50392 
5.6125 0.008036603737 6.536213341e-05 50900 
5.6135 0.008001976077 6.521380578e-05 50928 
5.6145 0.008144050648 6.586634653e-05 51267 
5.6155 0.008104860627 6.578650368e-05 51288 
5.6165 0.008067957972 6.557242303e-05 50887 
5.6175 0.007831986812 6.444882587e-05 50307 
5.6185 0.008160755969 6.599973762e-05 51271 
5.6195 0.007992537043 6.540740023e-05 50108 
5.6205 0.007867086578 6.487788405e-05 49410 
5.6215 0.008151898693 6.604038201e-05 51166 
5.6225 0.008051539812 6.577983355e-05 50532 
5.6235 0.007932613658 6.514686701e-05 50307 
5.6245 0.008082845846 6.593281851e-05 50952 
5.6255 0.008083826203 6.583013371e-05 50689 
5.6265 0.00824843662 6.654659608e-05 51543 
5.6275 0.007944840483 6.536229958e-05 49958 
5.6285 0.00810828561 6.604034143e-05 50609 
5.6295 0.008269612047 6.657850089e-05 51475 
5.6305 0.007933867279 6.532495345e-05 49804 
5.6315 0.007968231535 6.513342698e-05 50564 
5.6325 0.008178071243 6.611975359e-05 51376 
5.6335 0.008088903175 6.59575693e-05 50750 
5.6345 0.007929296489 6.515807786e-05 49863 
5.6355 0.008073508439 6.6027052e-05 50680 
5.6365 0.008018851524 6.549644291e-05 51053 
5.6375 0.007971803591 6.545115703e-05 49999 
5.6385 0.008114409827 6.607866066e-05 51095 
5.6395 0.007965633818 6.547868215e-05 49930 
5.6405 0.007857103548 6.493419525e-05 49744 
5.6415 0.008263767759 6.681194999e-05 51153 
5.6425 0.007884934719 6.520508909e-05 49604 
5.6435 0.008201805524 6.646536171e-05 51038 
5.6445 0.008052766501 6.584746183e-05 50301 
5.6455 0.008351603113 6.708750212e-05 52333 
5.6465 0.008251001689 6.679379425e-05 51071 
5.6475 0.008128585255 6.633380615e-05 50726 
5.6485 0.007896983028 6.521360163e-05 49553 
5.6495 0.008131811954 6.623411114e-05 50709 
5.6505 0.008038996246 6.585185202e-05 50074 
5.6515 0.008127445981 6.61909782e-05 50913 
5.6525 0.008137893646 6.650680901e-05 50617 
5.6535 0.007916911333 6.541237469e-05 49519 
5.6545 0.008028035241 6.598398142e-05 49511 
5.6555 0.007941005468 6.532624326e-05 50239 
5.6565 0.008174438375 6.651416402e-05 50857 
5.6575 0.007950357012 6.56663154e-05 49777 
5.6585 0.008114345295 6.610865889e-05 50916 
5.6595 0.008073582655 6.615725321e-05 50074 
5.6605 0.007953133811 6.560715895e-05 50178 
5.6615 0.008122166744 6.630063609e-05 50368 
5.6625 0.008120275313 6.634168556e-05 49962 
5.6635 0.008215851612 6.680112908e-05 50508 
5.6645 0.007973791123 6.566620035e-05 50285 
5.6655 0.008101009437 6.651627039e-05 49809 
5.6665 0.008051211803 6.611503247e-05 50221 
5.6675 0.008001180427 6.586188122e-05 49939 
5.6685 0.007975066208 6.584593457e-05 49438 
5.6695 0.008129178783 6.659409219e-05 50675 
5.6705 0.008119799996 6.656842737e-05 50021 
5.6715 0.008005378526 6.617616766e-05 49096 
5.6725 0.00815106713 6.651717377e-05 50365 
5.6735 0.008230658731 6.707029448e-05 50402 
5.6745 0.00813413029 6.640509722e-05 50491 
5.6755 0.008278021685 6.705986886e-05 51327 
5.6765 0.00798128015 6.600193218e-05 49923 
5.6775 0.008089589322 6.655842995e-05 49995 
5.6785 0.008151181698 6.674282925e-05 50570 
5.6795 0.00838361649 6.763703403e-05 51663 
5.6805 0.00845320533 6.808773291e-05 52086 
5.6815 0.008262117693 6.710738527e-05 50972 
5.6825 0.00821317675 6.695933965e-05 50579 
5.6835 0.008296448083 6.735973069e-05 51082 
5.6845 0.008237692424 6.719522389e-05 50659 
5.6855 0.00832079732 6.759238334e-05 50848 
5.6865 0.008354199522 6.776789552e-05 50905 
5.6875 0.008261924242 6.718300989e-05 50829 
5.6885 0.008282101807 6.742401872e-05 50854 
5.6895 0.00822845814 6.708187591e-05 50737 
5.6905 0.008159525105 6.69665103e-05 50452 
5.6915 0.008155410364 6.690896036e-05 49874 
5.6925 0.008360373994 6.769841694e-05 51405 
5.6935 0.008361254452 6.782280732e-05 50960 
5.6945 0.008191388516 6.704387195e-05 50107 
5.6955 0.008167178977 6.692834606e-05 50047 
5.6965 0.008236514028 6.708703351e-05 50734 
5.6975 0.008194339517 6.707907516e-05 50077 
5.6985 0.008117333087 6.681568263e-05 49858 
5.6995 0.008263684644 6.741445156e-05 50600 
5.7005 0.00803560041 6.627787962e-05 49625 
5.7015 0.008415305584 6.819111936e-05 51181 
5.7025 0.008444978988 6.83272926e-05 51065 
5.7035 0.008392631608 6.806902841e-05 51177 
5.7045 0.008273979489 6.772196017e-05 50005 
5.7055 0.008297658465 6.745628947e-05 50720 
5.7065 0.008208489448 6.714993235e-05 50306 
5.7075 0.0080699581 6.655980234e-05 49663 
5.7085 0.008104185854 6.687615326e-05 49305 
5.7095 0.008416244248 6.833813886e-05 50823 
5.7105 0.008150515884 6.700597308e-05 50081 
5.7115 0.008280769312 6.757532775e-05 50172 
5.7125 0.008399529524 6.820593804e-05 50938 
5.7135 0.008348665003 6.804815972e-05 50207 
5.7145 0.008535036274 6.889104499e-05 51496 
5.7155 0.008336152362 6.785127371e-05 51041 
5.7165 0.008199071586 6.728623043e-05 50322 
5.7175 0.008287860647 6.7662331e-05 50922 
5.7185 0.008349715676 6.805784119e-05 50439 
5.7195 0.007999070435 6.639206288e-05 49362 
5.7205 0.008058559909 6.691293458e-05 48886 
5.7215 0.008470343305 6.851416852e-05 51497 
5.7225 0.008399917981 6.822981469e-05 51067 
5.7235 0.008388670731 6.832500864e-05 50661 
5.7245 0.008247111151 6.761593461e-05 50074 
5.7255 0.008282229265 6.789286661e-05 50152 
5.7265 0.008342633688 6.804770693e-05 50703 
5.7275 0.008222901181 6.743246936e-05 50222 
5.7285 0.008277251074 6.772529505e-05 50336 
5.7295 0.008333169272 6.807948533e-05 50959 
5.7305 0.008377881779 6.830892569e-05 50769 
5.7315 0.008377843137 6.830212517e-05 50732 
5.7325 0.008361397166 6.821730464e-05 50894 
5.7335 0.008131612089 6.709138732e-05 49611 
5.7345 0.008244805841 6.773082683e-05 50229 
5.7355 0.008385096587 6.835407345e-05 50789 
5.7365 0.008316701697 6.801191861e-05 50243 
5.7375 0.008516056746 6.908588899e-05 51467 
5.7385 0.008569831085 6.921589897e-05 51307 
5.7395 0.008199443533 6.75730962e-05 49884 
5.7405 0.008418924299 6.854465947e-05 50600 
5.7415 0.00846397517 6.881256541e-05 50941 
5.7425 0.008445699804 6.866414607e-05 50899 
5.7435 0.008508254109 6.882313621e-05 51581 
5.7445 0.008381859802 6.862863414e-05 50135 
5.7455 0.008335123651 6.817848193e-05 50402 
5.7465 0.008296804248 6.8034861e-05 50321 
5.7475 0.008401052526 6.862090726e-05 50513 
5.7485 0.008389626849 6.845457162e-05 50928 
5.7495 0.008373537311 6.840202704e-05 50485 
5.7505 0.008269983137 6.805337046e-05 50270 
5.7515 0.008396096459 6.862692633e-05 50647 
5.7525 0.008325160329 6.839766738e-05 50188 
5.7535 0.008269359889 6.787258421e-05 49989 
5.7545 0.008495580367 6.912955888e-05 50879 
5.7555 0.008428784932 6.888750723e-05 50404 
5.7565 0.008480147589 6.890297121e-05 51162 
5.7575 0.008216571345 6.786691194e-05 49575 
5.7585 0.008641201772 6.969661706e-05 51478 
5.7595 0.008176475529 6.766627115e-05 49650 
5.7605 0.008597288056 6.952083825e-05 51393 
5.7615 0.008404218697 6.86187796e-05 50613 
5.7625 0.008488676136 6.913256175e-05 50574 
5.7635 0.008484598076 6.913405557e-05 50674 
5.7645 0.008511733067 6.923945413e-05 50591 
5.7655 0.008524681301 6.947528515e-05 50452 
5.7665 0.008431485336 6.894325791e-05 51083 
5.7675 0.008426727182 6.886218481e-05 50915 
5.7685 0.008344003156 6.844411306e-05 50070 
5.7695 0.008468672773 6.912999879e-05 50493 
5.7705 0.008601053553 6.953442208e-05 51498 
5.7715 0.008522821162 6.940434192e-05 50568 
5.7725 0.008380849832 6.858707866e-05 50499 
5.7735 0.008625981226 6.991604437e-05 50952 
5.7745 0.008422328901 6.877929228e-05 50654 
5.7755 0.00855579456 6.962009985e-05 50918 
5.7765 0.008466732611 6.9016682e-05 50970 
5.7775 0.008374870478 6.859792398e-05 50252 
5.7785 0.008430279797 6.90068115e-05 50456 
5.7795 0.0082608401 6.816578069e-05 49303 
5.7805 0.008445564455 6.929171717e-05 49775 
5.7815 0.00867548468 7.029992625e-05 51316 
5.7825 0.008422817031 6.893928011e-05 50614 
5.7835 0.008557360641 6.963295229e-05 50590 
5.7845 0.008139114703 6.787747405e-05 48649 
5.7855 0.008483516691 6.957834378e-05 49969 
5.7865 0.008546563984 6.966846068e-05 50573 
5.7875 0.008461304186 6.920271143e-05 50519 
5.7885 0.008514212594 6.952234827e-05 50564 
5.7895 0.008569517919 6.963050336e-05 51206 
5.7905 0.008484622985 6.926872004e-05 50971 
5.7915 0.008575667973 6.995146667e-05 50326 
5.7925 0.008445155041 6.938527393e-05 50136 
5.7935 0.00847776822 6.94824831e-05 50627 
5.7945 0.008525205271 6.972369577e-05 50392 
5.7955 0.008404690546 6.904242103e-05 49935 
5.7965 0.008491266402 6.961235232e-05 49743 
5.7975 0.0083904716 6.91002035e-05 49834 
5.7985 0.008489157914 6.971267201e-05 50017 
5.7995 0.008326740798 6.881567758e-05 49459 
5.8005 0.008543921167 6.967641062e-05 50503 
5.8015 0.008627365468 7.021633761e-05 50413 
5.8025 0.008553065014 6.981584793e-05 50658 
5.8035 0.008408550755 6.918014513e-05 49664 
5.8045 0.008606561941 7.007278452e-05 51068 
5.8055 0.008669290591 7.022362171e-05 51449 
5.8065 0.008382414387 6.921832511e-05 49607 
5.8075 0.008546319294 6.976192814e-05 50741 
5.8085 0.008544009233 6.981915572e-05 50565 
5.8095 0.008403673476 6.919256493e-05 49995 
5.8105 0.008509304389 6.960774079e-05 49747 
5.8115 0.008572215201 6.987277354e-05 50759 
5.8125 0.008293859523 6.883393366e-05 49035 
5.8135 0.008288431337 6.861255706e-05 49763 
5.8145 0.008516793209 6.996412896e-05 50244 
5.8155 0.008619353954 7.017823014e-05 51064 
5.8165 0.008617489898 7.03622048e-05 50167 
5.8175 0.008502638647 6.95691847e-05 50314 
5.8185 0.008404367375 6.928610091e-05 49622 
5.8195 0.008366560029 6.89185211e-05 49680 
5.8205 0.008603760596 7.007796966e-05 50553 
5.8215 0.008320000681 6.885332984e-05 49364 
5.8225 0.008759697404 7.075713542e-05 51362 
5.8235 0.008693048631 7.035492571e-05 51280 
5.8245 0.008533281113 7.001310715e-05 49761 
5.8255 0.008540758639 6.974061735e-05 50953 
5.8265 0.008641508281 7.02434273e-05 50790 
5.8275 0.008633166778 7.023654669e-05 51049 
5.8285 0.00853607038 6.978714287e-05 50511 
5.8295 0.00867832609 7.050782354e-05 50983 
5.8305 0.00863197829 7.003502677e-05 50961 
5.8315 0.008585858413 7.003986839e-05 50563 
5.8325 0.008702204077 7.040282658e-05 51348 
5.8335 0.008553095067 6.984737123e-05 50210 
5.8345 0.0085902663 7.006634245e-05 50624 
5.8355 0.008470367493 6.948572706e-05 50042 
5.8365 0.008504166457 6.958126335e-05 50479 
5.8375 0.008862598501 7.116691202e-05 51938 
5.8385 0.008646920109 7.030186126e-05 51277 
5.8395 0.008566780415 7.018472129e-05 49744 
5.8405 0.008480986063 6.977962848e-05 49742 
5.8415 0.008568030846 6.998412669e-05 50454 
5.8425 0.008676351618 7.043858636e-05 51892 
5.8435 0.008673438785 7.049801675e-05 51179 
5.8445 0.008682759778 7.074466641e-05 50418 
5.8455 0.008681405396 7.069247349e-05 50468 
5.8465 0.008752978978 7.092210705e-05 51386 
5.8475 0.008490272019 6.971659778e-05 49883 
5.8485 0.00863265424 7.020885374e-05 50858 
5.8495 0.008598665664 7.012663448e-05 50313 
5.8505 0.008567536721 7.021420483e-05 50262 
5.8515 0.008727586279 7.08052327e-05 51124 
5.8525 0.008698194715 7.072184442e-05 51086 
5.8535 0.008555414867 7.002709261e-05 50459 
5.8545 0.008436819765 6.959188973e-05 50080 
5.8555 0.008434847609 6.947907078e-05 49727 
5.8565 0.008719618815 7.092672576e-05 50363 
5.8575 0.008901469941 7.162723546e-05 51929 
5.8585 0.008686818578 7.081983414e-05 50558 
5.8595 0.008618700465 7.064332007e-05 50367 
5.8605 0.008570829536 7.040265397e-05 50109 
5.8615 0.008736187586 7.081780651e-05 51261 
5.8625 0.008742625067 7.077929629e-05 51239 
5.8635 0.00852472372 7.000132541e-05 50156 
5.8645 0.008680022138 7.091804799e-05 50386 
5.8655 0.008730137076 7.085054366e-05 51101 
5.8665 0.008777005047 7.108800716e-05 51166 
5.8675 0.008545430575 7.014604323e-05 50310 
5.8685 0.008773806665 7.109454592e-05 50965 
5.8695 0.008616221787 7.041509217e-05 50090 
5.8705 0.008833969457 7.148634816e-05 51406 
5.8715 0.008742528896 7.139054799e-05 50520 
5.8725 0.008591771426 7.049840346e-05 50241 
5.8735 0.008776433521 7.131912699e-05 50880 
5.8745 0.008707837691 7.088406722e-05 50549 
5.8755 0.008571753549 7.044822226e-05 50403 
5.8765 0.008777395469 7.142912286e-05 50750 
5.8775 0.008507298688 6.994445028e-05 49553 
5.8785 0.008768474326 7.122664725e-05 51053 
5.8795 0.008806267698 7.143224007e-05 51338 
5.8805 0.008579849316 7.059937567e-05 50316 
5.8815 0.008817383953 7.160348235e-05 50442 
5.8825 0.008606204143 7.060726815e-05 50072 
5.8835 0.008765783334 7.128290946e-05 50798 
5.8845 0.008663911665 7.109017436e-05 50113 
5.8855 0.008807176432 7.154089215e-05 51326 
5.8865 0.008809473931 7.145306642e-05 51073 
5.8875 0.008708963394 7.121065143e-05 50461 
5.8885 0.00854798326 7.042192583e-05 49878 
5.8895 0.008709356113 7.106349925e-05 50568 
5.8905 0.008767473732 7.143999252e-05 50706 
5.8915 0.008608064973 7.055594613e-05 50446 
5.8925 0.008730536734 7.126912804e-05 50423 
5.8935 0.008864992679 7.2031886e-05 50670 
5.8945 0.008754415782 7.13465434e-05 50663 
5.8955 0.008928471693 7.232243909e-05 51195 
5.8965 0.008701183154 7.110344055e-05 50806 
5.8975 0.008784136904 7.173738238e-05 50244 
5.8985 0.008646133747 7.091614124e-05 50372 
5.8995 0.008696873296 7.104493507e-05 51198 
5.9005 0.008926082388 7.225632525e-05 51137 
5.9015 0.008936964313 7.241040109e-05 50938 
5.9025 0.008783192562 7.16430685e-05 50717 
5.9035 0.008681234721 7.117028262e-05 50090 
5.9045 0.008748332 7.146366364e-05 50876 
5.9055 0.008917961994 7.249399348e-05 50839 
5.9065 0.008707844561 7.128147219e-05 50262 
5.9075 0.00887476989 7.234363001e-05 50099 
5.9085 0.00868470349 7.142704397e-05 49850 
5.9095 0.008837851078 7.186091682e-05 50451 
5.9105 0.008760537001 7.138465931e-05 51028 
5.9115 0.008719576038 7.148062251e-05 50130 
5.9125 0.009024605838 7.253930558e-05 52207 
5.9135 0.008900338685 7.207889394e-05 51782 
5.9145 0.008797239722 7.193704179e-05 50261 
5.9155 0.008942477428 7.263121234e-05 51159 
5.9165 0.008693717242 7.123489685e-05 50169 
5.9175 0.008823854662 7.209965283e-05 50154 
5.9185 0.008967417061 7.263386896e-05 51256 
5.9195 0.008919458597 7.234114246e-05 51600 
5.9205 0.00899973257 7.270125021e-05 51400 
5.9215 0.008971199133 7.237321128e-05 52400 
5.9225 0.008810425056 7.197312656e-05 50774 
5.9235 0.008997623058 7.277496115e-05 51691 
5.9245 0.008738359261 7.15867898e-05 50058 
5.9255 0.008988391354 7.275825278e-05 50993 
5.9265 0.008693382272 7.123715994e-05 49793 
5.9275 0.00890151327 7.227462689e-05 51465 
5.9285 0.008922319708 7.250662223e-05 50872 
5.9295 0.008916242523 7.248925309e-05 51174 
5.9305 0.008869881511 7.203592951e-05 50919 
5.9315 0.008608183575 7.113281072e-05 49806 
5.9325 0.008604591427 7.102699805e-05 49852 
5.9335 0.008815196094 7.214396463e-05 49945 
5.9345 0.008827731666 7.21903301e-05 50204 
5.9355 0.008827301876 7.20734452e-05 51198 
5.9365 0.008928231575 7.242368453e-05 51198 
5.9375 0.008829512083 7.229120333e-05 50058 
5.9385 0.009024198604 7.297433625e-05 51428 
5.9395 0.008914517576 7.247737832e-05 51087 
5.9405 0.009026600534 7.302564859e-05 51461 
5.9415 0.009301162564 7.443714635e-05 52370 
5.9425 0.00873967192 7.185884777e-05 50052 
5.9435 0.009076191334 7.349951597e-05 51232 
5.9445 0.008825910132 7.227210219e-05 50266 
5.9455 0.009010266406 7.318427289e-05 51070 
5.9465 0.009067465675 7.332587693e-05 51306 
5.9475 0.008832147914 7.221188935e-05 50425 
5.9485 0.008889374554 7.272741992e-05 50223 
5.9495 0.008932392486 7.291932879e-05 50220 
5.9505 0.008845140352 7.232057833e-05 50162 
5.9515 0.008905614573 7.262897589e-05 50682 
5.9525 0.008999653408 7.316125534e-05 50588 
5.9535 0.009080413165 7.347789789e-05 51346 
5.9545 0.009023765408 7.332338563e-05 50958 
5.9555 0.008907683354 7.255100262e-05 51235 
5.9565 0.009071012369 7.360427312e-05 50696 
5.9575 0.008847571882 7.267078191e-05 50082 
5.9585 0.008965165817 7.286153179e-05 51084 
5.9595 0.008893536996 7.26301099e-05 50488 
5.9605 0.009089084357 7.367317984e-05 51501 
5.9615 0.009108196604 7.36514346e-05 51004 
5.9625 0.008916375934 7.302237645e-05 49840 
5.9635 0.009293479954 7.467041795e-05 51912 
5.9645 0.009027451016 7.337899638e-05 50550 
5.9655 0.00907322247 7.362538739e-05 51159 
5.9665 0.009015567119 7.321032823e-05 51439 
5.9675 0.009247640524 7.443971489e-05 51687 
5.9685 0.008905008926 7.296422652e-05 50236 
5.9695 0.008936905092 7.305055095e-05 50626 
5.9705 0.008883732009 7.276276331e-05 49887 
5.9715 0.008918072726 7.293433459e-05 50564 
5.9725 0.009208008183 7.421863896e-05 51192 
5.9735 0.009231041362 7.431124512e-05 51539 
5.9745 0.00893831222 7.285794311e-05 50619 
5.9755 0.008978681516 7.33151536e-05 50398 
5.9765 0.009120964433 7.398183792e-05 51059 
5.9775 0.009100590604 7.398977e-05 50690 
5.9785 0.009126433553 7.411761546e-05 50916 
5.9795 0.009152694591 7.424359169e-05 51112 
5.9805 0.009142046963 7.402378294e-05 51443 
5.9815 0.00910420257 7.410548033e-05 50449 
5.9825 0.00907969463 7.375246058e-05 50555 
5.9835 0.008938236267 7.299724221e-05 50743 
5.9845 0.009043590283 7.374646909e-05 50543 
5.9855 0.008977603931 7.347308598e-05 50828 
5.9865 0.008979244852 7.33884952e-05 50537 
5.9875 0.008879522116 7.327464734e-05 49461 
5.9885 0.009043138034 7.374689713e-05 50920 
5.9895 0.009003725766 7.378215495e-05 49563 
5.9905 0.009186165679 7.437898205e-05 50881 
5.9915 0.009167828073 7.433394144e-05 51197 
5.9925 0.009158288652 7.432789854e-05 51441 
5.9935 0.009061179657 7.411711593e-05 50460 
5.9945 0.009310419464 7.510515789e-05 51602 
5.9955 0.009071164432 7.379182207e-05 50687 
5.9965 0.009050632482 7.394190302e-05 49905 
5.9975 0.009028740397 7.359458627e-05 51128 
5.9985 0.009142332391 7.437067841e-05 50741 
5.9995 0.009241639839 7.474012843e-05 51424 
6.0005 0.008868149597 7.294326374e-05 49806 
6.0015 0.008892069811 7.329170636e-05 49680 
6.0025 0.009257772983 7.496909796e-05 51210 
6.0035 0.009183793981 7.458571691e-05 51016 
6.0045 0.009046668137 7.402233344e-05 50111 
6.0055 0.00913609513 7.424061455e-05 51189 
6.0065 0.009025646648 7.372866086e-05 50739 
6.0075 0.008983338742 7.373010399e-05 50305 
6.0085 0.009248472426 7.479040889e-05 51163 
6.0095 0.008787100024 7.290214203e-05 49524 
6.0105 0.009038248832 7.391598134e-05 50692 
6.0115 0.00920655725 7.469046579e-05 50871 
6.0125 0.009143952653 7.456507743e-05 50224 
6.0135 0.009206162434 7.451782762e-05 51577 
6.0145 0.009040539163 7.394424422e-05 50687 
6.0155 0.009062917857 7.409640752e-05 50609 
6.0165 0.009023579552 7.405824546e-05 50017 
6.0175 0.008889101603 7.344382701e-05 49444 
6.0185 0.009138441529 7.435351907e-05 50835 
6.0195 0.009069664252 7.412039726e-05 50156 
6.0205 0.00936309452 7.543686604e-05 51583 
6.0215 0.009205961584 7.492206976e-05 50568 
6.0225 0.009264453693 7.516024194e-05 50814 
6.0235 0.0091977616 7.476243281e-05 50831 
6.0245 0.009447967846 7.592532319e-05 51970 
6.0255 0.009146305766 7.485603844e-05 50001 
6.0265 0.009203595878 7.486334574e-05 50607 
6.0275 0.009281684603 7.514227196e-05 50963 
6.0285 0.009139051967 7.468603569e-05 50145 
6.0295 0.009034589057 7.410234884e-05 50214 
6.0305 0.009415312089 7.583684638e-05 51700 
6.0315 0.009141311599 7.455386286e-05 50460 
6.0325 0.009232830008 7.526492327e-05 50706 
6.0335 0.009040919246 7.40316863e-05 50503 
6.0345 0.009156950338 7.502931928e-05 50360 
6.0355 0.009286703967 7.536476886e-05 50962 
6.0365 0.009138234188 7.469276428e-05 50492 
6.0375 0.009146469753 7.454459687e-05 50498 
6.0385 0.009281135776 7.538972165e-05 51144 
6.0395 0.009070104794 7.42009531e-05 50238 
6.0405 0.009238660551 7.493962226e-05 51333 
6.0415 0.009183200093 7.495542593e-05 50517 
6.0425 0.009190298029 7.486994974e-05 50880 
6.0435 0.009150541017 7.478234257e-05 50048 
6.0445 0.00934963495 7.550774181e-05 51382 
6.0455 0.009151682491 7.477259371e-05 50255 
6.0465 0.009181585814 7.500481504e-05 50362 
6.0475 0.008921806199 7.390162617e-05 49302 
6.0485 0.009153693024 7.478919618e-05 50790 
6.0495 0.009644341069 7.710570604e-05 52209 
6.0505 0.009180529777 7.490437243e-05 50841 
6.0515 0.009030492907 7.432553568e-05 50394 
6.0525 0.009128569699 7.472613522e-05 50506 
6.0535 0.009242748993 7.530989048e-05 50558 
6.0545 0.009458040411 7.604486302e-05 51872 
6.0555 0.009308090913 7.579802072e-05 50488 
6.0565 0.009068513626 7.469830545e-05 49602 
6.0575 0.009165546156 7.51385529e-05 50070 
6.0585 0.00921985495 7.525657814e-05 50697 
6.0595 0.00911023662 7.487123418e-05 49990 
6.0605 0.009388147221 7.609498163e-05 50882 
6.0615 0.009211084816 7.541283375e-05 50161 
6.0625 0.009172941231 7.523995719e-05 50043 
6.0635 0.009256154194 7.557350991e-05 50292 
6.0645 0.009589349065 7.676307108e-05 52229 
6.0655 0.009262055736 7.559645019e-05 50086 
6.0665 0.009336319939 7.586150984e-05 51424 
6.0675 0.009245860146 7.546476399e-05 50440 
6.0685 0.00922928615 7.545210252e-05 50511 
6.0695 0.009132291262 7.510991558e-05 49685 
6.0705 0.009351031027 7.593422934e-05 50893 
6.0715 0.009143512422 7.499753089e-05 50648 
6.0725 0.009312876641 7.597391549e-05 50268 
6.0735 0.009311097394 7.57565283e-05 50711 
6.0745 0.009164498 7.51846077e-05 49997 
6.0755 0.009481746275 7.664748646e-05 51416 
6.0765 0.009499368994 7.660896475e-05 51523 
6.0775 0.009167794881 7.543907063e-05 49555 
6.0785 0.009259390476 7.561728749e-05 50650 
6.0795 0.009277755203 7.56961068e-05 50485 
6.0805 0.009139991527 7.50543218e-05 50375 
6.0815 0.009249530322 7.559082182e-05 50397 
6.0825 0.009149553782 7.484826585e-05 50425 
6.0835 0.009344487813 7.606719572e-05 50687 
6.0845 0.009304582767 7.59550991e-05 50833 
6.0855 0.009310367935 7.606230882e-05 50589 
6.0865 0.009355274465 7.639893394e-05 50120 
6.0875 0.009576477106 7.724437715e-05 51907 
6.0885 0.009414134746 7.639919788e-05 51188 
6.0895 0.009360803817 7.618261027e-05 50490 
6.0905 0.009340253301 7.619002378e-05 50691 
6.0915 0.009304737695 7.605934019e-05 50338 
6.0925 0.009209983419 7.536980583e-05 50418 
6.0935 0.009226775699 7.551116805e-05 50757 
6.0945 0.009247401661 7.578782007e-05 50486 
6.0955 0.009326634256 7.61073471e-05 50562 
6.0965 0.009480572851 7.679739932e-05 51147 
6.0975 0.009251339854 7.578563912e-05 50262 
6.0985 0.009201671766 7.553901406e-05 49835 
6.0995 0.00947353539 7.668630427e-05 51452 
6.1005 0.009465900245 7.674032273e-05 51168 
6.1015 0.009267324678 7.588457933e-05 50308 
6.1025 0.00923261793 7.563614133e-05 50710 
6.1035 0.008994634142 7.46185712e-05 49520 
6.1045 0.009303835701 7.601329966e-05 50608 
6.1055 0.009445510361 7.677417165e-05 51038 
6.1065 0.00933888536 7.645513595e-05 50052 
6.1075 0.009161370562 7.547015592e-05 50244 
6.1085 0.009400131423 7.647572748e-05 50931 
6.1095 0.009525949184 7.73089574e-05 51001 
6.1105 0.00936377678 7.636761469e-05 50758 
6.1115 0.009229349034 7.61130883e-05 49759 
6.1125 0.009389862336 7.647203033e-05 50474 
6.1135 0.009454792371 7.690249739e-05 50383 
6.1145 0.009235866896 7.603862989e-05 49568 
6.1155 0.009188619746 7.574258774e-05 49756 
6.1165 0.009385279479 7.67103096e-05 50408 
6.1175 0.009393915065 7.682266772e-05 50361 
6.1185 0.00924975097 7.604028433e-05 50308 
6.1195 0.009427183122 7.698012634e-05 50688 
6.1205 0.009634072706 7.778314135e-05 51363 
6.1215 0.009495952817 7.72333868e-05 50959 
6.1225 0.009577492777 7.725451787e-05 51610 
6.1235 0.009639617861 7.795507052e-05 51183 
6.1245 0.00961107296 7.758056951e-05 51660 
6.1255 0.009255590997 7.614823939e-05 49585 
6.1265 0.00945957627 7.71863312e-05 50415 
6.1275 0.009454249372 7.709076118e-05 50686 
6.1285 0.009442071818 7.698455618e-05 50902 
6.1295 0.009487201446 7.723911675e-05 50724 
6.1305 0.009273330284 7.623738472e-05 49938 
6.1315 0.009469123622 7.714174452e-05 50606 
6.1325 0.009489244988 7.748611609e-05 50218 
6.1335 0.009500487517 7.744822754e-05 50174 
6.1345 0.009485792765 7.742086485e-05 50505 
6.1355 0.009557196527 7.762837678e-05 51032 
6.1365 0.009926840448 7.955716154e-05 52005 
6.1375 0.00939925874 7.670559774e-05 50358 
6.1385 0.009469752634 7.723187293e-05 50447 
6.1395 0.009496147815 7.751807044e-05 50135 
6.1405 0.009358262292 7.675898087e-05 50188 
6.1415 0.009466737898 7.743644836e-05 50304 
6.1425 0.009437001713 7.718238176e-05 50462 
6.1435 0.009541510022 7.741001123e-05 50761 
6.1445 0.009450232627 7.735984234e-05 50384 
6.1455 0.009678338281 7.820181304e-05 51315 
6.1465 0.009481688024 7.736745915e-05 50627 
6.1475 0.0093231772 7.652526038e-05 50350 
6.1485 0.009618439187 7.796328366e-05 51241 
6.1495 0.009435257512 7.748945098e-05 49583 
6.1505 0.009488050412 7.733530322e-05 50689 
6.1515 0.009542788927 7.767025015e-05 50506 
6.1525 0.009606783297 7.775023322e-05 51825 
6.1535 0.009570755676 7.789859374e-05 50431 
6.1545 0.009744487087 7.866020699e-05 51730 
6.1555 0.009376625251 7.708579992e-05 49694 
6.1565 0.009617017217 7.81119312e-05 51014 
6.1575 0.009510297555 7.760944297e-05 50575 
6.1585 0.009374329717 7.724882995e-05 49756 
6.1595 0.009532470837 7.760629573e-05 50621 
6.1605 0.009336403308 7.691711805e-05 49560 
6.1615 0.009518212275 7.744330653e-05 50608 
6.1625 0.009512066506 7.773338043e-05 50467 
6.1635 0.009842628372 7.91393109e-05 51616 
6.1645 0.009769213904 7.907923277e-05 51008 
6.1655 0.009688686689 7.864634966e-05 50348 
6.1665 0.009528533877 7.788488296e-05 50336 
6.1675 0.009644092002 7.851811452e-05 50860 
6.1685 0.009707875238 7.864815697e-05 51382 
6.1695 0.009667182359 7.8373978e-05 51186 
6.1705 0.009577974993 7.807330938e-05 50875 
6.1715 0.009701160105 7.880212109e-05 50843 
6.1725 0.00957444469 7.827808727e-05 50376 
6.1735 0.009474612069 7.754564792e-05 50065 
6.1745 0.009498411306 7.788555524e-05 50583 
6.1755 0.009563584267 7.79461418e-05 50728 
6.1765 0.009363086044 7.724501639e-05 49943 
6.1775 0.009388657737 7.740742433e-05 50043 
6.1785 0.009699825523 7.897640261e-05 50774 
6.1795 0.009659596228 7.857176117e-05 50709 
6.1805 0.009456204105 7.774901637e-05 49947 
6.1815 0.0095622441 7.824881248e-05 50811 
6.1825 0.009618240423 7.855099909e-05 50265 
6.1835 0.009472523705 7.78062573e-05 50131 
6.1845 0.009548952747 7.805168995e-05 50374 
6.1855 0.00960786945 7.837622235e-05 50544 
6.1865 0.009788627275 7.904729711e-05 51337 
6.1875 0.009534600847 7.818788247e-05 50423 
6.1885 0.009836941911 7.935525701e-05 51580 
6.1895 0.009542955148 7.811021267e-05 50028 
6.1905 0.009463646228 7.778613352e-05 49776 
6.1915 0.009679303035 7.873669629e-05 50685 
6.1925 0.009714324421 7.901610744e-05 50996 
6.1935 0.009624349856 7.862831115e-05 50797 
6.1945 0.009627788307 7.865210132e-05 50440 
6.1955 0.009404381811 7.757826222e-05 49517 
6.1965 0.0097385046 7.918740408e-05 50796 
6.1975 0.009618123707 7.85897369e-05 50326 
6.1985 0.009738212342 7.929764599e-05 50357 
6.1995 0.009880903954 7.976940072e-05 51621 
6.2005 0.009652482245 7.869076387e-05 50466 
6.2015 0.009669409667 7.876495718e-05 50179 
6.2025 0.009582465548 7.857059007e-05 50258 
6.2035 0.009745407833 7.924943511e-05 51087 
6.2045 0.009569819393 7.843081048e-05 50303 
6.2055 0.009576084983 7.843669622e-05 50475 
6.2065 0.00967323829 7.885386902e-05 50713 
6.2075 0.009812043316 7.956019856e-05 50951 
6.2085 0.009699067951 7.902912578e-05 50804 
6.2095 0.009641894686 7.859756983e-05 51104 
6.2105 0.009775711961 7.944181837e-05 50662 
6.2115 0.00994227498 8.038268033e-05 51192 
6.2125 0.009768885128 7.935234023e-05 50975 
6.2135 0.009519680237 7.82217094e-05 50106 
6.2145 0.009746213311 7.94620308e-05 50703 
6.2155 0.009572138129 7.849326391e-05 50180 
6.2165 0.009835373005 7.961013278e-05 51232 
6.2175 0.009777513342 7.954999594e-05 50871 
6.2185 0.009826476093 7.988189765e-05 50689 
6.2195 0.009464252577 7.820081368e-05 49655 
6.2205 0.009925754938 8.013276258e-05 51236 
6.2215 0.009655926983 7.90396138e-05 49930 
6.2225 0.009396068203 7.817799707e-05 48688 
6.2235 0.009578329619 7.886249061e-05 49873 
6.2245 0.009473279655 7.835703254e-05 49276 
6.2255 0.00973800069 7.928892533e-05 50999 
6.2265 0.009655882051 7.912179888e-05 50262 
6.2275 0.009807375728 7.9831592e-05 50389 
6.2285 0.009878446986 8.005432888e-05 51078 
6.2295 0.009952127149 8.033898142e-05 51204 
6.2305 0.009715933842 7.918778062e-05 50621 
6.2315 0.009686735356 7.908286379e-05 50386 
6.2325 0.009757916036 7.964809593e-05 50820 
6.2335 0.009700208688 7.925000445e-05 50614 
6.2345 0.009829148714 7.999588204e-05 51166 
6.2355 0.01005564593 8.110149749e-05 51748 
6.2365 0.009482211645 7.845506842e-05 49505 
6.2375 0.009855505867 8.025278019e-05 50900 
6.2385 0.009761357793 7.962052273e-05 50390 
6.2395 0.009664330573 7.919696896e-05 50033 
6.2405 0.009872160054 8.023684726e-05 50576 
6.2415 0.009736302989 7.964541697e-05 50211 
6.2425 0.009795434544 7.978157647e-05 50451 
6.2435 0.00961929938 7.912150378e-05 49586 
6.2445 0.009850159848 8.00670614e-05 51180 
6.2455 0.009803835937 8.009574047e-05 50442 
6.2465 0.009878503103 8.027337073e-05 50925 
6.2475 0.00990376102 8.030816018e-05 51141 
6.2485 0.0095472164 7.878402503e-05 49894 
6.2495 0.009748735521 7.985141969e-05 50137 
6.2505 0.00986095094 8.025784952e-05 50403 
6.2515 0.009783589083 8.002670452e-05 50616 
6.2525 0.00983382966 8.015337172e-05 50980 
6.2535 0.00962349271 7.916996395e-05 49816 
6.2545 0.009810633135 8.012701216e-05 50319 
6.2555 0.009734861238 7.997000233e-05 49377 
6.2565 0.009961537752 8.089077178e-05 50693 
6.2575 0.009717096121 7.98827222e-05 49833 
6.2585 0.00984177909 8.028280205e-05 50244 
6.2595 0.0099726274 8.099158381e-05 50906 
6.2605 0.009860621015 8.055257252e-05 50170 
6.2615 0.0100878018 8.143994717e-05 51207 
6.2625 0.009685480433 7.969013219e-05 49688 
6.2635 0.00992664519 8.066587836e-05 50793 
6.2645 0.009815352284 8.015390054e-05 50995 
6.2655 0.009632284381 7.934294899e-05 50296 
6.2665 0.009809994064 8.01834633e-05 50584 
6.2675 0.009655290756 7.966436418e-05 50254 
6.2685 0.009774360045 7.997360161e-05 50177 
6.2695 0.009716021628 7.986568522e-05 50143 
6.2705 0.009899722836 8.093404896e-05 50334 
6.2715 0.009900631344 8.034659857e-05 50882 
6.2725 0.009880167316 8.065740838e-05 50543 
6.2735 0.01002357476 8.144006162e-05 50831 
6.2745 0.009837364361 8.054282621e-05 50157 
6.2755 0.01002199951 8.10566544e-05 51623 
6.2765 0.00982130231 8.050787711e-05 49898 
6.2775 0.009880337202 8.082255685e-05 50375 
6.2785 0.009935981903 8.060491459e-05 51050 
6.2795 0.009959172571 8.088533985e-05 51457 
6.2805 0.009949712133 8.098927201e-05 50808 
6.2815 0.009847710742 8.076958869e-05 50274 
6.2825 0.009913674591 8.077642323e-05 50645 
6.2835 0.009804596534 8.016392685e-05 50472 
6.2845 0.009910651635 8.059986143e-05 51307 
6.2855 0.009925449902 8.08409275e-05 50490 
6.2865 0.00980871202 8.036817325e-05 49843 
6.2875 0.01004195485 8.177239237e-05 50210 
6.2885 0.009945123222 8.130153624e-05 50386 
6.2895 0.009963333882 8.111664053e-05 50610 
6.2905 0.01011528429 8.218867246e-05 50434 
6.2915 0.009908449637 8.099431428e-05 50716 
6.2925 0.009905064209 8.072677828e-05 50880 
6.2935 0.009973758291 8.143859582e-05 50338 
6.2945 0.009824704259 8.053808441e-05 50097 
6.2955 0.009923918648 8.076288706e-05 51243 
6.2965 0.01024202216 8.243462013e-05 52321 
6.2975 0.009716182463 8.003513361e-05 49652 
6.2985 0.009908037944 8.103849235e-05 50586 
6.2995 0.009889775353 8.090962548e-05 49954 
6.3005 0.009906836914 8.116004119e-05 50110 
6.3015 0.01030917439 8.297556377e-05 51833 
6.3025 0.0101245381 8.21034799e-05 50864 
6.3035 0.01033644805 8.295787623e-05 51663 
6.3045 0.009886893371 8.117933406e-05 49939 
6.3055 0.01006975937 8.194979834e-05 50827 
6.3065 0.01002427622 8.142609392e-05 51045 
6.3075 0.01000594771 8.152403569e-05 50739 
6.3085 0.009916971579 8.141316011e-05 49633 
6.3095 0.01022002605 8.247150133e-05 51591 
6.3105 0.009851448002 8.111482112e-05 49520 
6.3115 0.00993368743 8.129011133e-05 50561 
6.3125 0.0101798438 8.226882989e-05 51498 
6.3135 0.009763991491 8.048572508e-05 49842 
6.3145 0.009979882332 8.141407756e-05 50397 
6.3155 0.00976980072 8.058563973e-05 49644 
6.3165 0.01029725525 8.294537261e-05 51826 
6.3175 0.01023170569 8.270700668e-05 51224 
6.3185 0.009964974366 8.127643536e-05 50865 
6.3195 0.0102311596 8.291914774e-05 50707 
6.3205 0.01009480328 8.219766844e-05 50422 
6.3215 0.010109409 8.213668245e-05 50764 
6.3225 0.01017331808 8.246411227e-05 51226 
6.3235 0.01010936385 8.212862055e-05 50564 
6.3245 0.01016012241 8.196898108e-05 51637 
6.3255 0.01013287503 8.238279047e-05 50562 
6.3265 0.01010798501 8.206211109e-05 51182 
6.3275 0.01006651787 8.200797726e-05 50532 
6.3285 0.01002885269 8.188105187e-05 50491 
6.3295 0.0100446577 8.204242637e-05 50326 
6.3305 0.01022460029 8.260018509e-05 50890 
6.3315 0.0103953362 8.344909582e-05 51961 
6.3325 0.0101883428 8.268081478e-05 50570 
6.3335 0.01008551919 8.231659417e-05 50618 
6.3345 0.01033810616 8.351361148e-05 51367 
6.3355 0.01017184057 8.272427538e-05 50926 
6.3365 0.0104107964 8.400471788e-05 51247 
6.3375 0.009929336702 8.152711641e-05 49966 
6.3385 0.009955206624 8.170656266e-05 50098 
6.3395 0.0102616334 8.304772321e-05 51174 
6.3405 0.01023122451 8.311705381e-05 50868 
6.3415 0.01002591426 8.196764026e-05 50744 
6.3425 0.01039754838 8.370435001e-05 51562 
6.3435 0.01025489793 8.308503595e-05 51273 
6.3445 0.01028913196 8.351222874e-05 50718 
6.3455 0.01015799682 8.279363736e-05 50549 
6.3465 0.01031597361 8.345287745e-05 51170 
6.3475 0.01021879235 8.286065765e-05 51302 
6.3485 0.01002187987 8.223527792e-05 49498 
6.3495 0.0100916963 8.23975631e-05 50727 
6.3505 0.01009203151 8.227911903e-05 50588 
6.3515 0.01031206739 8.328649544e-05 51551 
6.3525 0.01015075766 8.294434985e-05 50129 
6.3535 0.00997372785 8.197277269e-05 49913 
6.3545 0.009969899073 8.187001318e-05 50023 
6.3555 0.01040261664 8.399520449e-05 51160 
6.3565 0.009948123645 8.193496007e-05 49550 
6.3575 0.01032137085 8.343259766e-05 51659 
6.3585 0.01014755221 8.284502525e-05 50634 
6.3595 0.01012051598 8.245503493e-05 50545 
6.3605 0.01022981327 8.303628585e-05 50855 
6.3615 0.01016198082 8.27037562e-05 50685 
6.3625 0.01014051688 8.287151126e-05 49842 
6.3635 0.01016883176 8.268215882e-05 50726 
6.3645 0.01017758346 8.298758837e-05 50630 
6.3655 0.01020607231 8.321194385e-05 50648 
6.3665 0.01029096799 8.354973429e-05 50392 
6.3675 0.01018745504 8.313959701e-05 50152 
6.3685 0.01016033349 8.313967296e-05 50305 
6.3695 0.01005220766 8.256971612e-05 50173 
6.3705 0.01016766069 8.279433222e-05 50733 
6.3715 0.01032799713 8.378112992e-05 51611 
6.3725 0.009909542835 8.198532582e-05 49125 
6.3735 0.01012780837 8.300989947e-05 50191 
6.3745 0.01034635214 8.387371698e-05 51124 
6.3755 0.01021403931 8.343669297e-05 50058 
6.3765 0.009986275362 8.219910654e-05 49786 
6.3775 0.01033723376 8.378443803e-05 50976 
6.3785 0.01021570814 8.301908094e-05 51360 
6.3795 0.01043801356 8.431416188e-05 51104 
6.3805 0.01013008475 8.308916193e-05 50343 
6.3815 0.01015738073 8.31649947e-05 50072 
6.3825 0.01022222674 8.32858408e-05 50668 
6.3835 0.0101653542 8.319549918e-05 50349 
6.3845 0.01011995517 8.314770429e-05 49704 
6.3855 0.01009938308 8.302147705e-05 49492 
6.3865 0.01026377538 8.367581222e-05 50407 
6.3875 0.01042962752 8.442399919e-05 51178 
6.3885 0.01028911992 8.391983603e-05 50732 
6.3895 0.01001764692 8.287314807e-05 49057 
6.3905 0.01025286518 8.33844969e-05 50879 
6.3915 0.01013433676 8.310705881e-05 49940 
6.3925 0.01030331329 8.429481757e-05 50053 
6.3935 0.01014089676 8.309920055e-05 50023 
6.3945 0.01040516956 8.434776267e-05 50992 
6.3955 0.01014872367 8.30767509e-05 50191 
6.3965 0.01020396395 8.322214356e-05 50284 
6.3975 0.01025830863 8.382132852e-05 49957 
6.3985 0.01015112637 8.337263719e-05 49799 
6.3995 0.01040575281 8.427527014e-05 51031 
6.4005 0.01033466805 8.416836395e-05 50326 
6.4015 0.01039126086 8.431615286e-05 50477 
6.4025 0.01027465431 8.385796466e-05 50425 
6.4035 0.01036450307 8.435841832e-05 50542 
6.4045 0.01049949585 8.505036942e-05 51182 
6.4055 0.01040532118 8.439834066e-05 50889 
6.4065 0.01013266613 8.342557103e-05 49666 
6.4075 0.01011759203 8.325107597e-05 49582 
6.4085 0.01028880206 8.398313983e-05 50235 
6.4095 0.01039594203 8.438907834e-05 51048 
6.4105 0.01029468396 8.386034849e-05 50456 
6.4115 0.01043308864 8.482212773e-05 50898 
6.4125 0.0103310161 8.42648678e-05 50943 
6.4135 0.01046865757 8.488753126e-05 51286 
6.4145 0.0103265913 8.451179456e-05 49978 
6.4155 0.01031520628 8.422679032e-05 50233 
6.4165 0.01010358294 8.32432812e-05 49656 
6.4175 0.01029708397 8.401462771e-05 50580 
6.4185 0.01024815577 8.382815139e-05 49871 
6.4195 0.01042314015 8.480097566e-05 50446 
6.4205 0.01054127002 8.517571935e-05 51245 
6.4215 0.01043544097 8.478925972e-05 50877 
6.4225 0.01045436926 8.499389054e-05 50846 
6.4235 0.01025619626 8.397902509e-05 50166 
6.4245 0.0102978566 8.435213386e-05 50160 
6.4255 0.01044701865 8.474915286e-05 51338 
6.4265 0.01048494143 8.514471452e-05 50858 
6.4275 0.01047494213 8.498892142e-05 51052 
6.4285 0.01042237282 8.492291973e-05 50901 
6.4295 0.01037859065 8.454097018e-05 50686 
6.4305 0.0102170323 8.429816274e-05 49639 
6.4315 0.0102222704 8.406953883e-05 49868 
6.4325 0.01056207562 8.545264923e-05 51388 
6.4335 0.01037867682 8.478440379e-05 50348 
6.4345 0.01040777375 8.477935502e-05 51210 
6.4355 0.01015329222 8.355084394e-05 49871 
6.4365 0.01048681397 8.541627838e-05 50700 
6.4375 0.01048961785 8.51461415e-05 51065 
6.4385 0.01028794782 8.429907548e-05 50103 
6.4395 0.01026824199 8.425163524e-05 50045 
6.4405 0.01017878147 8.382942454e-05 49709 
6.4415 0.01064935109 8.589883509e-05 51286 
6.4425 0.01061562378 8.599157324e-05 51386 
6.4435 0.0105080432 8.519167844e-05 50934 
6.4445 0.01029640338 8.442724624e-05 50164 
6.4455 0.01036656474 8.458075846e-05 50586 
6.4465 0.01051105432 8.535229329e-05 50866 
6.4475 0.01033908701 8.47118789e-05 49921 
6.4485 0.01060745003 8.588021019e-05 50943 
6.4495 0.0104218802 8.513863099e-05 50400 
6.4505 0.01067015714 8.609371927e-05 51420 
6.4515 0.01044526777 8.543465183e-05 49998 
6.4525 0.01049645891 8.545279195e-05 50911 
6.4535 0.01048355446 8.526909686e-05 51018 
6.4545 0.01048208814 8.531455139e-05 50615 
6.4555 0.010597523 8.596556304e-05 51153 
6.4565 0.01063000412 8.614740943e-05 51118 
6.4575 0.01036131285 8.500031496e-05 50187 
6.4585 0.01056307555 8.600212636e-05 50748 
6.4595 0.01038881176 8.497840855e-05 50636 
6.4605 0.01044340876 8.532815727e-05 50225 
6.4615 0.01022945187 8.428449319e-05 49647 
6.4625 0.01030629909 8.459895743e-05 49659 
6.4635 0.01059557117 8.606044243e-05 50710 
6.4645 0.0102459439 8.451080942e-05 49673 
6.4655 0.01052720624 8.585490423e-05 50310 
6.4665 0.01061059545 8.605348561e-05 50909 
6.4675 0.01050653194 8.562184246e-05 50507 
6.4685 0.01049802296 8.567858428e-05 50710 
6.4695 0.01072903538 8.661223437e-05 51591 
6.4705 0.01038334619 8.519417013e-05 49759 
6.4715 0.01063008156 8.625688479e-05 50522 
6.4725 0.01072647653 8.630602009e-05 51960 
6.4735 0.01049478857 8.579414024e-05 49970 
6.4745 0.01055191621 8.59380485e-05 50335 
6.4755 0.01037854801 8.530019534e-05 49848 
6.4765 0.010502672 8.574427244e-05 50494 
6.4775 0.0105412236 8.578477162e-05 50208 
6.4785 0.01037718613 8.526492704e-05 49935 
6.4795 0.01030180497 8.478625415e-05 49638 
6.4805 0.01039810512 8.532647618e-05 49960 
6.4815 0.01068336838 8.662597807e-05 50876 
6.4825 0.01053079153 8.597935487e-05 50281 
6.4835 0.0104893355 8.576308014e-05 50644 
6.4845 0.01081826945 8.723994883e-05 51797 
6.4855 0.01061368845 8.638241431e-05 50885 
6.4865 0.01054054267 8.637711848e-05 50209 
6.4875 0.01043716694 8.560146047e-05 49729 
6.4885 0.01053144761 8.625936465e-05 50183 
6.4895 0.01055979073 8.620588663e-05 50249 
6.4905 0.01069431518 8.688117589e-05 51025 
6.4915 0.01080691952 8.719811299e-05 51293 
6.4925 0.01037630669 8.559602361e-05 49262 
6.4935 0.01088193228 8.752133982e-05 52107 
6.4945 0.01066923035 8.674155279e-05 50961 
6.4955 0.01089295143 8.77778826e-05 51968 
6.4965 0.01049929021 8.585576997e-05 50402 
6.4975 0.01084270453 8.751127371e-05 50900 
6.4985 0.01063478777 8.639306819e-05 51057 
6.4995 0.01044575031 8.575485899e-05 49790 
