# Format: McCode with text headers
# URL: http://www.mccode.org
# Creator:  3.5.2, git
# Instrument: Airport_scannerII.instr
# Ncount: 1000000
# Trace: no
# Gravitation: no
# Seed: 1728639420435999
# Directory: Scan_Src_Quasi/17
# Param: SFILE=input_abs_objects_template.dat
# Param: ANGLE=0
# Param: posX=-0.175
# Param: posY=-0.3
# Param: posZ=0
# Param: Ncount=0
# Date: Fri Oct 11 09:37:04 2024 (1728639424)
# type: array_1d(101)
# Source: Airp_scannerII (Airport_scannerII.instr)
# component: emon
# position: 0 0 0.11
# title: Energy monitor
# Ncount: 1000000
# filename: emon.dat
# statistics: X0=69.9446; dX=39.8464;
# signal: Min=0; Max=0.014628; Mean=0.00990099;
# values: 1 0.001 1e+06
# xvar: E
# yvar: (I,I_err)
# xlabel: Energy [keV]
# ylabel: Intensity
# xlimits: 0 200
# variables: E I I_err N
0.9900990099 0.007112 8.433267457e-05 7112 
2.97029703 0.014341 0.0001197539143 14341 
4.95049505 0.014371 0.0001198791058 14371 
6.930693069 0.014383 0.0001199291457 14383 
8.910891089 0.014218 0.0001192392553 14218 
10.89108911 0.014497 0.0001204034883 14497 
12.87128713 0.014416 0.0001200666482 14416 
14.85148515 0.014231 0.0001192937551 14231 
16.83168317 0.014342 0.0001197580895 14342 
18.81188119 0.014433 0.0001201374213 14433 
20.79207921 0.014537 0.000120569482 14537 
22.77227723 0.014251 0.0001193775523 14251 
24.75247525 0.014295 0.0001195616996 14295 
26.73267327 0.014405 0.0001200208315 14405 
28.71287129 0.014317 0.0001196536669 14317 
30.69306931 0.01451 0.0001204574614 14510 
32.67326733 0.014324 0.0001196829144 14324 
34.65346535 0.014628 0.0001209462691 14628 
36.63366337 0.014383 0.0001199291457 14383 
38.61386139 0.01434 0.000119749739 14340 
40.59405941 0.014442 0.0001201748726 14442 
42.57425743 0.014567 0.0001206938275 14567 
44.55445545 0.01436 0.0001198332174 14360 
46.53465347 0.014349 0.0001197873115 14349 
48.51485149 0.014266 0.0001194403617 14266 
50.4950495 0.014308 0.0001196160524 14308 
52.47524752 0.014368 0.0001198665925 14368 
54.45544554 0.01441 0.0001200416594 14410 
56.43564356 0.01409 0.0001187013058 14090 
58.41584158 0.014344 0.0001197664394 14344 
60.3960396 0.014393 0.0001199708298 14393 
62.37623762 0.014315 0.0001196453091 14315 
64.35643564 0.014377 0.0001199041284 14377 
66.33663366 0.014333 0.0001197205079 14333 
68.31683168 0.014351 0.0001197956594 14351 
70.2970297 0.014443 0.0001201790331 14443 
72.27722772 0.014357 0.0001198206994 14357 
74.25742574 0.014461 0.0001202538981 14461 
76.23762376 0.014328 0.0001196996241 14328 
78.21782178 0.014266 0.0001194403617 14266 
80.1980198 0.014375 0.0001198957881 14375 
82.17821782 0.014159 0.0001189915963 14159 
84.15841584 0.014223 0.0001192602197 14223 
86.13861386 0.014175 0.000119058809 14175 
88.11881188 0.014273 0.0001194696614 14273 
90.0990099 0.014416 0.0001200666482 14416 
92.07920792 0.014398 0.0001199916664 14398 
94.05940594 0.014543 0.0001205943614 14543 
96.03960396 0.014519 0.0001204948132 14519 
98.01980198 0.014228 0.0001192811804 14228 
100 0.01444 0.0001201665511 14440 
101.980198 0.014348 0.0001197831374 14348 
103.960396 0.014456 0.0001202331069 14456 
105.9405941 0.014261 0.0001194194289 14261 
107.9207921 0.014139 0.0001189075271 14139 
109.9009901 0.014368 0.0001198665925 14368 
111.8811881 0.014331 0.0001197121548 14331 
113.8613861 0.014367 0.0001198624211 14367 
115.8415842 0.013964 0.00011816937 13964 
117.8217822 0.014261 0.0001194194289 14261 
119.8019802 0.014156 0.0001189789897 14156 
121.7821782 0.01455 0.0001206233808 14550 
123.7623762 0.014562 0.0001206731122 14562 
125.7425743 0.014226 0.0001192727966 14226 
127.7227723 0.014216 0.0001192308685 14216 
129.7029703 0.014232 0.0001192979463 14232 
131.6831683 0.014387 0.0001199458211 14387 
133.6633663 0.014223 0.0001192602197 14223 
135.6435644 0.014507 0.0001204450082 14507 
137.6237624 0.014413 0.0001200541544 14413 
139.6039604 0.002822 5.312249994e-05 2822 
141.5841584 0 0 0 
143.5643564 0 0 0 
145.5445545 0 0 0 
147.5247525 0 0 0 
149.5049505 0 0 0 
151.4851485 0 0 0 
153.4653465 0 0 0 
155.4455446 0 0 0 
157.4257426 0 0 0 
159.4059406 0 0 0 
161.3861386 0 0 0 
163.3663366 0 0 0 
165.3465347 0 0 0 
167.3267327 0 0 0 
169.3069307 0 0 0 
171.2871287 0 0 0 
173.2673267 0 0 0 
175.2475248 0 0 0 
177.2277228 0 0 0 
179.2079208 0 0 0 
181.1881188 0 0 0 
183.1683168 0 0 0 
185.1485149 0 0 0 
187.1287129 0 0 0 
189.1089109 0 0 0 
191.0891089 0 0 0 
193.0693069 0 0 0 
195.049505 0 0 0 
197.029703 0 0 0 
199.009901 0 0 0 
