# Format: McCode with text headers
# URL: http://www.mccode.org
# Creator:  3.5.2, git
# Instrument: templateSANS2.instr
# Ncount: 833333
# Trace: no
# Gravitation: no
# Seed: 1728480918021269
# Directory: LC_scan/8
# Nodes: 12
# Param: lambda=6
# Param: dlambda=0.6
# Param: r=150
# Param: PHI=0.001
# Param: Delta_Rho=6e+10
# Param: frac_dir=0.03
# Param: frac_inc=0.01
# Param: slit1=0.02
# Param: slit2=0.02
# Param: LC=9
# Param: LD=3
# Date: Wed Oct  9 15:35:20 2024 (1728480920)
# type: array_1d(1000)
# Source: templateSANS2 (templateSANS2.instr)
# component: Ldetector
# position: 0 0 12.2
# title: Wavelength monitor
# Ncount: 9999996
# filename: Edet.dat
# statistics: X0=6.02685; dX=0.287807;
# signal: Min=0.0058523; Max=0.00853203; Mean=0.00711086;
# values: 7.11086 0.00208367 3.95248e+07
# xvar: L
# yvar: (I,I_err)
# xlabel: Wavelength [AA]
# ylabel: Intensity
# xlimits: 5.5 6.5
# variables: L I I_err N
5.5005 0.005852299955 5.455599321e-05 39089 
5.5015 0.00612852108 5.607209441e-05 40293 
5.5025 0.005961606923 5.502655145e-05 39684 
5.5035 0.006028104136 5.547930355e-05 39385 
5.5045 0.00594221766 5.503748177e-05 39423 
5.5055 0.006037436255 5.54717526e-05 40037 
5.5065 0.006001538044 5.556391332e-05 39267 
5.5075 0.005881218689 5.462930182e-05 39470 
5.5085 0.005987772841 5.56475337e-05 38735 
5.5095 0.006002252791 5.54656528e-05 39653 
5.5105 0.00590872624 5.504808267e-05 38728 
5.5115 0.005877408664 5.48065992e-05 39029 
5.5125 0.005906018088 5.508844399e-05 39247 
5.5135 0.005968683338 5.547315124e-05 39057 
5.5145 0.005906842735 5.490016113e-05 38976 
5.5155 0.00597138229 5.526954172e-05 39267 
5.5165 0.005958208794 5.538049704e-05 39112 
5.5175 0.006011861119 5.561964821e-05 40069 
5.5185 0.005989675632 5.546440193e-05 39182 
5.5195 0.006139350533 5.613305231e-05 40424 
5.5205 0.005919548322 5.528374603e-05 38451 
5.5215 0.006082021922 5.581819093e-05 39920 
5.5225 0.006008593188 5.53926967e-05 40047 
5.5235 0.006130400695 5.635112204e-05 39641 
5.5245 0.006185377495 5.647162376e-05 40557 
5.5255 0.006134946447 5.639605824e-05 39861 
5.5265 0.005949764214 5.544011839e-05 38942 
5.5275 0.006041129791 5.581404511e-05 39232 
5.5285 0.006100406419 5.607437773e-05 39468 
5.5295 0.006151817145 5.632092821e-05 40221 
5.5305 0.006256926378 5.716924648e-05 40016 
5.5315 0.005939859488 5.56339769e-05 38440 
5.5325 0.006146764544 5.622529383e-05 40504 
5.5335 0.006158859001 5.645382029e-05 40136 
5.5345 0.006045267439 5.581908764e-05 39573 
5.5355 0.006165019903 5.655358035e-05 40052 
5.5365 0.006166745011 5.65796956e-05 39836 
5.5375 0.006015566978 5.585396254e-05 39271 
5.5385 0.006013279949 5.576915936e-05 39674 
5.5395 0.006123009922 5.641341339e-05 39880 
5.5405 0.006051392179 5.604187879e-05 39173 
5.5415 0.006131222186 5.663574537e-05 39339 
5.5425 0.006147281969 5.65676418e-05 39908 
5.5435 0.006076679892 5.611209813e-05 39239 
5.5445 0.006180913925 5.680408746e-05 39911 
5.5455 0.006240775624 5.702717492e-05 40421 
5.5465 0.005977727022 5.569608759e-05 38949 
5.5475 0.005994209845 5.583226369e-05 38898 
5.5485 0.00617845008 5.679846357e-05 39889 
5.5495 0.005915231811 5.537532869e-05 38662 
5.5505 0.006107139077 5.636716212e-05 39541 
5.5515 0.006055682741 5.615106005e-05 39356 
5.5525 0.006251541969 5.707980799e-05 40267 
5.5535 0.005933696691 5.554833573e-05 38795 
5.5545 0.006128140851 5.649518137e-05 39972 
5.5555 0.006062604632 5.636837708e-05 39025 
5.5565 0.006042344226 5.625968142e-05 38905 
5.5575 0.006194041522 5.689091457e-05 40205 
5.5585 0.006332597634 5.750211107e-05 40863 
5.5595 0.006160488368 5.673593729e-05 39778 
5.5605 0.006042036404 5.624815115e-05 39278 
5.5615 0.006003513148 5.585470455e-05 39046 
5.5625 0.006093026988 5.665995482e-05 39137 
5.5635 0.006237638907 5.729625636e-05 39988 
5.5645 0.00616341068 5.687736346e-05 39290 
5.5655 0.006113409399 5.650882111e-05 39307 
5.5665 0.006258350243 5.73621813e-05 40093 
5.5675 0.006010322708 5.612551718e-05 38935 
5.5685 0.006250540558 5.736843332e-05 39878 
5.5695 0.006185903409 5.698776361e-05 39774 
5.5705 0.006217970577 5.718117236e-05 39680 
5.5715 0.006051405464 5.627441725e-05 39385 
5.5725 0.006214167055 5.708524135e-05 40039 
5.5735 0.006328153756 5.76242639e-05 40764 
5.5745 0.006075877001 5.631472349e-05 39647 
5.5755 0.006138978029 5.674926061e-05 39334 
5.5765 0.005970330478 5.588385272e-05 38868 
5.5775 0.006075910244 5.669635134e-05 38805 
5.5785 0.006070855009 5.629466843e-05 39244 
5.5795 0.006107689251 5.676165157e-05 39148 
5.5805 0.006210751856 5.711620291e-05 39504 
5.5815 0.006325756451 5.783207251e-05 40123 
5.5825 0.006034424731 5.624309008e-05 38855 
5.5835 0.006127639873 5.680662691e-05 39211 
5.5845 0.006147231228 5.689112644e-05 39448 
5.5855 0.006181840358 5.691451979e-05 40104 
5.5865 0.006238683987 5.731251592e-05 39915 
5.5875 0.006203488141 5.739210284e-05 39588 
5.5885 0.006217346971 5.734784091e-05 39811 
5.5895 0.006149302226 5.72438736e-05 38897 
5.5905 0.006260717309 5.750960466e-05 39561 
5.5915 0.006309636962 5.778659964e-05 40118 
5.5925 0.006297129579 5.773049414e-05 39826 
5.5935 0.006224518168 5.728429705e-05 40000 
5.5945 0.006378322425 5.834840697e-05 40073 
5.5955 0.006002297394 5.620865915e-05 38888 
5.5965 0.006159475676 5.706538073e-05 39223 
5.5975 0.006246587865 5.736960129e-05 40493 
5.5985 0.006129603916 5.685050979e-05 39287 
5.5995 0.00622103442 5.747243564e-05 39516 
5.6005 0.006249612735 5.761282127e-05 39641 
5.6015 0.006287242989 5.790390952e-05 39256 
5.6025 0.00622705215 5.7584065e-05 39172 
5.6035 0.006108751834 5.7096478e-05 38601 
5.6045 0.00633030476 5.799503801e-05 39959 
5.6055 0.006438464559 5.872142893e-05 40124 
5.6065 0.006104036886 5.695199165e-05 39109 
5.6075 0.006306163276 5.795493828e-05 39798 
5.6085 0.00613619863 5.714243557e-05 39151 
5.6095 0.006269911077 5.792844061e-05 39790 
5.6105 0.00617255582 5.74030549e-05 39259 
5.6115 0.006393845106 5.825659419e-05 40823 
5.6125 0.006240538927 5.768440971e-05 39894 
5.6135 0.006340825285 5.815443061e-05 40060 
5.6145 0.006159937732 5.726911003e-05 38994 
5.6155 0.006237978509 5.773404083e-05 39016 
5.6165 0.006308299069 5.810884603e-05 39667 
5.6175 0.006284405192 5.795376282e-05 39655 
5.6185 0.006388951339 5.84491571e-05 39952 
5.6195 0.006243137567 5.767378394e-05 39444 
5.6205 0.006355781271 5.832592711e-05 39911 
5.6215 0.006297081752 5.780436601e-05 40103 
5.6225 0.006284371757 5.804567804e-05 39230 
5.6235 0.006228320686 5.784938892e-05 39200 
5.6245 0.006162976714 5.735118494e-05 39342 
5.6255 0.006159910703 5.747154797e-05 38799 
5.6265 0.006293424285 5.810893299e-05 39525 
5.6275 0.006278400979 5.81904794e-05 38867 
5.6285 0.006393693716 5.860824947e-05 39938 
5.6295 0.006283175893 5.794948987e-05 39437 
5.6305 0.006363317 5.844674357e-05 39653 
5.6315 0.006242693172 5.780362911e-05 39463 
5.6325 0.006204369209 5.769379682e-05 39034 
5.6335 0.006160211665 5.755726656e-05 38911 
5.6345 0.00631559265 5.835766716e-05 39177 
5.6355 0.006153306188 5.750740199e-05 38777 
5.6365 0.006042435935 5.712962087e-05 37939 
5.6375 0.006441559959 5.881659114e-05 40205 
5.6385 0.006321511283 5.818547685e-05 39665 
5.6395 0.006145953036 5.751382325e-05 38693 
5.6405 0.006455042803 5.883780321e-05 40611 
5.6415 0.006360707067 5.851914755e-05 39779 
5.6425 0.006102514734 5.727328662e-05 38392 
5.6435 0.006241550667 5.798440255e-05 39033 
5.6445 0.006204014051 5.760085457e-05 39329 
5.6455 0.006243479041 5.795560217e-05 39318 
5.6465 0.006258250539 5.809128273e-05 38743 
5.6475 0.006257530917 5.810356944e-05 39249 
5.6485 0.006454821176 5.907435462e-05 40021 
5.6495 0.006294204226 5.844366859e-05 38806 
5.6505 0.006357208092 5.839031959e-05 39986 
5.6515 0.006423277285 5.882011916e-05 40082 
5.6525 0.006130497624 5.748172627e-05 38502 
5.6535 0.006320100921 5.852554928e-05 39059 
5.6545 0.006429481743 5.872966565e-05 40045 
5.6555 0.006254187939 5.811822081e-05 39119 
5.6565 0.006442979285 5.888054465e-05 40078 
5.6575 0.006353343043 5.87638852e-05 39640 
5.6585 0.006345292906 5.85832366e-05 39327 
5.6595 0.006346363295 5.857573226e-05 39891 
5.6605 0.006441933129 5.911101615e-05 39916 
5.6615 0.006496939568 5.928079687e-05 40654 
5.6625 0.006537682545 5.954398929e-05 40265 
5.6635 0.006496475622 5.935195458e-05 39744 
5.6645 0.006378650407 5.874915786e-05 39398 
5.6655 0.006423840365 5.920075224e-05 39764 
5.6665 0.00625789335 5.83116307e-05 39090 
5.6675 0.006419354971 5.90178506e-05 40172 
5.6685 0.006374911617 5.902938388e-05 39251 
5.6695 0.006541014802 5.97138639e-05 40546 
5.6705 0.006254230519 5.810456805e-05 39323 
5.6715 0.006248679898 5.831405307e-05 38598 
5.6725 0.006357450045 5.884856448e-05 39156 
5.6735 0.00650131926 5.94712536e-05 39888 
5.6745 0.006401357276 5.923819646e-05 39676 
5.6755 0.006411740265 5.936139666e-05 39375 
5.6765 0.006496881625 5.95760863e-05 39833 
5.6775 0.006403821826 5.916485191e-05 39862 
5.6785 0.006465983791 5.924439627e-05 39920 
5.6795 0.006498713407 5.952663733e-05 39935 
5.6805 0.006434636796 5.914807614e-05 39632 
5.6815 0.006368966624 5.886232658e-05 39865 
5.6825 0.00637918364 5.8991049e-05 38886 
5.6835 0.006282893618 5.845725126e-05 39171 
5.6845 0.006311730894 5.886230003e-05 38686 
5.6855 0.006367371261 5.904558329e-05 39219 
5.6865 0.00653055679 5.99859274e-05 39715 
5.6875 0.006430265826 5.917912933e-05 39357 
5.6885 0.006466481608 5.948851602e-05 39703 
5.6895 0.006451487411 5.935709311e-05 40009 
5.6905 0.006393902707 5.926033221e-05 38948 
5.6915 0.006455518743 5.951445712e-05 39744 
5.6925 0.006600561377 6.022922507e-05 40238 
5.6935 0.006195003625 5.801744982e-05 38758 
5.6945 0.006391344836 5.910368665e-05 39527 
5.6955 0.006479833468 5.958151333e-05 39600 
5.6965 0.006348526682 5.900557336e-05 39137 
5.6975 0.006256119289 5.856984503e-05 38539 
5.6985 0.006486090685 5.969747513e-05 39704 
5.6995 0.006520469513 5.970796449e-05 40095 
5.7005 0.00641666082 5.925454986e-05 39354 
5.7015 0.006470495521 5.951216962e-05 39769 
5.7025 0.006437308144 5.954869049e-05 39285 
5.7035 0.00638590941 5.938294235e-05 38880 
5.7045 0.006445746087 5.948146213e-05 39305 
5.7055 0.006510913047 6.003772703e-05 39951 
5.7065 0.006509671795 5.998362823e-05 39382 
5.7075 0.006329624345 5.910753421e-05 38840 
5.7085 0.006319855982 5.914891138e-05 38491 
5.7095 0.006588970966 6.020865621e-05 40149 
5.7105 0.006566701939 6.018987611e-05 39775 
5.7115 0.006457635141 5.964686109e-05 39363 
5.7125 0.006507527381 5.977638376e-05 39899 
5.7135 0.006514786017 6.003579126e-05 39517 
5.7145 0.006401105794 5.927946047e-05 39550 
5.7155 0.006446929199 5.971487288e-05 39164 
5.7165 0.006564366366 6.033546348e-05 39662 
5.7175 0.006437374479 5.969516419e-05 39255 
5.7185 0.006567599198 6.034812714e-05 39462 
5.7195 0.006501205814 6.0020936e-05 39368 
5.7205 0.006438301869 5.961480574e-05 39179 
5.7215 0.006732482328 6.104635792e-05 40831 
5.7225 0.006608022595 6.037202101e-05 40269 
5.7235 0.006568187516 6.00761981e-05 40551 
5.7245 0.006466632208 5.990949636e-05 39365 
5.7255 0.006468528242 5.995246615e-05 39242 
5.7265 0.0065685407 6.028167122e-05 40006 
5.7275 0.006506296379 6.010287175e-05 39268 
5.7285 0.006437375799 5.986085387e-05 38799 
5.7295 0.006563098728 6.044742916e-05 40026 
5.7305 0.006456074688 5.991172554e-05 39273 
5.7315 0.006525768849 6.011915259e-05 39518 
5.7325 0.006709445211 6.105121827e-05 40868 
5.7335 0.006447522875 5.993764736e-05 38839 
5.7345 0.006506866415 6.001471475e-05 39650 
5.7355 0.006654713244 6.074830431e-05 40714 
5.7365 0.006574907985 6.037918899e-05 39838 
5.7375 0.006600757688 6.060641154e-05 40418 
5.7385 0.006455152775 5.980220511e-05 39088 
5.7395 0.00649028544 6.009493831e-05 39242 
5.7405 0.006489553307 6.030417191e-05 38912 
5.7415 0.006581614515 6.067695868e-05 39803 
5.7425 0.006479153078 6.017021424e-05 38877 
5.7435 0.006590930224 6.052529198e-05 39451 
5.7445 0.006487096211 6.013490048e-05 39030 
5.7455 0.006447197355 5.993729607e-05 39071 
5.7465 0.006484658204 6.033222668e-05 38639 
5.7475 0.006419575616 5.983657348e-05 38785 
5.7485 0.006479002173 6.030541788e-05 39124 
5.7495 0.006454242734 5.997884207e-05 38950 
5.7505 0.006618096108 6.09490859e-05 39443 
5.7515 0.006594643254 6.08198165e-05 39640 
5.7525 0.006428539797 5.991203764e-05 38796 
5.7535 0.006514239776 6.02361026e-05 39399 
5.7545 0.006672827822 6.128413275e-05 40074 
5.7555 0.006519655633 6.04003404e-05 39370 
5.7565 0.006532669376 6.054096818e-05 39584 
5.7575 0.006644804286 6.120344245e-05 39487 
5.7585 0.006539756512 6.05829516e-05 39273 
5.7595 0.006669732371 6.090151746e-05 40322 
5.7605 0.006377462894 5.99494785e-05 38173 
5.7615 0.006547148833 6.064341534e-05 39084 
5.7625 0.00665794532 6.104747311e-05 40377 
5.7635 0.006530136979 6.069381351e-05 38928 
5.7645 0.006379618432 5.968351442e-05 38645 
5.7655 0.006560808147 6.077143056e-05 39377 
5.7665 0.006708754565 6.165214681e-05 39601 
5.7675 0.006551285667 6.068168124e-05 39245 
5.7685 0.006467227059 6.033919867e-05 38745 
5.7695 0.006637879343 6.110042773e-05 39712 
5.7705 0.006440281094 6.011245234e-05 38768 
5.7715 0.006569096124 6.088925032e-05 39475 
5.7725 0.006647842748 6.142470006e-05 39347 
5.7735 0.006563977201 6.093391544e-05 39186 
5.7745 0.006438291402 6.017416739e-05 38452 
5.7755 0.006524135299 6.058241181e-05 38913 
5.7765 0.006596660997 6.100101427e-05 39776 
5.7775 0.006766880886 6.200125252e-05 39984 
5.7785 0.006574367111 6.085859616e-05 39384 
5.7795 0.006577120209 6.100079144e-05 39148 
5.7805 0.006587991773 6.123355638e-05 38960 
5.7815 0.006598113623 6.110429578e-05 39418 
5.7825 0.006607007267 6.109905921e-05 39573 
5.7835 0.006532554058 6.059369449e-05 39054 
5.7845 0.006447277508 6.038272101e-05 38534 
5.7855 0.006584178477 6.118733684e-05 39131 
5.7865 0.006635727672 6.134701902e-05 39220 
5.7875 0.006642669024 6.146885042e-05 39658 
5.7885 0.006403124386 5.998754857e-05 38760 
5.7895 0.006534533333 6.084495579e-05 38913 
5.7905 0.006702122274 6.163359622e-05 40064 
5.7915 0.006719727821 6.186767658e-05 39606 
5.7925 0.006522728411 6.092292893e-05 38916 
5.7935 0.006560957036 6.109424232e-05 38797 
5.7945 0.0068035972 6.252644203e-05 39557 
5.7955 0.006379022294 6.005381314e-05 38461 
5.7965 0.006529870198 6.084174511e-05 39117 
5.7975 0.006497925401 6.088945258e-05 38497 
5.7985 0.006681511142 6.178236891e-05 39444 
5.7995 0.006713592339 6.206580488e-05 38699 
5.8005 0.006608178222 6.153994654e-05 38729 
5.8015 0.00672656267 6.213014986e-05 38995 
5.8025 0.006650006101 6.171980379e-05 38774 
5.8035 0.00656748438 6.11708384e-05 39100 
5.8045 0.006697944035 6.200837323e-05 39158 
5.8055 0.006576060048 6.133557171e-05 38563 
5.8065 0.006638314295 6.151049801e-05 39196 
5.8075 0.006524775521 6.101944676e-05 38752 
5.8085 0.006688727145 6.190538985e-05 39204 
5.8095 0.006718232155 6.186488459e-05 39845 
5.8105 0.006522904249 6.096398416e-05 38741 
5.8115 0.006558024513 6.125477393e-05 38774 
5.8125 0.00658799371 6.117781804e-05 39052 
5.8135 0.006680397679 6.167912234e-05 39207 
5.8145 0.006480966323 6.059195874e-05 39001 
5.8155 0.006597206303 6.133027658e-05 38694 
5.8165 0.006791327674 6.221903615e-05 39864 
5.8175 0.006690716693 6.163618111e-05 39622 
5.8185 0.006577732435 6.131311721e-05 38814 
5.8195 0.006567500267 6.118066487e-05 39189 
5.8205 0.006635099461 6.149028171e-05 39070 
5.8215 0.006691972583 6.176553373e-05 39841 
5.8225 0.006733930591 6.210425965e-05 39539 
5.8235 0.006637675434 6.152198938e-05 39279 
5.8245 0.006780909343 6.21302121e-05 40342 
5.8255 0.006475558592 6.093551102e-05 38136 
5.8265 0.006617811126 6.146142612e-05 39227 
5.8275 0.006712814888 6.1715644e-05 40083 
5.8285 0.00675976517 6.201191384e-05 39823 
5.8295 0.006631033429 6.147162887e-05 39071 
5.8305 0.006860346086 6.262211905e-05 40260 
5.8315 0.006535174177 6.110871499e-05 38682 
5.8325 0.006795559408 6.243761274e-05 39755 
5.8335 0.006840736655 6.247294037e-05 40443 
5.8345 0.006899507055 6.270443697e-05 40484 
5.8355 0.006844665556 6.264740915e-05 40462 
5.8365 0.006656775132 6.159693402e-05 39297 
5.8375 0.007008359895 6.354120859e-05 40639 
5.8385 0.006729350588 6.219363856e-05 39328 
5.8395 0.006644920343 6.159808749e-05 39218 
5.8405 0.006568158529 6.124041948e-05 38875 
5.8415 0.006845336169 6.256061304e-05 39896 
5.8425 0.006859139821 6.255159443e-05 40270 
5.8435 0.006888575388 6.2830884e-05 40459 
5.8445 0.006706472041 6.20204877e-05 39942 
5.8455 0.00674694976 6.229907148e-05 39542 
5.8465 0.006785187049 6.237653268e-05 39721 
5.8475 0.006673843693 6.175751834e-05 39445 
5.8485 0.006866702919 6.281532508e-05 40132 
5.8495 0.006855629925 6.281271853e-05 39992 
5.8505 0.006717415816 6.185904862e-05 40022 
5.8515 0.006851887935 6.298378769e-05 39398 
5.8525 0.006776261653 6.261076759e-05 39403 
5.8535 0.006683245804 6.193400097e-05 39598 
5.8545 0.006866703979 6.292751407e-05 39564 
5.8555 0.007105544612 6.412260603e-05 41130 
5.8565 0.006760873377 6.262283946e-05 39265 
5.8575 0.00670951607 6.194457428e-05 39512 
5.8585 0.00685203561 6.273862941e-05 39928 
5.8595 0.006684634672 6.179678231e-05 39919 
5.8605 0.006710256383 6.208179642e-05 39329 
5.8615 0.006597885503 6.138471666e-05 38704 
5.8625 0.006998191802 6.360113996e-05 40545 
5.8635 0.006863028141 6.282337253e-05 40084 
5.8645 0.00669695357 6.199834857e-05 39244 
5.8655 0.006712206822 6.209983747e-05 39492 
5.8665 0.006831627037 6.26896025e-05 40224 
5.8675 0.007044664707 6.387373959e-05 40534 
5.8685 0.006698310925 6.213168572e-05 39156 
5.8695 0.007029892207 6.378023894e-05 40821 
5.8705 0.006583234126 6.146574211e-05 38842 
5.8715 0.006989782504 6.364045708e-05 40407 
5.8725 0.006733389152 6.252895796e-05 39049 
5.8735 0.006846504729 6.290623233e-05 39585 
5.8745 0.007065602656 6.407598232e-05 40620 
5.8755 0.006968635004 6.361932827e-05 40181 
5.8765 0.006913807366 6.330884286e-05 40126 
5.8775 0.006788068834 6.252308489e-05 39772 
5.8785 0.006501590064 6.117126229e-05 38551 
5.8795 0.006841822569 6.296630146e-05 39919 
5.8805 0.006949555303 6.344884625e-05 40506 
5.8815 0.006798192993 6.280705565e-05 39594 
5.8825 0.006677590332 6.202040026e-05 39515 
5.8835 0.006964111442 6.357334989e-05 40234 
5.8845 0.006791430425 6.272396992e-05 39855 
5.8855 0.006919245526 6.34796669e-05 39713 
5.8865 0.007058144719 6.410060254e-05 40596 
5.8875 0.006759432178 6.252970529e-05 39220 
5.8885 0.00696643946 6.385044853e-05 39865 
5.8895 0.006852941641 6.31974295e-05 39715 
5.8905 0.006741777662 6.253000569e-05 39167 
5.8915 0.006811152904 6.316079477e-05 39447 
5.8925 0.006934145996 6.343080424e-05 40516 
5.8935 0.006719590128 6.230133026e-05 39336 
5.8945 0.006760705414 6.25838994e-05 39312 
5.8955 0.006962778422 6.377070025e-05 40182 
5.8965 0.006924448291 6.34079452e-05 39996 
5.8975 0.006705849878 6.246160957e-05 38385 
5.8985 0.006935865641 6.365538132e-05 39892 
5.8995 0.006692001345 6.221683825e-05 39353 
5.9005 0.006833900494 6.315115937e-05 39739 
5.9015 0.006798938542 6.295804217e-05 39152 
5.9025 0.007021341759 6.411021899e-05 40438 
5.9035 0.007064445554 6.435438525e-05 40305 
5.9045 0.006743801317 6.262046198e-05 38967 
5.9055 0.006718013488 6.25681162e-05 39244 
5.9065 0.006968037732 6.381493343e-05 39715 
5.9075 0.006756367788 6.285649068e-05 39354 
5.9085 0.006885667226 6.354452516e-05 39291 
5.9095 0.006767433467 6.284672015e-05 39092 
5.9105 0.006757425209 6.285926296e-05 39219 
5.9115 0.006957286433 6.39385155e-05 39894 
5.9125 0.006936432326 6.385083645e-05 39464 
5.9135 0.007002437432 6.41208584e-05 39907 
5.9145 0.006755019603 6.312626014e-05 38751 
5.9155 0.007098352969 6.473081029e-05 40120 
5.9165 0.006940860731 6.403377626e-05 39521 
5.9175 0.006933000711 6.385189186e-05 39843 
5.9185 0.006805098038 6.312422073e-05 39273 
5.9195 0.006998256937 6.436719325e-05 39531 
5.9205 0.006814624583 6.337211268e-05 39023 
5.9215 0.006900945595 6.383000727e-05 39487 
5.9225 0.00680584601 6.308434019e-05 39632 
5.9235 0.006749034337 6.274834743e-05 39586 
5.9245 0.006946996205 6.400486506e-05 39514 
5.9255 0.006803719792 6.338416723e-05 38702 
5.9265 0.006945890994 6.390145768e-05 39856 
5.9275 0.006922027754 6.385453273e-05 39837 
5.9285 0.006917045352 6.365288977e-05 39904 
5.9295 0.006720338882 6.275738402e-05 39014 
5.9305 0.006974237087 6.422771421e-05 39802 
5.9315 0.006897535647 6.375377808e-05 39188 
5.9325 0.006891375395 6.362660899e-05 39570 
5.9335 0.007045100891 6.454998403e-05 39852 
5.9345 0.006968004354 6.410832561e-05 39759 
5.9355 0.006808991453 6.326113521e-05 39282 
5.9365 0.006812446499 6.344936709e-05 38655 
5.9375 0.00704032095 6.450987343e-05 40075 
5.9385 0.006786689364 6.331789757e-05 38839 
5.9395 0.007006995131 6.457570676e-05 39387 
5.9405 0.007019024236 6.444316003e-05 40049 
5.9415 0.006962302002 6.413232764e-05 39531 
5.9425 0.006901668747 6.390019068e-05 39522 
5.9435 0.006874847446 6.376352208e-05 39211 
5.9445 0.006814666081 6.323212616e-05 39359 
5.9455 0.006787568785 6.327523454e-05 39086 
5.9465 0.006944832244 6.421027787e-05 39370 
5.9475 0.007048674713 6.469539969e-05 40058 
5.9485 0.007113750852 6.504327055e-05 40475 
5.9495 0.00689616674 6.410805101e-05 38837 
5.9505 0.007160740487 6.538917999e-05 39913 
5.9515 0.006995799253 6.459254269e-05 39066 
5.9525 0.006977151814 6.437915566e-05 39690 
5.9535 0.007206634612 6.556752832e-05 40653 
5.9545 0.007012112718 6.46757751e-05 39897 
5.9555 0.006913233634 6.390053659e-05 38958 
5.9565 0.007111751165 6.506704988e-05 40166 
5.9575 0.006988117734 6.455020068e-05 39671 
5.9585 0.007063994683 6.470048786e-05 39914 
5.9595 0.006857245648 6.375389644e-05 39043 
5.9605 0.006919397655 6.403508165e-05 39227 
5.9615 0.006945572066 6.423110351e-05 39921 
5.9625 0.007008397899 6.470304556e-05 39568 
5.9635 0.006997898839 6.45449852e-05 39628 
5.9645 0.007003124817 6.48194271e-05 39206 
5.9655 0.00681802319 6.355476156e-05 38827 
5.9665 0.007040213144 6.493618041e-05 39060 
5.9675 0.006912818251 6.407646571e-05 39238 
5.9685 0.007151677797 6.557448424e-05 39902 
5.9695 0.006914701483 6.415897603e-05 39136 
5.9705 0.006934814986 6.408260393e-05 39202 
5.9715 0.007099254341 6.50951487e-05 40177 
5.9725 0.00709321731 6.504169119e-05 39934 
5.9735 0.007213745009 6.589221755e-05 39898 
5.9745 0.007075316509 6.500204693e-05 39704 
5.9755 0.007082895105 6.497146789e-05 40273 
5.9765 0.007125482977 6.532984357e-05 39888 
5.9775 0.007077219811 6.519621806e-05 39805 
5.9785 0.007052322519 6.495466198e-05 39556 
5.9795 0.007060936534 6.497937455e-05 39754 
5.9805 0.007092041727 6.528770791e-05 39876 
5.9815 0.00696279698 6.45806308e-05 39170 
5.9825 0.007021656948 6.495815551e-05 39538 
5.9835 0.006978153962 6.457639126e-05 39198 
5.9845 0.007052867258 6.536883296e-05 39204 
5.9855 0.007087137181 6.55047302e-05 39097 
5.9865 0.007085859941 6.54689449e-05 39342 
5.9875 0.007130632877 6.558362941e-05 39314 
5.9885 0.00703971916 6.506245369e-05 39437 
5.9895 0.006923620796 6.440552875e-05 39071 
5.9905 0.007188661201 6.571170539e-05 39961 
5.9915 0.006959525529 6.462941804e-05 39100 
5.9925 0.006946031749 6.447034219e-05 39164 
5.9935 0.006976408437 6.470444054e-05 39167 
5.9945 0.006995893674 6.488025311e-05 39365 
5.9955 0.007130218451 6.560548556e-05 40073 
5.9965 0.007059342153 6.528652626e-05 39132 
5.9975 0.007131639252 6.556878015e-05 39925 
5.9985 0.0071641977 6.5782469e-05 39472 
5.9995 0.00712697189 6.538872389e-05 40555 
6.0005 0.007157798859 6.562633775e-05 39608 
6.0015 0.007053758885 6.499759109e-05 40091 
6.0025 0.006954440404 6.482211034e-05 38700 
6.0035 0.006937448253 6.470455438e-05 38838 
6.0045 0.007131738809 6.568624305e-05 39665 
6.0055 0.007056175278 6.527794441e-05 39463 
6.0065 0.006896225952 6.45334979e-05 38762 
6.0075 0.007204588236 6.608611567e-05 40148 
6.0085 0.00705941491 6.525601614e-05 39196 
6.0095 0.007147213312 6.561777633e-05 39939 
6.0105 0.00715319107 6.581177167e-05 39782 
6.0115 0.007208624027 6.604975588e-05 39979 
6.0125 0.007049892201 6.545889426e-05 38804 
6.0135 0.007011206947 6.512501786e-05 39225 
6.0145 0.007113160009 6.579835146e-05 39672 
6.0155 0.007034277527 6.526351873e-05 39121 
6.0165 0.007142092504 6.587855026e-05 39676 
6.0175 0.007268354079 6.640523955e-05 40134 
6.0185 0.007087058543 6.537397988e-05 39470 
6.0195 0.006893167356 6.448744165e-05 38995 
6.0205 0.007273354387 6.648119285e-05 40249 
6.0215 0.007182165568 6.627820741e-05 39589 
6.0225 0.007080494445 6.55598542e-05 39348 
6.0235 0.007007377114 6.513113326e-05 38795 
6.0245 0.007142422424 6.583499539e-05 39997 
6.0255 0.007186205047 6.621055888e-05 39683 
6.0265 0.007176511508 6.600394893e-05 39694 
6.0275 0.007024568573 6.536879205e-05 38911 
6.0285 0.007132625933 6.587824761e-05 39407 
6.0295 0.007124351092 6.580605384e-05 39387 
6.0305 0.007175752045 6.594579463e-05 39701 
6.0315 0.007179361366 6.596120814e-05 39898 
6.0325 0.007177447246 6.610997129e-05 39916 
6.0335 0.007503271281 6.772727166e-05 41039 
6.0345 0.00713445774 6.583494847e-05 39574 
6.0355 0.007127342145 6.580471179e-05 39585 
6.0365 0.007210318133 6.628744985e-05 39461 
6.0375 0.007387146965 6.724704323e-05 40069 
6.0385 0.007108146282 6.60311814e-05 39373 
6.0395 0.007177283068 6.606549786e-05 39745 
6.0405 0.007187300721 6.626448549e-05 39527 
6.0415 0.007178174246 6.623947614e-05 39649 
6.0425 0.007024733648 6.536761383e-05 39020 
6.0435 0.007055767167 6.572024174e-05 38614 
6.0445 0.007284027023 6.703304153e-05 39755 
6.0455 0.007116355506 6.595179867e-05 39069 
6.0465 0.00707127042 6.591722538e-05 38964 
6.0475 0.006972202351 6.54146157e-05 38357 
6.0485 0.007335314657 6.71472966e-05 39891 
6.0495 0.007175950049 6.612542192e-05 39968 
6.0505 0.007357356223 6.707177781e-05 40500 
6.0515 0.007236488736 6.670533308e-05 39416 
6.0525 0.007013105919 6.56287949e-05 38547 
6.0535 0.007493729483 6.801728309e-05 40600 
6.0545 0.007010911633 6.535239501e-05 38887 
6.0555 0.007418193313 6.743483585e-05 40790 
6.0565 0.007184822585 6.633896957e-05 39607 
6.0575 0.007154000097 6.609322595e-05 39500 
6.0585 0.007338543666 6.707160399e-05 40377 
6.0595 0.007241914582 6.676734188e-05 39505 
6.0605 0.007284034324 6.687221371e-05 39993 
6.0615 0.007355981508 6.737140014e-05 39886 
6.0625 0.007141679115 6.644588399e-05 39303 
6.0635 0.007258250189 6.689181968e-05 39506 
6.0645 0.007284100261 6.701787496e-05 39467 
6.0655 0.00725428955 6.68158154e-05 39528 
6.0665 0.007324150083 6.721138586e-05 39971 
6.0675 0.007226966186 6.661618365e-05 39568 
6.0685 0.007290656055 6.705044873e-05 39725 
6.0695 0.007110436814 6.622801513e-05 38905 
6.0705 0.007407667526 6.775688786e-05 39816 
6.0715 0.007349650614 6.742480274e-05 39751 
6.0725 0.007256352244 6.672716212e-05 39963 
6.0735 0.007429597596 6.751368573e-05 40538 
6.0745 0.007223416786 6.672743482e-05 39505 
6.0755 0.007433188132 6.795360312e-05 40300 
6.0765 0.007258060957 6.713887027e-05 39203 
6.0775 0.007296525663 6.713532554e-05 39710 
6.0785 0.007387224877 6.767557845e-05 39827 
6.0795 0.007254457706 6.699995594e-05 39355 
6.0805 0.007209283488 6.672670292e-05 39185 
6.0815 0.00726184017 6.702197715e-05 39731 
6.0825 0.00722858669 6.686802899e-05 39119 
6.0835 0.007253306384 6.682122826e-05 39588 
6.0845 0.007252040188 6.714912063e-05 39631 
6.0855 0.007412266931 6.787999923e-05 40066 
6.0865 0.007164317482 6.651541334e-05 38809 
6.0875 0.007293956859 6.735402372e-05 39363 
6.0885 0.00707718556 6.619846534e-05 38686 
6.0895 0.007311469549 6.731660228e-05 39539 
6.0905 0.00738661622 6.753891971e-05 40278 
6.0915 0.007444394747 6.802068788e-05 40150 
6.0925 0.007439037794 6.806621212e-05 40356 
6.0935 0.007270997409 6.728208763e-05 39764 
6.0945 0.007177752332 6.677366279e-05 38916 
6.0955 0.007252696357 6.71241987e-05 39104 
6.0965 0.007100676789 6.636428333e-05 38649 
6.0975 0.007279053262 6.723645527e-05 39344 
6.0985 0.007374401528 6.778297493e-05 39697 
6.0995 0.007183930355 6.660606392e-05 39232 
6.1005 0.007539238155 6.877737285e-05 40034 
6.1015 0.007419307634 6.791374635e-05 40493 
6.1025 0.007325156073 6.75882279e-05 39473 
6.1035 0.00730871324 6.749861493e-05 39677 
6.1045 0.007335208013 6.758972198e-05 39670 
6.1055 0.007246940464 6.728523222e-05 39285 
6.1065 0.007613439664 6.89054326e-05 40810 
6.1075 0.007144543323 6.673323063e-05 38232 
6.1085 0.007424103304 6.811792865e-05 40192 
6.1095 0.007356943532 6.763078345e-05 39590 
6.1105 0.007364723851 6.766937388e-05 40044 
6.1115 0.007308308536 6.722691919e-05 39720 
6.1125 0.007274360001 6.744350511e-05 39364 
6.1135 0.007457064082 6.824892848e-05 40144 
6.1145 0.007331910277 6.763570875e-05 39493 
6.1155 0.007337706792 6.77814923e-05 39516 
6.1165 0.007399006822 6.783653024e-05 40064 
6.1175 0.007419725582 6.851841207e-05 39430 
6.1185 0.007460495443 6.855209957e-05 39584 
6.1195 0.007492877033 6.872369559e-05 39831 
6.1205 0.007393044969 6.825113021e-05 39311 
6.1215 0.007351657172 6.777036701e-05 39670 
6.1225 0.007185131962 6.698120267e-05 39080 
6.1235 0.007392417932 6.816816807e-05 39998 
6.1245 0.007253875948 6.762416152e-05 38645 
6.1255 0.007310157341 6.771442855e-05 39827 
6.1265 0.007539596966 6.892474129e-05 40302 
6.1275 0.00745437338 6.833148107e-05 39838 
6.1285 0.007332449244 6.789962656e-05 39157 
6.1295 0.007522580297 6.876524397e-05 39827 
6.1305 0.007067864326 6.671476515e-05 37908 
6.1315 0.007207804659 6.717852735e-05 38799 
6.1325 0.007468422305 6.848863841e-05 40229 
6.1335 0.007524149733 6.907005986e-05 39859 
6.1345 0.007286122201 6.762943976e-05 38988 
6.1355 0.007494954795 6.8969397e-05 39568 
6.1365 0.007521355955 6.875116806e-05 40261 
6.1375 0.007528012965 6.905155117e-05 39829 
6.1385 0.007511891036 6.898338726e-05 39812 
6.1395 0.007369037522 6.807447081e-05 39547 
6.1405 0.007531685198 6.903216903e-05 39485 
6.1415 0.007430151501 6.866813043e-05 39248 
6.1425 0.007542069661 6.913051423e-05 39839 
6.1435 0.007446603181 6.874330007e-05 39645 
6.1445 0.007257917406 6.765966434e-05 39213 
6.1455 0.007489416267 6.890258675e-05 39672 
6.1465 0.007510368381 6.911871919e-05 39146 
6.1475 0.007545334504 6.914625739e-05 39846 
6.1485 0.007315820193 6.801454821e-05 39126 
6.1495 0.007565971843 6.917151505e-05 40150 
6.1505 0.007326865084 6.80094015e-05 39442 
6.1515 0.007532779306 6.887454248e-05 40031 
6.1525 0.007567042395 6.922235479e-05 39983 
6.1535 0.007440339346 6.873709949e-05 39566 
6.1545 0.007493795963 6.879177718e-05 39675 
6.1555 0.007444880254 6.868424225e-05 39303 
6.1565 0.007393844204 6.840531518e-05 39336 
6.1575 0.007442385798 6.860512252e-05 39689 
6.1585 0.007428593505 6.871780038e-05 39047 
6.1595 0.007215821242 6.766271711e-05 38350 
6.1605 0.007426095235 6.866484238e-05 38646 
6.1615 0.00734328023 6.824491668e-05 39142 
6.1625 0.007459196696 6.89121434e-05 39073 
6.1635 0.007475809241 6.920347706e-05 39503 
6.1645 0.00754134243 6.90636496e-05 40023 
6.1655 0.00749412443 6.915324821e-05 39378 
6.1665 0.007641186239 6.974355595e-05 40543 
6.1675 0.007499381535 6.901313871e-05 39867 
6.1685 0.007298655074 6.804179085e-05 38823 
6.1695 0.007579977508 6.958787822e-05 39960 
6.1705 0.007235094885 6.792069072e-05 38342 
6.1715 0.007530280912 6.933136762e-05 39713 
6.1725 0.007490650748 6.906949747e-05 39744 
6.1735 0.007293879792 6.830747985e-05 38418 
6.1745 0.00744465617 6.892390805e-05 39575 
6.1755 0.007576431948 6.941547088e-05 40056 
6.1765 0.007488828834 6.901880055e-05 39668 
6.1775 0.007505555671 6.903966974e-05 40007 
6.1785 0.007511342227 6.922184641e-05 39824 
6.1795 0.007324839507 6.829384386e-05 38658 
6.1805 0.007244687647 6.793751215e-05 38217 
6.1815 0.007544377433 6.950280679e-05 39532 
6.1825 0.007563721511 6.948088053e-05 40050 
6.1835 0.007504830906 6.939150094e-05 39341 
6.1845 0.00748583884 6.925531005e-05 39472 
6.1855 0.007674276084 7.01601477e-05 39891 
6.1865 0.00747189772 6.904064301e-05 39667 
6.1875 0.00768806732 7.033627e-05 39845 
6.1885 0.007694663758 7.034052459e-05 40282 
6.1895 0.007554076952 6.976121708e-05 39373 
6.1905 0.00753928773 6.935623864e-05 39403 
6.1915 0.007402875916 6.88323765e-05 38757 
6.1925 0.007608591305 6.993593531e-05 40093 
6.1935 0.007545221003 6.938780911e-05 39604 
6.1945 0.007582599002 6.976831358e-05 40050 
6.1955 0.007646592912 6.979980714e-05 40715 
6.1965 0.007550534816 6.939369036e-05 40079 
6.1975 0.007355362793 6.858596476e-05 38782 
6.1985 0.007751094759 7.054555871e-05 40561 
6.1995 0.007648741279 7.033138499e-05 40057 
6.2005 0.00756365873 6.962264806e-05 39887 
6.2015 0.007689850132 7.047235269e-05 39825 
6.2025 0.007564438294 6.989276314e-05 39638 
6.2035 0.007679702923 7.039452428e-05 39931 
6.2045 0.007553469511 6.996695804e-05 39117 
6.2055 0.007600381455 6.982534449e-05 39946 
6.2065 0.00781927738 7.125168831e-05 40078 
6.2075 0.007550279386 6.981043751e-05 39248 
6.2085 0.007482489671 6.94409629e-05 39165 
6.2095 0.007517255657 6.951245017e-05 39535 
6.2105 0.007483704474 6.948908769e-05 38968 
6.2115 0.00753554351 6.974123875e-05 39255 
6.2125 0.007637656345 7.021554689e-05 39780 
6.2135 0.007607280502 7.020062812e-05 38864 
6.2145 0.007753328337 7.093055942e-05 39995 
6.2155 0.007754880275 7.096708328e-05 40004 
6.2165 0.007603532109 6.99320591e-05 39764 
6.2175 0.007560768411 6.987379481e-05 39309 
6.2185 0.007754294793 7.104528313e-05 39923 
6.2195 0.007338092614 6.883909461e-05 38383 
6.2205 0.007526421296 6.986135812e-05 39164 
6.2215 0.007782564561 7.117382204e-05 40388 
6.2225 0.007683442099 7.061344725e-05 39777 
6.2235 0.007441798059 6.948016957e-05 38493 
6.2245 0.007790688941 7.124167878e-05 40117 
6.2255 0.007570503987 7.006924807e-05 39296 
6.2265 0.007714461683 7.071312062e-05 39791 
6.2275 0.007468386768 6.949046839e-05 38986 
6.2285 0.007579028052 7.012770562e-05 39469 
6.2295 0.007850053165 7.137442285e-05 41272 
6.2305 0.007791970764 7.113564369e-05 40363 
6.2315 0.007437301504 6.946150747e-05 38591 
6.2325 0.007787869214 7.122438846e-05 39796 
6.2335 0.007589970047 7.016325902e-05 39683 
6.2345 0.007513356924 7.00921235e-05 38351 
6.2355 0.00766494507 7.062398096e-05 39281 
6.2365 0.007642360883 7.043514849e-05 39393 
6.2375 0.007719314746 7.078248093e-05 39942 
6.2385 0.007624677008 7.030607987e-05 39610 
6.2395 0.00751746272 6.990865519e-05 39203 
6.2405 0.007706903875 7.097657445e-05 39557 
6.2415 0.007630212427 7.053155311e-05 39050 
6.2425 0.007589742306 7.052247513e-05 39029 
6.2435 0.007754942187 7.10119665e-05 39948 
6.2445 0.007637460223 7.053550887e-05 39441 
6.2455 0.007551468271 6.999124367e-05 39269 
6.2465 0.007748156747 7.122139728e-05 39749 
6.2475 0.00774842499 7.11681613e-05 39855 
6.2485 0.007539980581 7.009509304e-05 39234 
6.2495 0.007543845831 6.995921925e-05 38703 
6.2505 0.007508981554 7.000727371e-05 38507 
6.2515 0.007446064562 6.972488521e-05 38596 
6.2525 0.007737504962 7.102491273e-05 39560 
6.2535 0.007557555426 7.015553638e-05 38982 
6.2545 0.007566096005 7.025527372e-05 39091 
6.2555 0.007696154596 7.105962753e-05 39029 
6.2565 0.007854853172 7.168559491e-05 40272 
6.2575 0.007463024205 6.96692834e-05 38683 
6.2585 0.007534935349 7.000796045e-05 39468 
6.2595 0.007644923841 7.060182069e-05 39357 
6.2605 0.007547799843 6.999504454e-05 39489 
6.2615 0.007424588192 6.975703461e-05 38351 
6.2625 0.007550075636 7.036508394e-05 38772 
6.2635 0.007788980378 7.165900175e-05 39638 
6.2645 0.007724503213 7.129664785e-05 39539 
6.2655 0.007719850348 7.10632694e-05 39908 
6.2665 0.007834178908 7.180526477e-05 39963 
6.2675 0.007688715471 7.091771153e-05 39620 
6.2685 0.00760161607 7.058126554e-05 39100 
6.2695 0.007884214131 7.186198066e-05 40418 
6.2705 0.007621729562 7.071743583e-05 39354 
6.2715 0.007649014794 7.082385357e-05 39805 
6.2725 0.007563467819 7.042222243e-05 39104 
6.2735 0.007549948682 7.035371306e-05 38737 
6.2745 0.007795117942 7.15758959e-05 39994 
6.2755 0.007701449211 7.112178439e-05 39441 
6.2765 0.007774014968 7.174426446e-05 39269 
6.2775 0.007752002791 7.151300409e-05 39852 
6.2785 0.00775324948 7.157958552e-05 39200 
6.2795 0.007904402241 7.237707461e-05 39990 
6.2805 0.007757269492 7.143166449e-05 39285 
6.2815 0.007937547852 7.241449421e-05 40097 
6.2825 0.008045115881 7.302067313e-05 40652 
6.2835 0.007970726128 7.246705251e-05 40554 
6.2845 0.007651251284 7.100245487e-05 39154 
6.2855 0.007798790112 7.178961622e-05 39822 
6.2865 0.007734426629 7.134639691e-05 39270 
6.2875 0.007832730606 7.213813326e-05 39531 
6.2885 0.007732548425 7.147139261e-05 39293 
6.2895 0.00791788035 7.233877603e-05 40077 
6.2905 0.007736174651 7.136537923e-05 39426 
6.2915 0.00786887852 7.226630837e-05 39771 
6.2925 0.007655990293 7.110356696e-05 39106 
6.2935 0.007799192125 7.194237553e-05 39533 
6.2945 0.007788512093 7.194277635e-05 39422 
6.2955 0.007751530118 7.170716395e-05 39558 
6.2965 0.007678376182 7.133677218e-05 38979 
6.2975 0.007880307237 7.235176943e-05 39807 
6.2985 0.007830480768 7.200924674e-05 40020 
6.2995 0.007740462458 7.163311095e-05 39511 
6.3005 0.007607373709 7.090346213e-05 39037 
6.3015 0.007609755073 7.082090465e-05 39043 
6.3025 0.007733194991 7.165821916e-05 39276 
6.3035 0.007825645998 7.210035645e-05 39135 
6.3045 0.007694428517 7.139574548e-05 39406 
6.3055 0.007664151887 7.129364604e-05 38980 
6.3065 0.007803595534 7.191015883e-05 39561 
6.3075 0.007580751728 7.081048955e-05 39163 
6.3085 0.007673704788 7.135259743e-05 39028 
6.3095 0.00790487362 7.273819169e-05 39687 
6.3105 0.007805430724 7.19742456e-05 39695 
6.3115 0.007854526413 7.252772206e-05 39374 
6.3125 0.007730565565 7.163130713e-05 39659 
6.3135 0.007781598275 7.181247307e-05 39711 
6.3145 0.007813544852 7.213989791e-05 39024 
6.3155 0.007846477692 7.226529817e-05 39475 
6.3165 0.008026641386 7.322636383e-05 39978 
6.3175 0.007867093769 7.260069517e-05 39214 
6.3185 0.007843974499 7.240451447e-05 39628 
6.3195 0.007831200812 7.235577455e-05 39675 
6.3205 0.007812078007 7.189688549e-05 39948 
6.3215 0.007938757094 7.270953829e-05 39887 
6.3225 0.008061289642 7.334367966e-05 40101 
6.3235 0.007907390814 7.280337312e-05 39652 
6.3245 0.007758826065 7.190554496e-05 39133 
6.3255 0.007902421977 7.249940635e-05 39704 
6.3265 0.007951110014 7.312380597e-05 39572 
6.3275 0.007916567572 7.279792178e-05 39373 
6.3285 0.007940979369 7.3020453e-05 39576 
6.3295 0.007998503395 7.313302254e-05 40170 
6.3305 0.007958326969 7.290035794e-05 39835 
6.3315 0.007810772391 7.218838302e-05 39258 
6.3325 0.007717713916 7.193879786e-05 38417 
6.3335 0.007761917372 7.21140372e-05 38623 
6.3345 0.007899878357 7.28160226e-05 39553 
6.3355 0.007779392567 7.205103959e-05 39626 
6.3365 0.007724424749 7.176839748e-05 38872 
6.3375 0.007901266723 7.298049017e-05 39176 
6.3385 0.007814141026 7.248611171e-05 39383 
6.3395 0.007799905205 7.252951272e-05 39016 
6.3405 0.007743516659 7.210770967e-05 38959 
6.3415 0.007816998344 7.233171792e-05 39591 
6.3425 0.007904096788 7.29027444e-05 39413 
6.3435 0.00783547272 7.23810311e-05 39780 
6.3445 0.007976369338 7.331042417e-05 39231 
6.3455 0.007990960302 7.311524249e-05 40138 
6.3465 0.007848482635 7.283139856e-05 39241 
6.3475 0.007882875098 7.287593493e-05 39303 
6.3485 0.00796828388 7.302979682e-05 40043 
6.3495 0.007788552357 7.219661036e-05 39262 
6.3505 0.007895441129 7.289280113e-05 39488 
6.3515 0.007935222074 7.299953383e-05 39542 
6.3525 0.007982619283 7.315535424e-05 39722 
6.3535 0.007877802562 7.278907534e-05 39179 
6.3545 0.007968475468 7.321364095e-05 39994 
6.3555 0.007994934885 7.339722774e-05 40043 
6.3565 0.007938913657 7.322562418e-05 39419 
6.3575 0.007868579833 7.272951063e-05 39239 
6.3585 0.007829163411 7.249985983e-05 39105 
6.3595 0.00807783579 7.400182119e-05 40037 
6.3605 0.007970994878 7.344042606e-05 39399 
6.3615 0.007908671829 7.30734544e-05 39224 
6.3625 0.007916704756 7.295653819e-05 39496 
6.3635 0.008184928027 7.44528418e-05 40526 
6.3645 0.007928569449 7.325952672e-05 39738 
6.3655 0.007935285239 7.337670145e-05 38999 
6.3665 0.007823570919 7.241950133e-05 39675 
6.3675 0.007797422736 7.285845994e-05 38914 
6.3685 0.007816607257 7.268461537e-05 39094 
6.3695 0.007972455484 7.358508792e-05 39208 
6.3705 0.008130750868 7.443460937e-05 39902 
6.3715 0.007931162834 7.333804162e-05 39317 
6.3725 0.007928878196 7.334692256e-05 39453 
6.3735 0.007955830414 7.349484954e-05 39448 
6.3745 0.008143775659 7.457443586e-05 39942 
6.3755 0.007957818976 7.352426381e-05 39403 
6.3765 0.008030586188 7.387881489e-05 39710 
6.3775 0.007917080457 7.328058122e-05 39369 
6.3785 0.007771806336 7.228150817e-05 38837 
6.3795 0.008104007562 7.419951768e-05 40145 
6.3805 0.007880166592 7.30986169e-05 39231 
6.3815 0.008202725357 7.488371555e-05 40012 
6.3825 0.008132281418 7.432341355e-05 40066 
6.3835 0.008141393373 7.447431018e-05 40424 
6.3845 0.007914109328 7.341503644e-05 39194 
6.3855 0.008082620445 7.422075132e-05 40087 
6.3865 0.007986377603 7.377449614e-05 39193 
6.3875 0.0081600575 7.458819368e-05 39988 
6.3885 0.007762442522 7.24778516e-05 38890 
6.3895 0.008235895168 7.496701364e-05 40282 
6.3905 0.00796100669 7.371265125e-05 39184 
6.3915 0.00796123786 7.348403711e-05 39484 
6.3925 0.008128494303 7.458103109e-05 39611 
6.3935 0.007876437475 7.345498612e-05 38844 
6.3945 0.007920191364 7.366229922e-05 38701 
6.3955 0.007936045796 7.363480321e-05 39218 
6.3965 0.008142730887 7.457630733e-05 40287 
6.3975 0.008062662801 7.423597763e-05 39624 
6.3985 0.007916225406 7.362540172e-05 38599 
6.3995 0.007770308193 7.270786632e-05 38473 
6.4005 0.007981364566 7.399132988e-05 38986 
6.4015 0.008004673136 7.392791351e-05 39537 
6.4025 0.008141627571 7.491574291e-05 39624 
6.4035 0.00794866725 7.384043744e-05 39059 
6.4045 0.008263890103 7.537583915e-05 40225 
6.4055 0.008051861716 7.410096847e-05 39795 
6.4065 0.0082236509 7.519997595e-05 39996 
6.4075 0.008075964265 7.427109239e-05 39611 
6.4085 0.008067185567 7.452914606e-05 39567 
6.4095 0.00807059583 7.435099053e-05 39735 
6.4105 0.008314049934 7.574497531e-05 40512 
6.4115 0.008194439489 7.476122229e-05 40496 
6.4125 0.008221059102 7.521748443e-05 39812 
6.4135 0.008038423708 7.42228309e-05 39417 
6.4145 0.008170151894 7.465896706e-05 40145 
6.4155 0.008180449755 7.522772418e-05 39524 
6.4165 0.007967944889 7.394471495e-05 39636 
6.4175 0.008227889239 7.505629021e-05 40511 
6.4185 0.008009717604 7.398092972e-05 39503 
6.4195 0.008139075003 7.45481327e-05 39996 
6.4205 0.008323520428 7.573765517e-05 40721 
6.4215 0.008040971956 7.44419341e-05 39386 
6.4225 0.007997904969 7.419114321e-05 39042 
6.4235 0.008039633091 7.459212427e-05 39008 
6.4245 0.008042991086 7.460750086e-05 38779 
6.4255 0.007985142863 7.410366351e-05 38747 
6.4265 0.007933755291 7.390628083e-05 38838 
6.4275 0.008038551909 7.433805618e-05 39357 
6.4285 0.008160210195 7.480561131e-05 39941 
6.4295 0.008226902818 7.524310346e-05 40648 
6.4305 0.007995063674 7.444926254e-05 38374 
6.4315 0.008067989505 7.472538764e-05 38996 
6.4325 0.007892258989 7.371890335e-05 39046 
6.4335 0.008084688309 7.490516782e-05 39338 
6.4345 0.008154945294 7.502867456e-05 39579 
6.4355 0.008258217368 7.579819111e-05 39598 
6.4365 0.008072048916 7.491985995e-05 39386 
6.4375 0.008103025938 7.457642969e-05 39691 
6.4385 0.008323178007 7.596298629e-05 39904 
6.4395 0.008201171433 7.531459717e-05 39773 
6.4405 0.008168978728 7.502150931e-05 39829 
6.4415 0.008100871447 7.513800409e-05 39046 
6.4425 0.008083873422 7.469183656e-05 39393 
6.4435 0.00816844751 7.523729885e-05 39774 
6.4445 0.008144624126 7.512068193e-05 39204 
6.4455 0.008232722503 7.582867752e-05 39190 
6.4465 0.007882019793 7.368604254e-05 38669 
6.4475 0.008182856858 7.532677911e-05 39447 
6.4485 0.008050086705 7.466233404e-05 39352 
6.4495 0.008061630822 7.489675896e-05 39072 
6.4505 0.008332769277 7.601432277e-05 40144 
6.4515 0.008294879199 7.578913342e-05 40345 
6.4525 0.008112470269 7.501480759e-05 39437 
6.4535 0.008069336789 7.488416148e-05 38640 
6.4545 0.007965678098 7.414991696e-05 39166 
6.4555 0.008249863302 7.58653257e-05 39512 
6.4565 0.00835785724 7.622712649e-05 40283 
6.4575 0.00814495522 7.532669758e-05 39680 
6.4585 0.008105898887 7.518379854e-05 38780 
6.4595 0.008158128375 7.534175618e-05 39575 
6.4605 0.008119451331 7.511088504e-05 39085 
6.4615 0.008143334975 7.526351906e-05 39438 
6.4625 0.008310906191 7.609980473e-05 39704 
6.4635 0.008125976262 7.528022769e-05 39273 
6.4645 0.008167845911 7.535220026e-05 39341 
6.4655 0.008045861864 7.470679513e-05 38906 
6.4665 0.008120224455 7.504116549e-05 39329 
6.4675 0.008365669031 7.651481261e-05 39967 
6.4685 0.00830072879 7.634325808e-05 39493 
6.4695 0.008147913223 7.532368081e-05 39165 
6.4705 0.008452551773 7.701698265e-05 40027 
6.4715 0.008214181272 7.581603264e-05 39494 
6.4725 0.008478862212 7.684280292e-05 40959 
6.4735 0.008408088793 7.688517224e-05 39840 
6.4745 0.008260931011 7.600096696e-05 39666 
6.4755 0.00842093947 7.684159557e-05 40134 
6.4765 0.008340388857 7.658338092e-05 39570 
6.4775 0.008143499661 7.532588875e-05 39296 
6.4785 0.008185275246 7.559010783e-05 39286 
6.4795 0.008183272718 7.557271979e-05 39238 
6.4805 0.00841804944 7.708795609e-05 39630 
6.4815 0.008241971982 7.607605504e-05 39377 
6.4825 0.008387243141 7.659220121e-05 40483 
6.4835 0.008382977639 7.667504155e-05 40365 
6.4845 0.008407804634 7.699140969e-05 40032 
6.4855 0.008525150712 7.729809537e-05 40891 
6.4865 0.008474385598 7.695576797e-05 40654 
6.4875 0.008289276691 7.621488548e-05 39753 
6.4885 0.008301736501 7.637761656e-05 39396 
6.4895 0.008342551133 7.643597579e-05 40031 
6.4905 0.008308086633 7.639759482e-05 39248 
6.4915 0.008320947055 7.633423932e-05 39748 
6.4925 0.008287948499 7.652271243e-05 39127 
6.4935 0.008275404459 7.615593557e-05 39468 
6.4945 0.008532027385 7.756463844e-05 40444 
6.4955 0.008270472596 7.609926287e-05 39637 
6.4965 0.008264645421 7.652445444e-05 39248 
6.4975 0.008380213786 7.687244763e-05 39878 
6.4985 0.008375309294 7.691963059e-05 40318 
6.4995 0.008427100541 7.712130732e-05 40245 
