# Format: McCode with text headers
# URL: http://www.mccode.org
# Creator:  3.5.2, git
# Instrument: templateSANS2.instr
# Ncount: 833333
# Trace: no
# Gravitation: no
# Seed: 1728481086792253
# Directory: LD_scan/0
# Nodes: 12
# Param: lambda=6
# Param: dlambda=0.6
# Param: r=150
# Param: PHI=0.001
# Param: Delta_Rho=6e+10
# Param: frac_dir=0.03
# Param: frac_inc=0.01
# Param: slit1=0.02
# Param: slit2=0.02
# Param: LC=3
# Param: LD=1
# Date: Wed Oct  9 15:38:09 2024 (1728481089)
# type: array_1d(1000)
# Source: templateSANS2 (templateSANS2.instr)
# component: Ldetector
# position: 0 0 4.2
# title: Wavelength monitor
# Ncount: 9999996
# filename: Edet.dat
# statistics: X0=6.02253; dX=0.288013;
# signal: Min=0.0100786; Max=0.013856; Mean=0.0118986;
# values: 11.8986 0.00259035 6.35447e+07
# xvar: L
# yvar: (I,I_err)
# xlabel: Wavelength [AA]
# ylabel: Intensity
# xlimits: 5.5 6.5
# variables: L I I_err N
5.5005 0.01037232199 7.034423081e-05 63548 
5.5015 0.01029307375 6.99325454e-05 63640 
5.5025 0.01028359624 7.001475125e-05 63383 
5.5035 0.01045612245 7.083258812e-05 63776 
5.5045 0.0102124202 6.98265175e-05 63052 
5.5055 0.01051016798 7.087780577e-05 64192 
5.5065 0.0105103156 7.088777895e-05 64518 
5.5075 0.01041505325 7.048592706e-05 63902 
5.5085 0.01024818374 6.989927546e-05 62899 
5.5095 0.01029449511 7.025849892e-05 63110 
5.5105 0.01050021237 7.074625881e-05 64896 
5.5115 0.01046040872 7.070903477e-05 64233 
5.5125 0.01049273746 7.093152634e-05 63904 
5.5135 0.01040730422 7.067927908e-05 63927 
5.5145 0.01027220043 7.004388701e-05 63021 
5.5155 0.01016919111 6.97747207e-05 62593 
5.5165 0.01039763451 7.048461655e-05 63536 
5.5175 0.01007861321 6.916362541e-05 62549 
5.5185 0.01043996493 7.088704182e-05 63609 
5.5195 0.01057529307 7.122629361e-05 64853 
5.5205 0.01047848597 7.091336617e-05 63828 
5.5215 0.01030626424 7.047859022e-05 62427 
5.5225 0.01046096535 7.103363298e-05 63449 
5.5235 0.01026959168 7.028378373e-05 62514 
5.5245 0.01043823864 7.073561028e-05 63952 
5.5255 0.01036229245 7.081133156e-05 62502 
5.5265 0.01023678186 7.037792005e-05 62208 
5.5275 0.01051208687 7.101854597e-05 64046 
5.5285 0.01043622744 7.099246626e-05 63167 
5.5295 0.01026475508 7.041798739e-05 62664 
5.5305 0.01046175659 7.098793855e-05 63470 
5.5315 0.01044731245 7.078969067e-05 63925 
5.5325 0.01031391498 7.051519317e-05 62563 
5.5335 0.01032380702 7.069006112e-05 63053 
5.5345 0.01021069986 7.009986084e-05 62550 
5.5355 0.01059223894 7.154012923e-05 64184 
5.5365 0.01031693845 7.050814077e-05 62701 
5.5375 0.01046178646 7.08885695e-05 63885 
5.5385 0.01045188284 7.092015907e-05 63613 
5.5395 0.01047137334 7.126434223e-05 63399 
5.5405 0.01055515345 7.129721543e-05 64123 
5.5415 0.01048201042 7.119560191e-05 63805 
5.5425 0.0104928334 7.136402386e-05 63800 
5.5435 0.01037387034 7.094872228e-05 62904 
5.5445 0.01049273213 7.139245725e-05 63199 
5.5455 0.01035466864 7.074485789e-05 62988 
5.5465 0.01053623953 7.145880051e-05 63704 
5.5475 0.0105217598 7.134416456e-05 63518 
5.5485 0.01063680903 7.188426483e-05 64260 
5.5495 0.01052159464 7.141703473e-05 63686 
5.5505 0.01047804871 7.134970657e-05 63411 
5.5515 0.01046523048 7.136987007e-05 63213 
5.5525 0.0106140264 7.188565414e-05 64071 
5.5535 0.01046175903 7.113296789e-05 63632 
5.5545 0.0105619147 7.149790791e-05 64712 
5.5555 0.01087836253 7.27674171e-05 65084 
5.5565 0.01039254732 7.116055104e-05 62758 
5.5575 0.01072073366 7.243168317e-05 64270 
5.5585 0.01051406256 7.144597215e-05 63983 
5.5595 0.01076224594 7.253425951e-05 64180 
5.5605 0.01056386418 7.191164845e-05 63599 
5.5615 0.01087946886 7.294672532e-05 64949 
5.5625 0.01041735583 7.110015905e-05 62715 
5.5635 0.0105558955 7.176852348e-05 63702 
5.5645 0.01077873534 7.272268095e-05 64618 
5.5655 0.0102701354 7.060814769e-05 62440 
5.5665 0.01065533508 7.217393793e-05 63744 
5.5675 0.01044699502 7.131049805e-05 63599 
5.5685 0.01040208021 7.12241169e-05 62961 
5.5695 0.01039026558 7.104572191e-05 63089 
5.5705 0.01031852803 7.100235043e-05 62258 
5.5715 0.01052088051 7.16919183e-05 63597 
5.5725 0.01055439832 7.168256376e-05 63564 
5.5735 0.01040235622 7.137283264e-05 62474 
5.5745 0.01061111668 7.2290569e-05 63397 
5.5755 0.01067564409 7.219357146e-05 64447 
5.5765 0.01084818685 7.310500062e-05 64957 
5.5775 0.01039217914 7.131026543e-05 62441 
5.5785 0.01055638638 7.187164989e-05 63376 
5.5795 0.01030360759 7.106532967e-05 62150 
5.5805 0.01043800388 7.139547644e-05 63057 
5.5815 0.01035934823 7.120539601e-05 61920 
5.5825 0.01052906398 7.174096968e-05 63314 
5.5835 0.01055967114 7.195805388e-05 63713 
5.5845 0.010523682 7.206325011e-05 62557 
5.5855 0.01071937793 7.26094004e-05 63732 
5.5865 0.01042602623 7.15163195e-05 62449 
5.5875 0.01065909112 7.231824981e-05 63852 
5.5885 0.01067826375 7.240725364e-05 63936 
5.5895 0.0105244104 7.204382824e-05 62393 
5.5905 0.01053418635 7.184646253e-05 63355 
5.5915 0.01070140844 7.239625e-05 64597 
5.5925 0.01064759279 7.230008578e-05 63436 
5.5935 0.01078302991 7.278762392e-05 64185 
5.5945 0.01072156884 7.267304296e-05 63981 
5.5955 0.01066588196 7.239188419e-05 63999 
5.5965 0.01078512151 7.278649906e-05 64598 
5.5975 0.01063463025 7.223103043e-05 63411 
5.5985 0.01066482403 7.276852974e-05 63157 
5.5995 0.01075514487 7.295050535e-05 63890 
5.6005 0.01066037051 7.237559445e-05 64072 
5.6015 0.01057349547 7.230789697e-05 62704 
5.6025 0.01071457932 7.268088478e-05 63683 
5.6035 0.01064621129 7.245843179e-05 63501 
5.6045 0.01088992527 7.348640547e-05 64148 
5.6055 0.01081971834 7.321854926e-05 64418 
5.6065 0.01075767445 7.289883486e-05 64145 
5.6075 0.01065924981 7.248494492e-05 63305 
5.6085 0.01055189262 7.220153781e-05 62876 
5.6095 0.01042440791 7.175426466e-05 62137 
5.6105 0.01069833448 7.280103284e-05 63685 
5.6115 0.01061023997 7.2286237e-05 63645 
5.6125 0.01058350945 7.24372182e-05 62795 
5.6135 0.01057813796 7.257470334e-05 62287 
5.6145 0.01081091224 7.319812703e-05 64056 
5.6155 0.0106339541 7.274911296e-05 63298 
5.6165 0.01078638224 7.330452416e-05 63420 
5.6175 0.01054512418 7.23125839e-05 62710 
5.6185 0.01095937995 7.373529027e-05 65195 
5.6195 0.01079699126 7.336545726e-05 63574 
5.6205 0.01083243628 7.349029989e-05 63964 
5.6215 0.01051015186 7.224044489e-05 62448 
5.6225 0.01081661774 7.350641809e-05 63605 
5.6235 0.01082845676 7.340342839e-05 64148 
5.6245 0.01064989203 7.273724333e-05 63537 
5.6255 0.01071978696 7.296874173e-05 63328 
5.6265 0.01076612482 7.329419219e-05 63085 
5.6275 0.01077430436 7.323579455e-05 64083 
5.6285 0.01083861877 7.356113063e-05 63871 
5.6295 0.01085460631 7.363131083e-05 63903 
5.6305 0.01075123322 7.342053086e-05 63153 
5.6315 0.01067589345 7.283190993e-05 63284 
5.6325 0.01050801336 7.226742094e-05 62452 
5.6335 0.01054227124 7.259857181e-05 62427 
5.6345 0.01090457537 7.388512791e-05 64370 
5.6355 0.01068229755 7.300007676e-05 63231 
5.6365 0.01069834476 7.315855081e-05 63130 
5.6375 0.01074998875 7.333566469e-05 63556 
5.6385 0.01076820281 7.339377817e-05 63728 
5.6395 0.01081931011 7.358808076e-05 63865 
5.6405 0.01077014358 7.339874038e-05 63291 
5.6415 0.01085798076 7.372315129e-05 63333 
5.6425 0.01076628435 7.296601008e-05 64219 
5.6435 0.0106486791 7.301651738e-05 62839 
5.6445 0.01082331607 7.353759885e-05 63659 
5.6455 0.0106727763 7.323258912e-05 62397 
5.6465 0.01088985416 7.396311031e-05 64017 
5.6475 0.01087314786 7.362736489e-05 64194 
5.6485 0.01087344057 7.388202118e-05 63638 
5.6495 0.01064702862 7.308950508e-05 62316 
5.6505 0.01065207637 7.316260541e-05 62868 
5.6515 0.01076355662 7.378297484e-05 62772 
5.6525 0.01072859368 7.346170839e-05 63106 
5.6535 0.01074959288 7.344396512e-05 63502 
5.6545 0.0108091553 7.374534509e-05 63150 
5.6555 0.01059533682 7.288501628e-05 62716 
5.6565 0.01078420952 7.362097262e-05 63465 
5.6575 0.01072362939 7.359954764e-05 62528 
5.6585 0.0109717248 7.455086759e-05 63748 
5.6595 0.0107269932 7.335514009e-05 63042 
5.6605 0.0108355999 7.398692748e-05 63007 
5.6615 0.01088539206 7.404893159e-05 63668 
5.6625 0.01093268843 7.428134511e-05 63614 
5.6635 0.01090582362 7.434290504e-05 63415 
5.6645 0.01098522398 7.433024145e-05 64149 
5.6655 0.01095733848 7.42978206e-05 63681 
5.6665 0.01101351053 7.459224276e-05 63807 
5.6675 0.01068177295 7.335730111e-05 62427 
5.6685 0.01062900136 7.339989695e-05 61987 
5.6695 0.01085540847 7.393144274e-05 63693 
5.6705 0.01081042697 7.388506197e-05 63200 
5.6715 0.01096813724 7.441765157e-05 63965 
5.6725 0.01090538079 7.446460791e-05 63174 
5.6735 0.01095559644 7.463554258e-05 63621 
5.6745 0.01103473821 7.467686945e-05 64443 
5.6755 0.01062928631 7.344612353e-05 61994 
5.6765 0.01100338309 7.472953359e-05 63931 
5.6775 0.01088724156 7.43555761e-05 63119 
5.6785 0.01099847146 7.474888102e-05 63775 
5.6795 0.01076042518 7.384268298e-05 62925 
5.6805 0.01080662987 7.389393535e-05 63733 
5.6815 0.01088013752 7.443468987e-05 62951 
5.6825 0.01077837707 7.404604928e-05 62535 
5.6835 0.01086934572 7.423718817e-05 63505 
5.6845 0.01087846848 7.437753782e-05 63101 
5.6855 0.0110382468 7.494001688e-05 64207 
5.6865 0.01094076928 7.45339726e-05 63529 
5.6875 0.01114497839 7.533088471e-05 64609 
5.6885 0.01086617877 7.416606701e-05 63093 
5.6895 0.01090509878 7.428738697e-05 64122 
5.6905 0.01089211785 7.440076589e-05 63431 
5.6915 0.01101194268 7.495744764e-05 63745 
5.6925 0.01102004465 7.51121418e-05 63384 
5.6935 0.0111102932 7.54354168e-05 63532 
5.6945 0.01134954425 7.583527244e-05 65990 
5.6955 0.01083991923 7.44545578e-05 62554 
5.6965 0.01056894418 7.320514397e-05 61936 
5.6975 0.01105733522 7.510232266e-05 63803 
5.6985 0.01110541144 7.539418332e-05 63961 
5.6995 0.01092308559 7.467139197e-05 63388 
5.7005 0.01087375622 7.455702621e-05 62550 
5.7015 0.01084533019 7.419258909e-05 63638 
5.7025 0.01101322264 7.50395076e-05 63798 
5.7035 0.01083554046 7.441471571e-05 62838 
5.7045 0.01080168031 7.442158916e-05 62426 
5.7055 0.01096835044 7.492650855e-05 62996 
5.7065 0.01096889721 7.463234005e-05 63802 
5.7075 0.01094207873 7.478937761e-05 62843 
5.7085 0.01082325199 7.440281648e-05 62504 
5.7095 0.01115131231 7.579456433e-05 63671 
5.7105 0.01093922879 7.4766411e-05 62955 
5.7115 0.01116940514 7.591046767e-05 63832 
5.7125 0.01082438184 7.438469811e-05 62749 
5.7135 0.01103716689 7.55290961e-05 63156 
5.7145 0.01074648557 7.407184525e-05 62241 
5.7155 0.01073901832 7.395506205e-05 63091 
5.7165 0.01078898382 7.442171947e-05 62521 
5.7175 0.01110243362 7.555457438e-05 64197 
5.7185 0.01106846736 7.547036059e-05 63915 
5.7195 0.01098336209 7.521934595e-05 62871 
5.7205 0.01101582095 7.517066414e-05 63534 
5.7215 0.01101828942 7.528896654e-05 63444 
5.7225 0.01069575939 7.408995291e-05 61452 
5.7235 0.01083843656 7.468737409e-05 62336 
5.7245 0.01114116715 7.560717609e-05 64118 
5.7255 0.01098577456 7.491620166e-05 63516 
5.7265 0.01107719463 7.544086717e-05 63873 
5.7275 0.01109327517 7.573290757e-05 63624 
5.7285 0.01057318146 7.388752842e-05 60640 
5.7295 0.01099038706 7.514410973e-05 63375 
5.7305 0.01126378511 7.629358994e-05 64656 
5.7315 0.01079755369 7.466777239e-05 61875 
5.7325 0.01122711234 7.617702307e-05 64317 
5.7335 0.01099547743 7.519104421e-05 63365 
5.7345 0.01092538493 7.506645957e-05 62647 
5.7355 0.01097055144 7.523374894e-05 62887 
5.7365 0.01067195579 7.421810844e-05 61257 
5.7375 0.01132370744 7.657777881e-05 64477 
5.7385 0.01092839726 7.512479855e-05 62756 
5.7395 0.01117926409 7.604275908e-05 63488 
5.7405 0.01099272911 7.551676973e-05 62502 
5.7415 0.01111213845 7.592641507e-05 63583 
5.7425 0.01096855852 7.530606091e-05 62965 
5.7435 0.01091753578 7.520263323e-05 62832 
5.7445 0.01121275812 7.625435196e-05 63669 
5.7455 0.01094141159 7.532964731e-05 62626 
5.7465 0.01062652577 7.41267261e-05 61180 
5.7475 0.01104012542 7.566394552e-05 62916 
5.7485 0.01109544036 7.604740446e-05 63157 
5.7495 0.01085906096 7.512261767e-05 61764 
5.7505 0.01102456553 7.560742399e-05 63150 
5.7515 0.01084180742 7.506741723e-05 61665 
5.7525 0.01094292139 7.535627247e-05 62689 
5.7535 0.01125895778 7.641850124e-05 64025 
5.7545 0.01093674928 7.523548588e-05 62629 
5.7555 0.01101313659 7.56994459e-05 62520 
5.7565 0.01096514405 7.554309773e-05 62067 
5.7575 0.01098504975 7.562970594e-05 62328 
5.7585 0.0111073117 7.627860166e-05 62880 
5.7595 0.01124070786 7.67881847e-05 63011 
5.7605 0.01117545049 7.636255179e-05 63690 
5.7615 0.01116464416 7.617731905e-05 63323 
5.7625 0.01096319592 7.545356008e-05 62378 
5.7635 0.01125573499 7.677075402e-05 63800 
5.7645 0.01109676504 7.618411195e-05 63000 
5.7655 0.0110350315 7.575369137e-05 62771 
5.7665 0.01110831974 7.624465593e-05 63116 
5.7675 0.01084256229 7.517081741e-05 61803 
5.7685 0.01149549697 7.764020006e-05 64865 
5.7695 0.01104123039 7.629046277e-05 62340 
5.7705 0.01107530168 7.610383329e-05 62778 
5.7715 0.01118050828 7.647189366e-05 63341 
5.7725 0.01112400262 7.619682508e-05 63595 
5.7735 0.01103360163 7.6044994e-05 62571 
5.7745 0.01122001969 7.700468756e-05 63202 
5.7755 0.01093322018 7.554378447e-05 62096 
5.7765 0.01131066487 7.713349473e-05 63816 
5.7775 0.01107207785 7.6223887e-05 62502 
5.7785 0.01105777952 7.61671785e-05 62432 
5.7795 0.01129635452 7.720644422e-05 63208 
5.7805 0.01130918967 7.713506492e-05 63621 
5.7815 0.01102914803 7.61010071e-05 62956 
5.7825 0.01097854251 7.569482006e-05 62587 
5.7835 0.01152126367 7.77678785e-05 64975 
5.7845 0.01118249764 7.662736797e-05 63037 
5.7855 0.01114428471 7.652315445e-05 62893 
5.7865 0.01141956077 7.755339123e-05 64181 
5.7875 0.01101456879 7.612864831e-05 62302 
5.7885 0.01121455546 7.66784331e-05 63876 
5.7895 0.010961355 7.586464439e-05 62375 
5.7905 0.01125310166 7.686804053e-05 63396 
5.7915 0.01132197006 7.727620794e-05 63414 
5.7925 0.01106480681 7.625001819e-05 62364 
5.7935 0.01132775376 7.732893725e-05 63499 
5.7945 0.01132621872 7.733225471e-05 63396 
5.7955 0.01118660057 7.678649352e-05 62909 
5.7965 0.0112987191 7.701681795e-05 63450 
5.7975 0.0112318868 7.725949681e-05 62620 
5.7985 0.01124373388 7.687704632e-05 63614 
5.7995 0.01151324871 7.79060573e-05 64728 
5.8005 0.01117044454 7.687996709e-05 62577 
5.8015 0.01114092543 7.662641078e-05 62864 
5.8025 0.0113620055 7.772761148e-05 63187 
5.8035 0.01121131762 7.701556796e-05 62881 
5.8045 0.01117673066 7.671195798e-05 62909 
5.8055 0.0114858359 7.807600536e-05 64019 
5.8065 0.01139841667 7.754610346e-05 63912 
5.8075 0.01119790882 7.700478593e-05 62663 
5.8085 0.01120099795 7.699938584e-05 63014 
5.8095 0.0110739152 7.639322136e-05 62200 
5.8105 0.01149841687 7.790832059e-05 64616 
5.8115 0.01112695974 7.69072177e-05 62077 
5.8125 0.01136373485 7.749023126e-05 63652 
5.8135 0.01130365062 7.742462006e-05 63322 
5.8145 0.01153938874 7.816975779e-05 64458 
5.8155 0.0112971756 7.706296912e-05 63810 
5.8165 0.01133888927 7.740368306e-05 63238 
5.8175 0.01125801358 7.714267717e-05 62914 
5.8185 0.01100283483 7.600306545e-05 62891 
5.8195 0.01124320165 7.715000578e-05 63069 
5.8205 0.01118229161 7.675113459e-05 62983 
5.8215 0.0114396604 7.779530273e-05 64008 
5.8225 0.01119063704 7.685691438e-05 62873 
5.8235 0.01130799731 7.741228114e-05 63491 
5.8245 0.01147367098 7.765335928e-05 64695 
5.8255 0.01130136005 7.736820373e-05 63612 
5.8265 0.01126506935 7.727027962e-05 63252 
5.8275 0.01107903656 7.650513664e-05 62065 
5.8285 0.01138745466 7.761912858e-05 63729 
5.8295 0.01128876321 7.736610646e-05 63231 
5.8305 0.01156878157 7.819488627e-05 64666 
5.8315 0.01129283959 7.707729442e-05 63907 
5.8325 0.01140187952 7.760499039e-05 64317 
5.8335 0.01118925743 7.682233037e-05 63360 
5.8345 0.01127630962 7.722221331e-05 63190 
5.8355 0.01141725024 7.766740848e-05 63895 
5.8365 0.01140722529 7.755707381e-05 64198 
5.8375 0.01159086611 7.843422819e-05 64775 
5.8385 0.01134437499 7.761637095e-05 63385 
5.8395 0.011538655 7.826445548e-05 64268 
5.8405 0.01144581945 7.786852374e-05 64010 
5.8415 0.01154319418 7.832291159e-05 64487 
5.8425 0.01137102612 7.765493856e-05 63768 
5.8435 0.01136035974 7.749545629e-05 63574 
5.8445 0.01122754839 7.712878396e-05 62410 
5.8455 0.01134033784 7.765659956e-05 63027 
5.8465 0.01134899777 7.767603438e-05 63040 
5.8475 0.01117783031 7.695127941e-05 62715 
5.8485 0.01130084446 7.734632263e-05 63847 
5.8495 0.01123776389 7.729782052e-05 62995 
5.8505 0.01146127153 7.817685225e-05 63913 
5.8515 0.0115503181 7.839407583e-05 64647 
5.8525 0.01150797978 7.828975488e-05 64085 
5.8535 0.01147902541 7.800676866e-05 64165 
5.8545 0.01140541564 7.795848346e-05 63502 
5.8555 0.01115298796 7.728928249e-05 61975 
5.8565 0.01149107553 7.812671475e-05 64420 
5.8575 0.0113252823 7.777073835e-05 62747 
5.8585 0.01132163868 7.771022935e-05 62922 
5.8595 0.01150887472 7.836930124e-05 64116 
5.8605 0.01156500449 7.858892347e-05 64709 
5.8615 0.01142595744 7.799830934e-05 63551 
5.8625 0.01166962261 7.906592492e-05 64698 
5.8635 0.01130513227 7.770707293e-05 62825 
5.8645 0.01146381185 7.832662105e-05 63675 
5.8655 0.0112417887 7.736227541e-05 62928 
5.8665 0.0114130359 7.812960427e-05 63594 
5.8675 0.01138694491 7.803777786e-05 63805 
5.8685 0.01115111251 7.712875792e-05 62281 
5.8695 0.0114261579 7.807390364e-05 64033 
5.8705 0.01162866963 7.898281968e-05 64331 
5.8715 0.011518601 7.841350728e-05 63948 
5.8725 0.01148083722 7.839075123e-05 63557 
5.8735 0.01154462655 7.8719806e-05 63658 
5.8745 0.01137746797 7.790203651e-05 63163 
5.8755 0.01142191921 7.802025798e-05 63843 
5.8765 0.01135605197 7.801775757e-05 62880 
5.8775 0.01157507684 7.88672898e-05 63811 
5.8785 0.01141672832 7.799803045e-05 63751 
5.8795 0.01131747451 7.773619063e-05 62938 
5.8805 0.01169171186 7.934413764e-05 64401 
5.8815 0.01149988836 7.840533523e-05 63833 
5.8825 0.01139469026 7.819410433e-05 63382 
5.8835 0.01147049794 7.836070032e-05 63734 
5.8845 0.01130809345 7.796977808e-05 62786 
5.8855 0.01159215738 7.872857221e-05 64604 
5.8865 0.01159261217 7.927754167e-05 63351 
5.8875 0.01139844284 7.8356656e-05 63048 
5.8885 0.01136733268 7.821688764e-05 62766 
5.8895 0.01158574506 7.911506884e-05 63617 
5.8905 0.01112406272 7.726656451e-05 62428 
5.8915 0.01153074711 7.889231313e-05 64025 
5.8925 0.011603643 7.912865597e-05 63922 
5.8935 0.01168047144 7.942182201e-05 64209 
5.8945 0.01158496841 7.902694759e-05 63949 
5.8955 0.01165470495 7.938692925e-05 63949 
5.8965 0.01135851022 7.795730354e-05 63097 
5.8975 0.01174513581 7.950116498e-05 65044 
5.8985 0.01155803738 7.906458347e-05 63462 
5.8995 0.01150885484 7.899518656e-05 63001 
5.9005 0.01137597744 7.820487266e-05 62892 
5.9015 0.01153517552 7.878301079e-05 63720 
5.9025 0.01150312727 7.865637203e-05 63954 
5.9035 0.01130730441 7.821443817e-05 62756 
5.9045 0.01165453291 7.948428561e-05 64322 
5.9055 0.01142382585 7.851716101e-05 63387 
5.9065 0.01174037094 7.986522311e-05 64512 
5.9075 0.01182001746 7.980289137e-05 65213 
5.9085 0.01188555056 8.035056646e-05 64715 
5.9095 0.01137928923 7.826442208e-05 63171 
5.9105 0.01187433564 8.055098286e-05 64299 
5.9115 0.01220877548 8.175810196e-05 65849 
5.9125 0.01179796007 7.990265124e-05 64700 
5.9135 0.01161300983 7.934511927e-05 64051 
5.9145 0.0115178887 7.904841363e-05 63263 
5.9155 0.01139097542 7.859052855e-05 62785 
5.9165 0.0116333546 7.95475625e-05 63884 
5.9175 0.01154180289 7.911685789e-05 63543 
5.9185 0.01146894712 7.891466185e-05 63631 
5.9195 0.0117278288 8.000466263e-05 63673 
5.9205 0.01153165335 7.909909229e-05 63746 
5.9215 0.01146117433 7.877483066e-05 63080 
5.9225 0.01157109544 7.934317159e-05 63395 
5.9235 0.01175522387 8.006422446e-05 64423 
5.9245 0.01146074953 7.896626022e-05 63008 
5.9255 0.01152584516 7.946428146e-05 62713 
5.9265 0.0116601632 7.961921744e-05 64180 
5.9275 0.01181081537 8.018045247e-05 64838 
5.9285 0.01171574857 7.989707603e-05 64690 
5.9295 0.01149854138 7.942430005e-05 62448 
5.9305 0.01171783843 7.989264573e-05 64077 
5.9315 0.01179007303 8.022177638e-05 64463 
5.9325 0.01173995426 7.985795542e-05 64515 
5.9335 0.01169174073 7.988484314e-05 63880 
5.9345 0.01182663456 8.020553699e-05 64730 
5.9355 0.01191312443 8.081599294e-05 64808 
5.9365 0.01162512658 7.947707857e-05 64099 
5.9375 0.01178636547 8.034018204e-05 64522 
5.9385 0.01189296695 8.069688039e-05 64662 
5.9395 0.01177155945 8.017194345e-05 64235 
5.9405 0.01178141687 7.998357411e-05 64178 
5.9415 0.01158515424 7.963560888e-05 63348 
5.9425 0.01154851501 7.972951326e-05 62629 
5.9435 0.011626461 7.975666473e-05 63914 
5.9445 0.01157593944 7.963926703e-05 63714 
5.9455 0.01149599575 7.9295195e-05 63057 
5.9465 0.01177296347 8.041795693e-05 64029 
5.9475 0.01136383746 7.901202914e-05 61508 
5.9485 0.01178464678 8.060066896e-05 63884 
5.9495 0.01156548349 7.97368543e-05 63319 
5.9505 0.01185714301 8.070969237e-05 63889 
5.9515 0.01149205366 7.925142311e-05 62816 
5.9525 0.0118843727 8.072972898e-05 64713 
5.9535 0.01170426413 8.020161596e-05 63620 
5.9545 0.01160053784 7.980913325e-05 62984 
5.9555 0.01185890672 8.069408565e-05 64333 
5.9565 0.01184413086 8.064948772e-05 64418 
5.9575 0.01175380437 8.028598862e-05 63729 
5.9585 0.01176530459 8.027657587e-05 64104 
5.9595 0.01177763754 8.027626118e-05 64799 
5.9605 0.01201254502 8.135776736e-05 65073 
5.9615 0.01189225356 8.096550877e-05 64456 
5.9625 0.01173612377 8.04055869e-05 63608 
5.9635 0.01157637678 7.974241435e-05 63278 
5.9645 0.01185005451 8.109530705e-05 63786 
5.9655 0.01145269558 7.944721344e-05 62275 
5.9665 0.01172007897 8.048948102e-05 63381 
5.9675 0.01175513478 8.059611731e-05 63925 
5.9685 0.01198770566 8.154423471e-05 64169 
5.9695 0.01193040679 8.118137556e-05 63930 
5.9705 0.01190543598 8.109016168e-05 64080 
5.9715 0.0115497111 8.009495673e-05 62612 
5.9725 0.01169116048 8.019197112e-05 63445 
5.9735 0.01190082854 8.092365927e-05 64231 
5.9745 0.01201945419 8.170676788e-05 64921 
5.9755 0.01189451447 8.107620796e-05 64049 
5.9765 0.01180665756 8.076079614e-05 63603 
5.9775 0.01182748497 8.102156417e-05 63595 
5.9785 0.01156295406 7.984016368e-05 63214 
5.9795 0.01195000154 8.127886472e-05 64580 
5.9805 0.01181801024 8.072283456e-05 64486 
5.9815 0.01182092738 8.10408663e-05 63652 
5.9825 0.01175629749 8.081092164e-05 63443 
5.9835 0.0114912609 7.97055899e-05 62554 
5.9845 0.0118449678 8.120974653e-05 63613 
5.9855 0.01174015134 8.078030229e-05 62592 
5.9865 0.01187884729 8.13524762e-05 63535 
5.9875 0.01187626866 8.122897079e-05 63642 
5.9885 0.01156050869 7.990682781e-05 62355 
5.9895 0.01174580396 8.060091538e-05 63630 
5.9905 0.0121494339 8.233711127e-05 65174 
5.9915 0.01187483834 8.126523934e-05 64196 
5.9925 0.01221858144 8.256806129e-05 65539 
5.9935 0.01181805143 8.111637008e-05 63155 
5.9945 0.01171688468 8.082051731e-05 62873 
5.9955 0.01188524524 8.149638655e-05 63303 
5.9965 0.01185927285 8.108613719e-05 63982 
5.9975 0.01185220752 8.119813334e-05 63195 
5.9985 0.0118898499 8.126948682e-05 63719 
5.9995 0.01216998487 8.233962876e-05 64853 
6.0005 0.01202926637 8.175619362e-05 64666 
6.0015 0.01194547207 8.162886383e-05 63851 
6.0025 0.01195399234 8.173755285e-05 64058 
6.0035 0.01191105366 8.160724628e-05 63675 
6.0045 0.01178501888 8.097779406e-05 63741 
6.0055 0.01196216508 8.191637251e-05 63090 
6.0065 0.01189200317 8.154354414e-05 64019 
6.0075 0.01178561785 8.11171345e-05 63233 
6.0085 0.01203970411 8.215183073e-05 63996 
6.0095 0.01194746902 8.163205422e-05 64238 
6.0105 0.01186342979 8.138661623e-05 63871 
6.0115 0.01196307131 8.166105705e-05 63890 
6.0125 0.01166509233 8.076969532e-05 62421 
6.0135 0.01200754569 8.174453055e-05 65017 
6.0145 0.01199852947 8.187835522e-05 64497 
6.0155 0.01174317823 8.107563579e-05 62905 
6.0165 0.01197706627 8.187501825e-05 64267 
6.0175 0.01199624969 8.213152898e-05 63851 
6.0185 0.01204928958 8.217883415e-05 63908 
6.0195 0.01191861574 8.186629058e-05 63251 
6.0205 0.01177541178 8.112802935e-05 63053 
6.0215 0.01200453292 8.231953754e-05 63704 
6.0225 0.01192146505 8.177404692e-05 63766 
6.0235 0.01195703141 8.211184233e-05 63746 
6.0245 0.01195833821 8.172996773e-05 64049 
6.0255 0.01169349852 8.088811279e-05 62826 
6.0265 0.0117233559 8.127341605e-05 62393 
6.0275 0.01205083052 8.228671717e-05 64418 
6.0285 0.01198570551 8.202125686e-05 64229 
6.0295 0.0120170211 8.21521883e-05 64132 
6.0305 0.01217812311 8.277749406e-05 64935 
6.0315 0.01204564347 8.225777009e-05 64006 
6.0325 0.01212799662 8.261318212e-05 64098 
6.0335 0.01217752706 8.290689221e-05 64495 
6.0345 0.01182910598 8.145881257e-05 63460 
6.0355 0.01215558952 8.26046056e-05 64692 
6.0365 0.01213380104 8.264548549e-05 64314 
6.0375 0.01201798566 8.231171316e-05 63785 
6.0385 0.01187366707 8.177917295e-05 62952 
6.0395 0.01206648654 8.252279253e-05 63998 
6.0405 0.01201490961 8.240721001e-05 63822 
6.0415 0.01213281229 8.269075231e-05 64236 
6.0425 0.01199618558 8.253863523e-05 63198 
6.0435 0.0119288018 8.193888031e-05 63452 
6.0445 0.01202937611 8.263204743e-05 63711 
6.0455 0.01219198727 8.321769668e-05 63913 
6.0465 0.01195453087 8.208565712e-05 63596 
6.0475 0.01211211516 8.280326001e-05 64257 
6.0485 0.011901384 8.199678197e-05 63322 
6.0495 0.01194271187 8.213912328e-05 63728 
6.0505 0.01207508144 8.277126206e-05 63490 
6.0515 0.01215371161 8.309623874e-05 63936 
6.0525 0.01208598802 8.276650973e-05 63616 
6.0535 0.01188071752 8.198632108e-05 63029 
6.0545 0.01197196016 8.249257128e-05 62920 
6.0555 0.01231573096 8.382772674e-05 64396 
6.0565 0.01220455218 8.341823595e-05 64093 
6.0575 0.01213720783 8.292195468e-05 64393 
6.0585 0.0118676312 8.218663746e-05 62682 
6.0595 0.01213235423 8.300990866e-05 63875 
6.0605 0.01215991827 8.302393503e-05 64243 
6.0615 0.0120229118 8.258973159e-05 63304 
6.0625 0.01230343447 8.381583077e-05 64632 
6.0635 0.01181705716 8.18077786e-05 62881 
6.0645 0.01209838375 8.287515295e-05 63845 
6.0655 0.01203190063 8.269718828e-05 63648 
6.0665 0.01236391555 8.41529063e-05 64407 
6.0675 0.01216385025 8.330142407e-05 64086 
6.0685 0.01210338866 8.2990348e-05 63872 
6.0695 0.01200890553 8.300975269e-05 62607 
6.0705 0.01182713776 8.196910089e-05 63075 
6.0715 0.01185300448 8.219149889e-05 63069 
6.0725 0.01218804722 8.342757845e-05 63887 
6.0735 0.01230300677 8.375881118e-05 64416 
6.0745 0.0123547061 8.436337425e-05 64180 
6.0755 0.01234941949 8.413089094e-05 64097 
6.0765 0.01209658771 8.304062323e-05 63134 
6.0775 0.01200166283 8.260773021e-05 63276 
6.0785 0.01207719036 8.288690406e-05 63415 
6.0795 0.01221889469 8.363125188e-05 64171 
6.0805 0.01228775863 8.407304376e-05 63748 
6.0815 0.01222271764 8.357428494e-05 63918 
6.0825 0.01216733982 8.342322137e-05 63945 
6.0835 0.01192797705 8.251685286e-05 62647 
6.0845 0.01196572095 8.30577123e-05 62406 
6.0855 0.01240727778 8.454927857e-05 64548 
6.0865 0.01214638818 8.312936969e-05 64108 
6.0875 0.01212456528 8.348478412e-05 63081 
6.0885 0.01239721533 8.448890938e-05 64821 
6.0895 0.01223212982 8.38378248e-05 63992 
6.0905 0.01205784271 8.290325704e-05 63437 
6.0915 0.01223891267 8.384707766e-05 64054 
6.0925 0.0121248729 8.342483236e-05 63573 
6.0935 0.01223350486 8.351676685e-05 63805 
6.0945 0.01228908067 8.389834507e-05 64394 
6.0955 0.01233133497 8.414665439e-05 64526 
6.0965 0.01216067493 8.344839396e-05 63934 
6.0975 0.01234454762 8.456180181e-05 63903 
6.0985 0.01234519927 8.445205264e-05 63885 
6.0995 0.01232756287 8.419093945e-05 64190 
6.1005 0.01214637849 8.348337089e-05 63810 
6.1015 0.01196304475 8.267935971e-05 62958 
6.1025 0.01227670117 8.405931685e-05 63909 
6.1035 0.01200131949 8.32795516e-05 62383 
6.1045 0.01225135408 8.382909452e-05 63705 
6.1055 0.01225872037 8.407480243e-05 63895 
6.1065 0.0121826459 8.339488791e-05 64092 
6.1075 0.01221051897 8.396515939e-05 63175 
6.1085 0.01226497896 8.43493369e-05 63424 
6.1095 0.01233730566 8.453923672e-05 64316 
6.1105 0.01214887206 8.365961007e-05 63249 
6.1115 0.01218310757 8.364963564e-05 63985 
6.1125 0.01188555727 8.270009049e-05 62044 
6.1135 0.01223045979 8.385883307e-05 63590 
6.1145 0.01205242333 8.331439622e-05 62691 
6.1155 0.01220618435 8.388261319e-05 63985 
6.1165 0.01233617165 8.440673968e-05 64083 
6.1175 0.01221721282 8.389805075e-05 63396 
6.1185 0.01225730126 8.412333548e-05 63876 
6.1195 0.01224311819 8.421623804e-05 63494 
6.1205 0.01246648947 8.49103077e-05 64536 
6.1215 0.01240129269 8.472929524e-05 64227 
6.1225 0.01232783825 8.450057224e-05 64045 
6.1235 0.01250380957 8.496886433e-05 64616 
6.1245 0.01205882592 8.341451084e-05 63063 
6.1255 0.01201805439 8.342749508e-05 62279 
6.1265 0.01234945061 8.468772327e-05 63745 
6.1275 0.01242631859 8.499360344e-05 64098 
6.1285 0.01223519918 8.406930252e-05 63526 
6.1295 0.01232145584 8.47036873e-05 63334 
6.1305 0.01229438551 8.453835888e-05 63213 
6.1315 0.01245821775 8.522194331e-05 64203 
6.1325 0.01222393127 8.42388503e-05 63490 
6.1335 0.01248555772 8.525824802e-05 64488 
6.1345 0.01227537981 8.442097379e-05 63707 
6.1355 0.01238865473 8.459102545e-05 64402 
6.1365 0.01241493133 8.489640184e-05 64074 
6.1375 0.01253247747 8.543713232e-05 64970 
6.1385 0.01236964071 8.479068351e-05 63219 
6.1395 0.01242983112 8.517158887e-05 63663 
6.1405 0.01224774789 8.425892157e-05 64090 
6.1415 0.01219714827 8.452629102e-05 62403 
6.1425 0.01256116688 8.552240836e-05 65000 
6.1435 0.01246151394 8.520425861e-05 64475 
6.1445 0.0123878642 8.497167229e-05 63894 
6.1455 0.01221082322 8.425848845e-05 63175 
6.1465 0.01233463789 8.490335739e-05 63375 
6.1475 0.01254173995 8.556143953e-05 64190 
6.1485 0.01263349753 8.596242297e-05 65248 
6.1495 0.012676343 8.603325696e-05 64801 
6.1505 0.01228325814 8.46670172e-05 63477 
6.1515 0.01238796792 8.499903652e-05 63863 
6.1525 0.01228203015 8.453442045e-05 63966 
6.1535 0.01240782522 8.510123753e-05 64064 
6.1545 0.01251072209 8.556783316e-05 63915 
6.1555 0.01232010924 8.4891474e-05 62979 
6.1565 0.01232352367 8.491021737e-05 63435 
6.1575 0.0124922727 8.543178778e-05 63985 
6.1585 0.01258852621 8.619210728e-05 64034 
6.1595 0.01267906108 8.62514504e-05 64954 
6.1605 0.01224887752 8.472217113e-05 63003 
6.1615 0.01238847774 8.514678124e-05 63671 
6.1625 0.01230336122 8.486768267e-05 63043 
6.1635 0.01240514132 8.498365018e-05 64113 
6.1645 0.01264762839 8.615877878e-05 64037 
6.1655 0.01240065668 8.507189581e-05 63997 
6.1665 0.01244774746 8.54757073e-05 63606 
6.1675 0.01273540874 8.674125695e-05 64929 
6.1685 0.01249839344 8.580908168e-05 63649 
6.1695 0.01268934664 8.614778024e-05 65401 
6.1705 0.01217546748 8.450900985e-05 62591 
6.1715 0.01227700714 8.500614361e-05 62918 
6.1725 0.01257040133 8.57980946e-05 64485 
6.1735 0.01229714199 8.509929836e-05 62847 
6.1745 0.01242870158 8.570350343e-05 63395 
6.1755 0.0123066443 8.50107998e-05 63279 
6.1765 0.01243697765 8.581419717e-05 63481 
6.1775 0.01249222152 8.589862234e-05 63564 
6.1785 0.01256935449 8.630374006e-05 63768 
6.1795 0.01250781905 8.590562542e-05 63702 
6.1805 0.01229906944 8.520616494e-05 62753 
6.1815 0.01247093586 8.562832585e-05 64192 
6.1825 0.0124652724 8.584391447e-05 63694 
6.1835 0.01243999688 8.576010402e-05 63109 
6.1845 0.01260257743 8.621584059e-05 64060 
6.1855 0.01255971493 8.624707537e-05 62951 
6.1865 0.01230731821 8.522766459e-05 62663 
6.1875 0.01232756522 8.522699792e-05 63463 
6.1885 0.01241529735 8.55854745e-05 63749 
6.1895 0.01269112954 8.667452036e-05 64273 
6.1905 0.01251722949 8.616361089e-05 63777 
6.1915 0.01245293655 8.575420552e-05 63170 
6.1925 0.01250521069 8.598627654e-05 63230 
6.1935 0.01249707147 8.6107235e-05 63683 
6.1945 0.01210180984 8.449284736e-05 61887 
6.1955 0.01245760467 8.600809218e-05 62775 
6.1965 0.01236757663 8.572448576e-05 62764 
6.1975 0.01245233984 8.593022823e-05 63061 
6.1985 0.01250611632 8.630205946e-05 63696 
6.1995 0.01238968289 8.569788666e-05 62944 
6.2005 0.01246871193 8.590447218e-05 63632 
6.2015 0.01233996265 8.555564371e-05 62945 
6.2025 0.01265448564 8.678822228e-05 64131 
6.2035 0.01247601661 8.593567124e-05 63846 
6.2045 0.01241340966 8.578891319e-05 62970 
6.2055 0.01249506043 8.595268561e-05 63857 
6.2065 0.0126836458 8.678726907e-05 64236 
6.2075 0.01254211539 8.644419446e-05 63555 
6.2085 0.01240451987 8.591695962e-05 62938 
6.2095 0.01259796252 8.664666551e-05 64177 
6.2105 0.01267969704 8.668284678e-05 64716 
6.2115 0.01279256353 8.710164211e-05 64655 
6.2125 0.01239591058 8.586020455e-05 62832 
6.2135 0.01243360217 8.597019746e-05 63135 
6.2145 0.01230625471 8.535974302e-05 62489 
6.2155 0.0126149683 8.666947344e-05 63840 
6.2165 0.01252340165 8.683428486e-05 62371 
6.2175 0.01259130297 8.680534101e-05 63707 
6.2185 0.0127456511 8.740899964e-05 64270 
6.2195 0.01239708578 8.620008135e-05 62134 
6.2205 0.01250285361 8.645912236e-05 63043 
6.2215 0.01257120607 8.659190181e-05 63533 
6.2225 0.01210666937 8.488241914e-05 61862 
6.2235 0.01219865414 8.542480163e-05 61437 
6.2245 0.01272191497 8.7050231e-05 64516 
6.2255 0.01254422311 8.648469161e-05 63608 
6.2265 0.01242508316 8.592760963e-05 63024 
6.2275 0.01272484632 8.704707027e-05 64508 
6.2285 0.01274498728 8.758253671e-05 63680 
6.2295 0.01239571726 8.603536949e-05 62591 
6.2305 0.0125495697 8.678439652e-05 63253 
6.2315 0.01249964343 8.664267307e-05 62762 
6.2325 0.01285494587 8.754568468e-05 64570 
6.2335 0.01276919921 8.758376739e-05 63895 
6.2345 0.01264080701 8.716850732e-05 63569 
6.2355 0.01256466643 8.684714539e-05 63579 
6.2365 0.01260369479 8.69124876e-05 63314 
6.2375 0.01251994845 8.667177199e-05 62562 
6.2385 0.01210812048 8.503955591e-05 61354 
6.2395 0.01271466233 8.748245824e-05 63563 
6.2405 0.01256892845 8.667514199e-05 63343 
6.2415 0.01285933582 8.810656912e-05 64128 
6.2425 0.01236541086 8.617234898e-05 62535 
6.2435 0.01277445967 8.765729229e-05 64265 
6.2445 0.01270060018 8.735580647e-05 63890 
6.2455 0.01277022334 8.762810644e-05 64209 
6.2465 0.01255957515 8.697619007e-05 63312 
6.2475 0.01245752464 8.660432111e-05 62505 
6.2485 0.01277084617 8.728819551e-05 64473 
6.2495 0.01284992496 8.827520186e-05 63758 
6.2505 0.0124333029 8.637327911e-05 62650 
6.2515 0.01280742406 8.792525619e-05 63700 
6.2525 0.01254042107 8.66578333e-05 63407 
6.2535 0.01257738534 8.682031732e-05 62967 
6.2545 0.01272081686 8.775376927e-05 63259 
6.2555 0.01301176411 8.859774095e-05 64881 
6.2565 0.01277381055 8.775709198e-05 64060 
6.2575 0.01271008411 8.742527664e-05 63675 
6.2585 0.01267016921 8.764657562e-05 63316 
6.2595 0.0127772136 8.820212363e-05 63073 
6.2605 0.01272587366 8.767434589e-05 63228 
6.2615 0.0125819376 8.760807287e-05 62260 
6.2625 0.01272149881 8.741008504e-05 63601 
6.2635 0.01254749293 8.708009746e-05 62575 
6.2645 0.01262209969 8.700398172e-05 63621 
6.2655 0.01303043883 8.896368668e-05 64711 
6.2665 0.01279733047 8.814483024e-05 63596 
6.2675 0.0127001956 8.786253659e-05 63170 
6.2685 0.01264455065 8.736954541e-05 63196 
6.2695 0.01292411778 8.85880942e-05 64216 
6.2705 0.01286483251 8.837888754e-05 64121 
6.2715 0.01296357583 8.881629477e-05 63871 
6.2725 0.01271871164 8.794154298e-05 62992 
6.2735 0.01267972424 8.784405053e-05 62881 
6.2745 0.01286703325 8.84467212e-05 63856 
6.2755 0.01283182007 8.830733502e-05 63747 
6.2765 0.01274835371 8.812286972e-05 63191 
6.2775 0.0127343149 8.787075892e-05 63835 
6.2785 0.01317633133 8.993211874e-05 64382 
6.2795 0.01277517354 8.801493611e-05 63346 
6.2805 0.01291328534 8.876750756e-05 64141 
6.2815 0.01278619787 8.799801972e-05 63694 
6.2825 0.0128426432 8.823665565e-05 64272 
6.2835 0.01302331248 8.89143832e-05 64575 
6.2845 0.0126854479 8.797724416e-05 62526 
6.2855 0.01288587079 8.848637147e-05 64055 
6.2865 0.01280818673 8.865217032e-05 63194 
6.2875 0.01275441775 8.79162284e-05 64068 
6.2885 0.01259119794 8.763104134e-05 62344 
6.2895 0.01298146713 8.892345969e-05 64590 
6.2905 0.01274144262 8.836294647e-05 62575 
6.2915 0.01283525269 8.865368365e-05 63818 
6.2925 0.01314944997 8.966125869e-05 64714 
6.2935 0.01319147642 8.998632571e-05 64218 
6.2945 0.012884544 8.862763011e-05 63724 
6.2955 0.01288294748 8.886966501e-05 63660 
6.2965 0.01279688719 8.826851715e-05 63945 
6.2975 0.01271195895 8.809777358e-05 63015 
6.2985 0.01287253115 8.864274023e-05 63398 
6.2995 0.01266313155 8.782950663e-05 63048 
6.3005 0.01317793011 8.985830169e-05 64965 
6.3015 0.01275596831 8.806300732e-05 63753 
6.3025 0.01311699168 8.952714444e-05 65081 
6.3035 0.01277241472 8.872003665e-05 62489 
6.3045 0.01277880446 8.820760615e-05 63134 
6.3055 0.01292461399 8.90498054e-05 63478 
6.3065 0.01311405259 8.955191878e-05 64435 
6.3075 0.01311831375 8.95843533e-05 64328 
6.3085 0.01301423485 8.953266209e-05 64356 
6.3095 0.01297945634 8.962040315e-05 63668 
6.3105 0.01268202574 8.811901946e-05 62588 
6.3115 0.01268908061 8.827271157e-05 62539 
6.3125 0.01304518811 8.941556548e-05 64285 
6.3135 0.01310689312 9.01164137e-05 63955 
6.3145 0.01304182228 8.942755008e-05 64166 
6.3155 0.01303940834 8.9356612e-05 64347 
6.3165 0.01317191597 9.010381352e-05 64664 
6.3175 0.01301123307 8.931705734e-05 63959 
6.3185 0.01309121005 8.993458353e-05 64155 
6.3195 0.01293387207 8.942349282e-05 63121 
6.3205 0.01282428766 8.872562003e-05 63468 
6.3215 0.01304669309 8.966539512e-05 64079 
6.3225 0.01294458475 8.928014151e-05 63803 
6.3235 0.01285926527 8.896899683e-05 63727 
6.3245 0.013163208 9.02647549e-05 64405 
6.3255 0.01298239699 8.95942712e-05 63079 
6.3265 0.0132012984 9.031594717e-05 64730 
6.3275 0.01307148798 8.956332004e-05 64818 
6.3285 0.01295950725 8.950088766e-05 63626 
6.3295 0.0129489102 8.949114302e-05 63374 
6.3305 0.01291651911 8.922018056e-05 63195 
6.3315 0.01309195238 8.991509084e-05 63921 
6.3325 0.01287317816 8.90060007e-05 63094 
6.3335 0.01288530781 8.891614886e-05 63849 
6.3345 0.01278338087 8.877190409e-05 63531 
6.3355 0.01308562169 9.016898879e-05 63725 
6.3365 0.01280955556 8.89060446e-05 62554 
6.3375 0.01299777905 8.965910077e-05 62781 
6.3385 0.012801002 8.874909017e-05 63240 
6.3395 0.01294635892 8.94801589e-05 63391 
6.3405 0.01261747461 8.845186179e-05 62271 
6.3415 0.01316933838 9.066556455e-05 63677 
6.3425 0.01312045436 9.001496105e-05 64306 
6.3435 0.01293992549 8.936196636e-05 63239 
6.3445 0.01301374169 8.977977005e-05 63664 
6.3455 0.01302805737 8.978779103e-05 64075 
6.3465 0.01313655224 9.030316649e-05 63798 
6.3475 0.01334278389 9.116323305e-05 64376 
6.3485 0.01319891466 9.030154931e-05 64520 
6.3495 0.0130144135 8.984276161e-05 63904 
6.3505 0.01320193825 9.066960323e-05 64151 
6.3515 0.013162497 9.038268463e-05 64105 
6.3525 0.01319926829 9.09322445e-05 63762 
6.3535 0.01273682062 8.874316501e-05 62620 
6.3545 0.01275425176 8.863692884e-05 62892 
6.3555 0.01318979934 9.079489998e-05 63963 
6.3565 0.01273074293 8.895187291e-05 62466 
6.3575 0.01323256112 9.076891947e-05 64178 
6.3585 0.01306661652 9.041516136e-05 63127 
6.3595 0.01308555227 9.001519815e-05 64262 
6.3605 0.01305309932 9.025957216e-05 63233 
6.3615 0.01323477702 9.063450058e-05 64146 
6.3625 0.01301566799 9.026284915e-05 63113 
6.3635 0.01315797702 9.075980895e-05 63308 
6.3645 0.01302363814 8.999768654e-05 63388 
6.3655 0.01341646368 9.137497623e-05 65223 
6.3665 0.01305164109 9.000197027e-05 63367 
6.3675 0.0130988941 9.073541392e-05 63014 
6.3685 0.01284495215 8.945300648e-05 62937 
6.3695 0.01334551038 9.137246107e-05 64451 
6.3705 0.01324035909 9.09920318e-05 63975 
6.3715 0.01301593511 9.001364951e-05 63233 
6.3725 0.01302006351 9.025476871e-05 62968 
6.3735 0.0131471058 9.037079317e-05 64594 
6.3745 0.01304714413 9.023690794e-05 63437 
6.3755 0.0128217004 8.962140921e-05 62269 
6.3765 0.0132538103 9.125925273e-05 63827 
6.3775 0.01311291779 9.060777896e-05 63393 
6.3785 0.01330156582 9.103019348e-05 64464 
6.3795 0.01314910472 9.059795107e-05 64221 
6.3805 0.01298003366 9.004886612e-05 63382 
6.3815 0.0129976107 9.011629474e-05 63026 
6.3825 0.0130713878 9.037777892e-05 63608 
6.3835 0.01318070729 9.08429647e-05 64313 
6.3845 0.01357549623 9.2227892e-05 65559 
6.3855 0.0128364393 8.941239382e-05 62451 
6.3865 0.01304631093 9.03527688e-05 63164 
6.3875 0.01328749207 9.142464119e-05 63349 
6.3885 0.01332864576 9.157787851e-05 64150 
6.3895 0.01351872045 9.242100151e-05 64531 
6.3905 0.01298145968 9.029194321e-05 62817 
6.3915 0.01298858361 9.061159287e-05 62440 
6.3925 0.01292918921 8.981073425e-05 62799 
6.3935 0.01304611969 9.064232286e-05 62939 
6.3945 0.01316694436 9.101938189e-05 63306 
6.3955 0.01316099032 9.102940579e-05 63881 
6.3965 0.01307696483 9.082513413e-05 63502 
6.3975 0.01317880194 9.092322112e-05 63956 
6.3985 0.01326609631 9.169234736e-05 63697 
6.3995 0.01337493594 9.197294241e-05 64269 
6.4005 0.01329102582 9.162119823e-05 63606 
6.4015 0.01324190747 9.126451771e-05 63742 
6.4025 0.01293560446 9.02296548e-05 62308 
6.4035 0.01314102744 9.108509172e-05 62953 
6.4045 0.01321385201 9.15134218e-05 63525 
6.4055 0.01297818753 9.042142947e-05 62526 
6.4065 0.01313266025 9.097470754e-05 63248 
6.4075 0.01333250224 9.158194038e-05 64346 
6.4085 0.0133091027 9.177665786e-05 63868 
6.4095 0.01330976571 9.197806931e-05 63088 
6.4105 0.01300407089 9.063292107e-05 62911 
6.4115 0.01321538702 9.135355416e-05 63364 
6.4125 0.01346762334 9.216669965e-05 65085 
6.4135 0.01337041195 9.196387498e-05 64633 
6.4145 0.01312422914 9.106210491e-05 62820 
6.4155 0.01310904079 9.08577327e-05 63346 
6.4165 0.01348092705 9.236353327e-05 64923 
6.4175 0.0128613934 8.994845964e-05 62357 
6.4185 0.01300525031 9.060025427e-05 62878 
6.4195 0.01315314285 9.122577377e-05 62779 
6.4205 0.01334867132 9.207553505e-05 64014 
6.4215 0.01322764796 9.129933958e-05 63724 
6.4225 0.01334194431 9.213805371e-05 63509 
6.4235 0.01327675045 9.171209525e-05 63526 
6.4245 0.01326808771 9.167022959e-05 64133 
6.4255 0.01331686159 9.196394173e-05 63907 
6.4265 0.01294930723 9.034668389e-05 62725 
6.4275 0.01323273475 9.171061699e-05 63156 
6.4285 0.01337277349 9.243221378e-05 63201 
6.4295 0.01331293022 9.218928201e-05 63168 
6.4305 0.01325825604 9.178783896e-05 63735 
6.4315 0.01337164853 9.227710942e-05 63481 
6.4325 0.01360842495 9.325727947e-05 64410 
6.4335 0.01333396009 9.226917774e-05 63335 
6.4345 0.01345688232 9.263941923e-05 63720 
6.4355 0.01349658674 9.267969424e-05 64447 
6.4365 0.01329341268 9.209698786e-05 63168 
6.4375 0.0132124703 9.173475479e-05 62782 
6.4385 0.01336020554 9.236863938e-05 63426 
6.4395 0.01308422478 9.124839219e-05 62541 
6.4405 0.01305550953 9.107512389e-05 62658 
6.4415 0.01339171032 9.259790178e-05 62976 
6.4425 0.0132331572 9.188366326e-05 63135 
6.4435 0.01360345022 9.334817308e-05 64119 
6.4445 0.01326935217 9.170030557e-05 64020 
6.4455 0.01344128691 9.287958957e-05 63325 
6.4465 0.01348080905 9.302015255e-05 63689 
6.4475 0.01356303621 9.319345684e-05 64342 
6.4485 0.01363716797 9.359365678e-05 64775 
6.4495 0.0132056176 9.21226359e-05 62419 
6.4505 0.01337984497 9.22721502e-05 64150 
6.4515 0.0134115689 9.310238623e-05 63127 
6.4525 0.01332861467 9.230919e-05 63263 
6.4535 0.0135389192 9.324602653e-05 63888 
6.4545 0.01327250944 9.207187659e-05 63113 
6.4555 0.01333535585 9.263642248e-05 62704 
6.4565 0.01333810951 9.227702886e-05 63623 
6.4575 0.01348544906 9.305519866e-05 63462 
6.4585 0.01330369892 9.24114408e-05 62359 
6.4595 0.01335114849 9.234879891e-05 63750 
6.4605 0.01336286002 9.266675326e-05 63338 
6.4615 0.01375142183 9.440263257e-05 64165 
6.4625 0.013666761 9.359847813e-05 65060 
6.4635 0.01348056223 9.284005267e-05 64119 
6.4645 0.01311498005 9.200433946e-05 61584 
6.4655 0.01313749864 9.193792489e-05 62546 
6.4665 0.01336936748 9.276863093e-05 63512 
6.4675 0.01336659735 9.288533188e-05 63138 
6.4685 0.0132126667 9.224968567e-05 62757 
6.4695 0.01338226069 9.268808098e-05 63380 
6.4705 0.01338409653 9.291627356e-05 63118 
6.4715 0.01368679283 9.393565453e-05 64558 
6.4725 0.01340226537 9.266350792e-05 63710 
6.4735 0.01360144988 9.376025762e-05 64328 
6.4745 0.01347508409 9.311788686e-05 64057 
6.4755 0.01323443742 9.224294922e-05 62614 
6.4765 0.01339803126 9.30288231e-05 62687 
6.4775 0.01345216937 9.30181884e-05 63986 
6.4785 0.01337196203 9.307823295e-05 63013 
6.4795 0.01351556493 9.357423314e-05 63388 
6.4805 0.01359274166 9.390348169e-05 63698 
6.4815 0.01343771159 9.332715519e-05 63199 
6.4825 0.01361773845 9.39007372e-05 64218 
6.4835 0.01357052882 9.344098211e-05 64303 
6.4845 0.01357148406 9.368973203e-05 64034 
6.4855 0.01334847936 9.27177818e-05 62866 
6.4865 0.0136039305 9.386293756e-05 63835 
6.4875 0.01356432735 9.364985088e-05 63871 
6.4885 0.01336575394 9.275073442e-05 63479 
6.4895 0.01385600582 9.489564852e-05 64659 
6.4905 0.01359669904 9.389203821e-05 63778 
6.4915 0.01383560267 9.456016398e-05 64924 
6.4925 0.01354391586 9.349257274e-05 63509 
6.4935 0.01339021223 9.313425279e-05 62801 
6.4945 0.01363511454 9.407320404e-05 64202 
6.4955 0.01354724521 9.375539832e-05 63306 
6.4965 0.01367446751 9.402810025e-05 64563 
6.4975 0.01367088751 9.431596238e-05 63867 
6.4985 0.01343965744 9.339958728e-05 63034 
6.4995 0.01333560822 9.293953919e-05 62957 
