# Format: McCode with text headers
# URL: http://www.mccode.org
# Creator:  3.5.2, git
# Instrument: templateSANS2.instr
# Ncount: 833333
# Trace: no
# Gravitation: no
# Seed: 1728481111262068
# Directory: LD_scan/8
# Nodes: 12
# Param: lambda=6
# Param: dlambda=0.6
# Param: r=150
# Param: PHI=0.001
# Param: Delta_Rho=6e+10
# Param: frac_dir=0.03
# Param: frac_inc=0.01
# Param: slit1=0.02
# Param: slit2=0.02
# Param: LC=3
# Param: LD=9
# Date: Wed Oct  9 15:38:33 2024 (1728481113)
# type: array_1d(1000)
# Source: templateSANS2 (templateSANS2.instr)
# component: Ldetector
# position: 0 0 12.2
# title: Wavelength monitor
# Ncount: 9999996
# filename: Edet.dat
# statistics: X0=6.02663; dX=0.287721;
# signal: Min=0.00772118; Max=0.0111531; Mean=0.00941047;
# values: 9.41047 0.00245536 4.66566e+07
# xvar: L
# yvar: (I,I_err)
# xlabel: Wavelength [AA]
# ylabel: Intensity
# xlimits: 5.5 6.5
# variables: L I I_err N
5.5005 0.007721179551 6.416870491e-05 46022 
5.5015 0.008110597463 6.59102222e-05 47957 
5.5025 0.007948859948 6.527757919e-05 47031 
5.5035 0.008007475795 6.563992736e-05 46763 
5.5045 0.007790493553 6.468211998e-05 46246 
5.5055 0.008002988508 6.565519143e-05 47114 
5.5065 0.008253606141 6.659756033e-05 48409 
5.5075 0.008209310904 6.654916402e-05 48210 
5.5085 0.008007981967 6.571853818e-05 46679 
5.5095 0.007984924615 6.561550243e-05 46897 
5.5105 0.008015613444 6.553842226e-05 46616 
5.5115 0.007930563843 6.526106041e-05 46406 
5.5125 0.008036181016 6.575921732e-05 47015 
5.5135 0.007976064448 6.554404368e-05 46331 
5.5145 0.00798081013 6.566575159e-05 46665 
5.5155 0.007942553995 6.528680131e-05 46759 
5.5165 0.007962798636 6.529251541e-05 47050 
5.5175 0.008028067792 6.574361044e-05 47130 
5.5185 0.007832581219 6.474549291e-05 46117 
5.5195 0.008029544049 6.585102531e-05 46404 
5.5205 0.008031855114 6.598133404e-05 46868 
5.5215 0.007841727862 6.49540119e-05 45643 
5.5225 0.008135977315 6.618201486e-05 47303 
5.5235 0.008140894859 6.626303202e-05 47229 
5.5245 0.007913872809 6.53209134e-05 46500 
5.5255 0.007966143872 6.56586092e-05 46638 
5.5265 0.008080601103 6.603048847e-05 46903 
5.5275 0.007986999274 6.564424304e-05 46610 
5.5285 0.00815251164 6.647617638e-05 47232 
5.5295 0.00778815475 6.490041799e-05 45631 
5.5305 0.008044337144 6.582182891e-05 46991 
5.5315 0.008079340794 6.611922325e-05 46975 
5.5325 0.007965531441 6.575945147e-05 46297 
5.5335 0.008040768442 6.590916315e-05 46938 
5.5345 0.00809209574 6.622577632e-05 47085 
5.5355 0.007981410609 6.589273366e-05 46428 
5.5365 0.008062730649 6.613588922e-05 46947 
5.5375 0.008024721188 6.60418049e-05 46864 
5.5385 0.008167587651 6.669118993e-05 47135 
5.5395 0.008199322049 6.656262644e-05 47851 
5.5405 0.007966589828 6.574137733e-05 46767 
5.5415 0.007980742872 6.585331408e-05 46032 
5.5425 0.007982758729 6.601820301e-05 46391 
5.5435 0.007985044282 6.587382188e-05 46392 
5.5445 0.008224487102 6.693973847e-05 47416 
5.5455 0.008004110378 6.620527677e-05 46386 
5.5465 0.008062881014 6.631546295e-05 46271 
5.5475 0.00806913621 6.636590439e-05 46780 
5.5485 0.007902336033 6.55901076e-05 45872 
5.5495 0.008165472604 6.67042524e-05 46880 
5.5505 0.008192541413 6.686359321e-05 47111 
5.5515 0.008093258608 6.670918435e-05 46144 
5.5525 0.008131483867 6.677884979e-05 47064 
5.5535 0.008089522712 6.642124554e-05 46826 
5.5545 0.008054970565 6.625269042e-05 46666 
5.5555 0.008266971161 6.724329944e-05 47497 
5.5565 0.008121853324 6.674441254e-05 46846 
5.5575 0.008093103559 6.649106601e-05 46172 
5.5585 0.008039948815 6.623953347e-05 46133 
5.5595 0.008032646614 6.646985868e-05 46173 
5.5605 0.008145805968 6.688402442e-05 46562 
5.5615 0.008041979409 6.640804422e-05 46402 
5.5625 0.008206071833 6.70561797e-05 46925 
5.5635 0.008107901129 6.660034477e-05 46843 
5.5645 0.008357228525 6.769610252e-05 48179 
5.5655 0.00798565032 6.617613303e-05 45940 
5.5665 0.007944772277 6.595842012e-05 45890 
5.5675 0.00823137193 6.730742051e-05 46854 
5.5685 0.008153214346 6.705136944e-05 46533 
5.5695 0.007963325796 6.613036582e-05 45829 
5.5705 0.007853551727 6.556262136e-05 45711 
5.5715 0.008306792403 6.755164022e-05 47668 
5.5725 0.008132329276 6.700927479e-05 46647 
5.5735 0.008341292542 6.770317476e-05 47808 
5.5745 0.008104376042 6.69701403e-05 46271 
5.5755 0.007915812642 6.579533222e-05 46052 
5.5765 0.008109468961 6.683510106e-05 46588 
5.5775 0.008062406728 6.655015474e-05 46954 
5.5785 0.008045544291 6.652319566e-05 46320 
5.5795 0.007971903014 6.619753375e-05 45820 
5.5805 0.008209653348 6.737682741e-05 46920 
5.5815 0.008490330721 6.862034229e-05 47771 
5.5825 0.008046570729 6.649067379e-05 46732 
5.5835 0.008289096706 6.773707949e-05 47097 
5.5845 0.008176543464 6.721473029e-05 46706 
5.5855 0.008270459978 6.753441002e-05 47569 
5.5865 0.008089978401 6.675868237e-05 46309 
5.5875 0.008080149239 6.681704732e-05 46063 
5.5885 0.00824266425 6.754361043e-05 47036 
5.5895 0.008124494877 6.700840796e-05 46152 
5.5905 0.008167401925 6.711254762e-05 47346 
5.5915 0.00836370231 6.811016716e-05 47506 
5.5925 0.008303237046 6.801240287e-05 46428 
5.5935 0.008040671979 6.6669744e-05 45953 
5.5945 0.008090200351 6.708740347e-05 45682 
5.5955 0.008298219156 6.782571585e-05 46835 
5.5965 0.008234926298 6.755268203e-05 47300 
5.5975 0.00842107784 6.849071995e-05 47578 
5.5985 0.008210157049 6.743281629e-05 46397 
5.5995 0.008145193237 6.714463396e-05 46106 
5.6005 0.008152553541 6.741266556e-05 46287 
5.6015 0.008314701042 6.804781108e-05 47091 
5.6025 0.008208184988 6.75713408e-05 46523 
5.6035 0.008140047599 6.734429725e-05 45812 
5.6045 0.00805982174 6.690078691e-05 45945 
5.6055 0.008167975129 6.737499007e-05 46420 
5.6065 0.008212335032 6.753400669e-05 46730 
5.6075 0.008374356115 6.838189846e-05 47030 
5.6085 0.008300683177 6.7946394e-05 47245 
5.6095 0.008224351441 6.768097605e-05 46464 
5.6105 0.008361878283 6.841774863e-05 47139 
5.6115 0.008353851735 6.815326603e-05 47278 
5.6125 0.008099700937 6.71067284e-05 46074 
5.6135 0.008152530874 6.75334007e-05 46047 
5.6145 0.008186892534 6.762734182e-05 46411 
5.6155 0.008282844825 6.806474438e-05 46558 
5.6165 0.008233374508 6.772523597e-05 46499 
5.6175 0.008250426244 6.823961681e-05 46118 
5.6185 0.008389578573 6.863887616e-05 47104 
5.6195 0.008110704037 6.743134894e-05 45941 
5.6205 0.008283725185 6.803886756e-05 46835 
5.6215 0.008105654612 6.736633424e-05 45840 
5.6225 0.008130090317 6.745000784e-05 45998 
5.6235 0.008573883956 6.937337792e-05 48111 
5.6245 0.008420220199 6.864298767e-05 47309 
5.6255 0.008227774527 6.787317506e-05 46525 
5.6265 0.008191278636 6.786892031e-05 46085 
5.6275 0.008510213266 6.908541314e-05 47679 
5.6285 0.008140992252 6.752327919e-05 45933 
5.6295 0.008395913332 6.868683803e-05 47331 
5.6305 0.008063589598 6.712357396e-05 46014 
5.6315 0.008250111005 6.810479413e-05 46474 
5.6325 0.008617539234 6.968219995e-05 47882 
5.6335 0.008284718193 6.820070413e-05 46628 
5.6345 0.00832452364 6.84843013e-05 46674 
5.6355 0.008448409704 6.907811492e-05 46775 
5.6365 0.008209786814 6.789108218e-05 45887 
5.6375 0.008524061207 6.937284376e-05 47555 
5.6385 0.008336146007 6.849930889e-05 46511 
5.6395 0.008377522553 6.87219593e-05 46558 
5.6405 0.008345828582 6.834755666e-05 47557 
5.6415 0.008272513228 6.8284914e-05 46188 
5.6425 0.008328436474 6.842082821e-05 46887 
5.6435 0.008303526807 6.856150883e-05 46516 
5.6445 0.008434594844 6.894055253e-05 47095 
5.6455 0.008316896715 6.857904885e-05 46374 
5.6465 0.008349620755 6.894970166e-05 46419 
5.6475 0.008269404365 6.849723264e-05 45867 
5.6485 0.008387983578 6.904772838e-05 46790 
5.6495 0.008274456439 6.83243989e-05 46047 
5.6505 0.008334196676 6.854132295e-05 46911 
5.6515 0.00842872131 6.915883912e-05 46967 
5.6525 0.008308635891 6.853212136e-05 46579 
5.6535 0.008363254067 6.88867011e-05 46325 
5.6545 0.008363009084 6.885381702e-05 46792 
5.6555 0.008415941101 6.913919203e-05 46721 
5.6565 0.008375604183 6.895194905e-05 46749 
5.6575 0.008577182242 6.987221123e-05 47181 
5.6585 0.008241520477 6.826333851e-05 46301 
5.6595 0.008419550221 6.914239796e-05 46901 
5.6605 0.008370651717 6.905463172e-05 46240 
5.6615 0.008388622588 6.89937638e-05 46418 
5.6625 0.008548544921 6.976767694e-05 47541 
5.6635 0.008483505865 6.963904779e-05 46973 
5.6645 0.008456034802 6.938176307e-05 46829 
5.6655 0.008421751447 6.927924381e-05 46653 
5.6665 0.008321800407 6.87175882e-05 46231 
5.6675 0.008377401431 6.892770759e-05 46597 
5.6685 0.008321515456 6.873469851e-05 46259 
5.6695 0.008364419493 6.903267596e-05 46260 
5.6705 0.0084489307 6.948417318e-05 46121 
5.6715 0.008713945883 7.055188253e-05 47564 
5.6725 0.008518184838 6.972051947e-05 46600 
5.6735 0.008467826237 6.947646464e-05 46449 
5.6745 0.008437873993 6.953815936e-05 46523 
5.6755 0.00840537175 6.916901894e-05 46750 
5.6765 0.008514506912 6.984633084e-05 47081 
5.6775 0.008557995435 7.003543891e-05 47010 
5.6785 0.008445892729 6.943711679e-05 46907 
5.6795 0.008471224279 6.955359486e-05 46539 
5.6805 0.008265452152 6.882115198e-05 45611 
5.6815 0.008285328848 6.873284352e-05 45843 
5.6825 0.008464905426 6.97318745e-05 46192 
5.6835 0.008409632174 6.925388656e-05 46711 
5.6845 0.008523878505 6.983104734e-05 47098 
5.6855 0.008695997557 7.055398221e-05 47663 
5.6865 0.008701851298 7.079175322e-05 47278 
5.6875 0.008536821349 7.001313426e-05 46889 
5.6885 0.008608361773 7.031441862e-05 47071 
5.6895 0.008512017818 6.973478797e-05 46774 
5.6905 0.008497130656 6.982927824e-05 46595 
5.6915 0.008537348687 7.001249489e-05 46623 
5.6925 0.008609146502 7.0376759e-05 47140 
5.6935 0.008430858828 6.953977017e-05 46321 
5.6945 0.008499058607 7.003174035e-05 46232 
5.6955 0.008489858845 6.98200137e-05 46749 
5.6965 0.008502025256 6.981707958e-05 46550 
5.6975 0.008489368118 6.983428947e-05 46716 
5.6985 0.008593891711 7.036358561e-05 46558 
5.6995 0.008750097751 7.091734852e-05 47716 
5.7005 0.00858799359 7.024204377e-05 46886 
5.7015 0.008487557313 6.989605073e-05 46054 
5.7025 0.008636946288 7.066772117e-05 47112 
5.7035 0.008462459263 6.989580198e-05 45845 
5.7045 0.008575022557 7.044633185e-05 46764 
5.7055 0.008399127807 6.972861134e-05 46022 
5.7065 0.008602051995 7.06561973e-05 46419 
5.7075 0.00844122802 6.992229711e-05 45933 
5.7085 0.008659312661 7.077621726e-05 47095 
5.7095 0.008548524666 7.029924656e-05 46701 
5.7105 0.008540019011 7.020297787e-05 46380 
5.7115 0.00877647736 7.151606372e-05 47614 
5.7125 0.008304164856 6.939257757e-05 45673 
5.7135 0.008260651125 6.910195727e-05 45341 
5.7145 0.008364999292 6.951807362e-05 45742 
5.7155 0.008390282649 6.976098744e-05 45536 
5.7165 0.00852937072 7.032644223e-05 46560 
5.7175 0.008534068311 7.029476279e-05 46313 
5.7185 0.008555955067 7.035097732e-05 46397 
5.7195 0.008788256692 7.148848192e-05 47243 
5.7205 0.008438555133 7.003305495e-05 45705 
5.7215 0.008624431052 7.070724208e-05 46711 
5.7225 0.008627182999 7.108576753e-05 46190 
5.7235 0.008534895603 7.055071485e-05 46238 
5.7245 0.008670922629 7.109135021e-05 46598 
5.7255 0.008996203783 7.228356447e-05 48491 
5.7265 0.008658255423 7.089309136e-05 47085 
5.7275 0.008409597764 6.982405786e-05 45940 
5.7285 0.008671590456 7.115247629e-05 46699 
5.7295 0.008610481575 7.094994877e-05 46384 
5.7305 0.008615864685 7.068860971e-05 46695 
5.7315 0.008402250032 6.987087425e-05 45888 
5.7325 0.008306738019 6.948214591e-05 45229 
5.7335 0.008571920977 7.069999496e-05 46536 
5.7345 0.008771796529 7.157801315e-05 47109 
5.7355 0.008659365132 7.114386781e-05 46898 
5.7365 0.008786738927 7.152465896e-05 47342 
5.7375 0.00864174706 7.099661846e-05 46905 
5.7385 0.008599385184 7.105797932e-05 46118 
5.7395 0.008577302228 7.073285731e-05 46527 
5.7405 0.008635688185 7.09502336e-05 46308 
5.7415 0.008821307833 7.175421519e-05 47612 
5.7425 0.008732105043 7.148337393e-05 47176 
5.7435 0.008557256877 7.091985354e-05 45546 
5.7445 0.008751643244 7.174410953e-05 46850 
5.7455 0.008599345874 7.097639394e-05 46385 
5.7465 0.008798056347 7.179860948e-05 47281 
5.7475 0.008744183248 7.147623095e-05 46998 
5.7485 0.008506745982 7.065250186e-05 45933 
5.7495 0.008734758436 7.16071443e-05 46791 
5.7505 0.008796386246 7.180225352e-05 47118 
5.7515 0.008737968097 7.170322553e-05 47042 
5.7525 0.008646512769 7.123228259e-05 46387 
5.7535 0.008930379919 7.25557152e-05 47409 
5.7545 0.008701791708 7.143406273e-05 46752 
5.7555 0.008607020855 7.099809022e-05 46533 
5.7565 0.008510919624 7.061100817e-05 46206 
5.7575 0.008778962825 7.195341203e-05 47099 
5.7585 0.008710770529 7.169802392e-05 46830 
5.7595 0.00860672819 7.114446133e-05 46571 
5.7605 0.008889645736 7.248822726e-05 46773 
5.7615 0.008684377716 7.145315786e-05 46446 
5.7625 0.008544826222 7.081578819e-05 46012 
5.7635 0.008815159512 7.218940429e-05 46693 
5.7645 0.008781305432 7.192215244e-05 46760 
5.7655 0.008897275249 7.258082947e-05 47168 
5.7665 0.008687983638 7.169632912e-05 46186 
5.7675 0.008597548502 7.119982424e-05 45791 
5.7685 0.00879069062 7.209686133e-05 46898 
5.7695 0.008881129255 7.246399108e-05 47298 
5.7705 0.008834258637 7.242244714e-05 46396 
5.7715 0.008850498673 7.230797562e-05 46880 
5.7725 0.008542095961 7.104868802e-05 45476 
5.7735 0.008556560677 7.105147663e-05 45890 
5.7745 0.008718162625 7.191693619e-05 46937 
5.7755 0.00881599705 7.219246989e-05 47001 
5.7765 0.008730734192 7.199963881e-05 46174 
5.7775 0.008665668257 7.140828272e-05 46500 
5.7785 0.008790030494 7.217440313e-05 46710 
5.7795 0.008800620084 7.228193282e-05 46798 
5.7805 0.008607515135 7.149490344e-05 46019 
5.7815 0.00880676193 7.214540383e-05 47174 
5.7825 0.008606930793 7.133895042e-05 45854 
5.7835 0.008637150626 7.162149709e-05 45535 
5.7845 0.008789786232 7.234318346e-05 46159 
5.7855 0.008844338748 7.242020014e-05 47005 
5.7865 0.008677302578 7.168455535e-05 45910 
5.7875 0.008791241411 7.230205841e-05 46067 
5.7885 0.00886643612 7.270374004e-05 46864 
5.7895 0.008667415651 7.185164839e-05 45987 
5.7905 0.008739204931 7.1935055e-05 46734 
5.7915 0.00871833138 7.197590621e-05 45871 
5.7925 0.008799002878 7.21813086e-05 46656 
5.7935 0.008884171769 7.281808833e-05 46770 
5.7945 0.008842331659 7.264681846e-05 46314 
5.7955 0.008811169983 7.233713464e-05 46688 
5.7965 0.00865606663 7.179154777e-05 46412 
5.7975 0.008874362346 7.27117373e-05 46626 
5.7985 0.008804247362 7.260122626e-05 46232 
5.7995 0.008677446193 7.199541909e-05 45848 
5.8005 0.008733268619 7.226379597e-05 46255 
5.8015 0.00860188157 7.147912767e-05 45843 
5.8025 0.008623609952 7.182454263e-05 45379 
5.8035 0.009037019898 7.36637081e-05 47008 
5.8045 0.008938211926 7.309872003e-05 46806 
5.8055 0.008820516408 7.272298981e-05 46615 
5.8065 0.008744066677 7.253499503e-05 46278 
5.8075 0.008949311478 7.31333661e-05 47268 
5.8085 0.00867308116 7.199405957e-05 46281 
5.8095 0.008899630574 7.294391859e-05 47001 
5.8105 0.008696385513 7.222761315e-05 46180 
5.8115 0.008857748523 7.292683212e-05 46609 
5.8125 0.00894082111 7.303065344e-05 46985 
5.8135 0.008769054517 7.252888829e-05 45819 
5.8145 0.008863846172 7.297517505e-05 46534 
5.8155 0.008946859266 7.317043074e-05 47062 
5.8165 0.009008486599 7.348203314e-05 47133 
5.8175 0.008670937713 7.198481998e-05 45844 
5.8185 0.008983965367 7.343206684e-05 47219 
5.8195 0.008673714655 7.175084301e-05 46105 
5.8205 0.008919567763 7.293989187e-05 46880 
5.8215 0.008871269833 7.287520743e-05 47103 
5.8225 0.008906157907 7.319338606e-05 46707 
5.8235 0.008819327917 7.270514242e-05 46327 
5.8245 0.008986033316 7.35013158e-05 47237 
5.8255 0.008762766819 7.234848625e-05 46321 
5.8265 0.008810372698 7.268036309e-05 46357 
5.8275 0.009050251748 7.375824922e-05 47255 
5.8285 0.008956805329 7.324047379e-05 47415 
5.8295 0.008762775181 7.227725747e-05 46213 
5.8305 0.008767092583 7.242472556e-05 46307 
5.8315 0.009022381009 7.343187368e-05 47614 
5.8325 0.009016462751 7.33798811e-05 47232 
5.8335 0.008983823851 7.34380131e-05 46825 
5.8345 0.008807839927 7.260963982e-05 46325 
5.8355 0.008922243222 7.300881166e-05 47298 
5.8365 0.009002990139 7.376501339e-05 46889 
5.8375 0.008782803435 7.239292703e-05 46800 
5.8385 0.008936006482 7.304762691e-05 47144 
5.8395 0.008889899226 7.302526212e-05 46513 
5.8405 0.008994342933 7.355628092e-05 47170 
5.8415 0.008975086358 7.331100476e-05 47177 
5.8425 0.00895826741 7.318050957e-05 47140 
5.8435 0.00887105673 7.30979401e-05 46288 
5.8445 0.008896106915 7.324804766e-05 46394 
5.8455 0.008814068894 7.280716125e-05 46182 
5.8465 0.00866004894 7.20323667e-05 45858 
5.8475 0.009011723422 7.349699706e-05 47474 
5.8485 0.008825719805 7.28972456e-05 46115 
5.8495 0.008887286239 7.319386476e-05 46246 
5.8505 0.008787816438 7.270116339e-05 45991 
5.8515 0.009004847942 7.363748933e-05 47063 
5.8525 0.0089760539 7.345449953e-05 47222 
5.8535 0.009154780974 7.432197609e-05 47511 
5.8545 0.009066367048 7.395069914e-05 46982 
5.8555 0.008977633012 7.376244731e-05 46337 
5.8565 0.009150264598 7.409710184e-05 47527 
5.8575 0.008937063141 7.334852361e-05 46996 
5.8585 0.008916285116 7.337643982e-05 46579 
5.8595 0.009024135964 7.365976284e-05 47591 
5.8605 0.008925000191 7.333978014e-05 46670 
5.8615 0.008831572418 7.303846492e-05 46036 
5.8625 0.008777139039 7.277996678e-05 45945 
5.8635 0.009035709219 7.412778433e-05 46581 
5.8645 0.009048956632 7.396802401e-05 47108 
5.8655 0.008851251797 7.316196735e-05 46225 
5.8665 0.00910300296 7.417343672e-05 47287 
5.8675 0.008859715948 7.307607053e-05 46651 
5.8685 0.008787459932 7.274671534e-05 46207 
5.8695 0.008920855227 7.337838454e-05 46288 
5.8705 0.008801156363 7.284888881e-05 46216 
5.8715 0.008963347704 7.368312029e-05 47175 
5.8725 0.008894026093 7.333409348e-05 46614 
5.8735 0.008960423265 7.373874738e-05 46702 
5.8745 0.009154664871 7.451051798e-05 47928 
5.8755 0.009012614383 7.396584021e-05 46717 
5.8765 0.008949158461 7.382512531e-05 46228 
5.8775 0.009042260119 7.416905877e-05 47335 
5.8785 0.008953398815 7.370879542e-05 46520 
5.8795 0.009029446585 7.401549559e-05 46985 
5.8805 0.008875738448 7.34948685e-05 46307 
5.8815 0.009119991141 7.460277192e-05 46978 
5.8825 0.008990151289 7.400440216e-05 46628 
5.8835 0.008959526432 7.383460376e-05 46389 
5.8845 0.008965298184 7.387755397e-05 46344 
5.8855 0.009182803358 7.483181082e-05 47299 
5.8865 0.00886947013 7.336729534e-05 45993 
5.8875 0.009059615944 7.435261575e-05 46706 
5.8885 0.009146548065 7.483962892e-05 47036 
5.8895 0.009068372653 7.436638532e-05 46825 
5.8905 0.009094715998 7.42517565e-05 47381 
5.8915 0.008997441585 7.402023507e-05 46960 
5.8925 0.009261177168 7.54755589e-05 47240 
5.8935 0.008971712599 7.392596432e-05 46220 
5.8945 0.009205806315 7.514034232e-05 46554 
5.8955 0.009047947637 7.43426077e-05 46559 
5.8965 0.009031675656 7.4429521e-05 46055 
5.8975 0.009128111273 7.477277596e-05 46939 
5.8985 0.008948471144 7.390794841e-05 46506 
5.8995 0.008997258408 7.400971427e-05 46814 
5.9005 0.00916395566 7.491144476e-05 46981 
5.9015 0.009230185302 7.522955896e-05 47532 
5.9025 0.009135811038 7.506766901e-05 46528 
5.9035 0.00914969981 7.497618728e-05 47134 
5.9045 0.009091586391 7.468365112e-05 46835 
5.9055 0.00905360614 7.463462894e-05 46467 
5.9065 0.009155566077 7.484919676e-05 47325 
5.9075 0.009194038349 7.528548031e-05 46830 
5.9085 0.009177280642 7.509795083e-05 47159 
5.9095 0.009192726699 7.489149385e-05 47632 
5.9105 0.009129173625 7.493505526e-05 46733 
5.9115 0.009127855552 7.471413422e-05 47009 
5.9125 0.008981601338 7.443096162e-05 46316 
5.9135 0.009153729037 7.50091213e-05 46602 
5.9145 0.009229398107 7.541301413e-05 47058 
5.9155 0.009141379642 7.497008073e-05 46435 
5.9165 0.009208014362 7.542721014e-05 47021 
5.9175 0.009098651131 7.481407898e-05 46618 
5.9185 0.009133052751 7.500708387e-05 46790 
5.9195 0.009081833863 7.47140587e-05 46539 
5.9205 0.009024688212 7.452105458e-05 46611 
5.9215 0.009172130002 7.517905144e-05 46617 
5.9225 0.009033903919 7.465088555e-05 46038 
5.9235 0.009293779472 7.576132309e-05 47610 
5.9245 0.009227861927 7.558093186e-05 46744 
5.9255 0.009059024309 7.477929868e-05 46765 
5.9265 0.009278463058 7.578886116e-05 47108 
5.9275 0.009157995702 7.524680836e-05 47024 
5.9285 0.009122617273 7.492123103e-05 46560 
5.9295 0.009342863926 7.616882111e-05 47207 
5.9305 0.009214324009 7.550683293e-05 46827 
5.9315 0.009322666892 7.595361188e-05 47288 
5.9325 0.00942198711 7.646594572e-05 47695 
5.9335 0.009212995612 7.565139031e-05 46702 
5.9345 0.009339484281 7.600918854e-05 47415 
5.9355 0.009206484751 7.556719901e-05 46600 
5.9365 0.009181793319 7.555341078e-05 46147 
5.9375 0.00916640735 7.504648949e-05 47082 
5.9385 0.00922164538 7.552576222e-05 46648 
5.9395 0.009280275964 7.59278708e-05 47311 
5.9405 0.009240701 7.567590218e-05 47280 
5.9415 0.009243164477 7.575837511e-05 46558 
5.9425 0.009346596949 7.612326669e-05 47238 
5.9435 0.009089819067 7.514878374e-05 46017 
5.9445 0.009206984669 7.563938671e-05 46535 
5.9455 0.00919575497 7.564131744e-05 46402 
5.9465 0.009085207536 7.497409578e-05 46018 
5.9475 0.009072638951 7.512959172e-05 46325 
5.9485 0.0091342324 7.521527604e-05 46897 
5.9495 0.009381969846 7.640136598e-05 47213 
5.9505 0.009175211154 7.552450777e-05 46591 
5.9515 0.009213997163 7.58809124e-05 46349 
5.9525 0.009120226793 7.545774008e-05 46201 
5.9535 0.009059151568 7.494526546e-05 46411 
5.9545 0.009280377882 7.606100168e-05 47096 
5.9555 0.009221092467 7.586145479e-05 46549 
5.9565 0.00923514303 7.591725089e-05 46949 
5.9575 0.009281212738 7.590620989e-05 47387 
5.9585 0.009187274363 7.594220484e-05 46053 
5.9595 0.009228340405 7.569719683e-05 46608 
5.9605 0.009272764623 7.616936687e-05 46984 
5.9615 0.009213759768 7.596079435e-05 46667 
5.9625 0.009349211278 7.659974625e-05 46565 
5.9635 0.009196504905 7.583417687e-05 46616 
5.9645 0.009191628442 7.567461626e-05 46444 
5.9655 0.009169154625 7.576142099e-05 45836 
5.9665 0.009282226199 7.636113511e-05 46624 
5.9675 0.009275013366 7.606978601e-05 47004 
5.9685 0.009284359361 7.62238148e-05 46753 
5.9695 0.009286083053 7.619680083e-05 46617 
5.9705 0.00937957133 7.686731137e-05 46718 
5.9715 0.009486101933 7.71308137e-05 47542 
5.9725 0.009360294721 7.6835141e-05 46656 
5.9735 0.009292035639 7.651938243e-05 46510 
5.9745 0.009226175939 7.618260668e-05 45856 
5.9755 0.00912156807 7.565314416e-05 46067 
5.9765 0.009286600379 7.640271475e-05 46496 
5.9775 0.009382601771 7.669477504e-05 46767 
5.9785 0.009204569645 7.582748167e-05 46365 
5.9795 0.009304014151 7.665263246e-05 46376 
5.9805 0.009443218328 7.702188876e-05 47294 
5.9815 0.009338081337 7.671723383e-05 46443 
5.9825 0.009238894232 7.609157422e-05 46497 
5.9835 0.009258358308 7.641297883e-05 46278 
5.9845 0.009263005293 7.621308147e-05 46697 
5.9855 0.009157690218 7.57388445e-05 46127 
5.9865 0.009395388968 7.685336073e-05 47242 
5.9875 0.009379918988 7.680475549e-05 47104 
5.9885 0.009530228605 7.738066589e-05 47946 
5.9895 0.009413149347 7.716288511e-05 46644 
5.9905 0.009660261801 7.809794461e-05 47756 
5.9915 0.009286560199 7.662773644e-05 46190 
5.9925 0.009439182408 7.733082914e-05 46559 
5.9935 0.00949894106 7.747345406e-05 47611 
5.9945 0.009371520328 7.683032944e-05 47158 
5.9955 0.009448167491 7.728715973e-05 47479 
5.9965 0.009379771724 7.6852707e-05 46923 
5.9975 0.009294243897 7.664202714e-05 46560 
5.9985 0.009473532803 7.747661342e-05 46768 
5.9995 0.009469454087 7.756918739e-05 46971 
6.0005 0.009297867112 7.656505879e-05 46709 
6.0015 0.009231503955 7.632182969e-05 46257 
6.0025 0.009486734699 7.749288652e-05 47231 
6.0035 0.009522878215 7.765884858e-05 47232 
6.0045 0.009310109688 7.677943903e-05 45966 
6.0055 0.00951984483 7.762012296e-05 47482 
6.0065 0.009494255223 7.763403952e-05 47198 
6.0075 0.009197070201 7.638564622e-05 45337 
6.0085 0.009520278542 7.780236633e-05 46936 
6.0095 0.009449091238 7.772327155e-05 46459 
6.0105 0.009444811291 7.714147371e-05 47168 
6.0115 0.009287704995 7.687458975e-05 46077 
6.0125 0.009429356608 7.735461473e-05 46814 
6.0135 0.009528633493 7.7792837e-05 47500 
6.0145 0.009419969094 7.733041029e-05 47079 
6.0155 0.009500069441 7.754810208e-05 47468 
6.0165 0.009692811277 7.840640059e-05 47786 
6.0175 0.009347623286 7.699331568e-05 46115 
6.0185 0.009425535923 7.775072228e-05 45946 
6.0195 0.009397521195 7.740953834e-05 46226 
6.0205 0.009495024967 7.769502325e-05 46839 
6.0215 0.009419938207 7.740031103e-05 46674 
6.0225 0.009325329434 7.695649988e-05 46508 
6.0235 0.009260411845 7.660039712e-05 46296 
6.0245 0.009309095699 7.704534597e-05 45949 
6.0255 0.009771811524 7.906622676e-05 47661 
6.0265 0.009271773648 7.686227441e-05 46541 
6.0275 0.009275616364 7.69526586e-05 45885 
6.0285 0.009401920266 7.737706484e-05 46662 
6.0295 0.009345956157 7.730670945e-05 45785 
6.0305 0.009452535636 7.770579423e-05 46689 
6.0315 0.009492622175 7.809178389e-05 46864 
6.0325 0.009403568546 7.763239723e-05 46172 
6.0335 0.009554701421 7.82318845e-05 46872 
6.0345 0.009563723251 7.832087102e-05 46815 
6.0355 0.009415754612 7.768311994e-05 46712 
6.0365 0.009603125579 7.841696878e-05 47272 
6.0375 0.009462894054 7.799347187e-05 46324 
6.0385 0.009516151527 7.820462897e-05 46540 
6.0395 0.009485791483 7.788806808e-05 47022 
6.0405 0.009563575636 7.824542401e-05 47379 
6.0415 0.009413827804 7.758365622e-05 46598 
6.0425 0.009411971011 7.78974425e-05 45852 
6.0435 0.009672462013 7.882758347e-05 47279 
6.0445 0.009715183213 7.900041435e-05 47505 
6.0455 0.009388990656 7.742876139e-05 46572 
6.0465 0.009539401116 7.844759403e-05 46341 
6.0475 0.009609016495 7.864583606e-05 46709 
6.0485 0.009502427167 7.806579123e-05 46250 
6.0495 0.009599605664 7.850971722e-05 47182 
6.0505 0.009527354887 7.824648497e-05 46959 
6.0515 0.009548698641 7.815029849e-05 47187 
6.0525 0.009602248876 7.857258316e-05 47420 
6.0535 0.009743090319 7.933975321e-05 47548 
6.0545 0.009725763573 7.913075162e-05 47377 
6.0555 0.009515154249 7.837809348e-05 46081 
6.0565 0.009708050001 7.916295704e-05 47102 
6.0575 0.009665932989 7.903838045e-05 47018 
6.0585 0.009570639762 7.850718967e-05 46893 
6.0595 0.009600724536 7.875006003e-05 46267 
6.0605 0.009430649419 7.81219738e-05 46095 
6.0615 0.009552316669 7.864862602e-05 46658 
6.0625 0.009648098474 7.896937749e-05 47334 
6.0635 0.009821082446 7.988681505e-05 47306 
6.0645 0.009669822352 7.909972123e-05 47178 
6.0655 0.009610629344 7.878688036e-05 46722 
6.0665 0.009595826987 7.864755886e-05 46802 
6.0675 0.009349242908 7.742818959e-05 46089 
6.0685 0.009360587821 7.790356641e-05 45629 
6.0695 0.009613776697 7.897982249e-05 46902 
6.0705 0.009592754624 7.880871874e-05 46557 
6.0715 0.00950061791 7.847901397e-05 46417 
6.0725 0.009528206579 7.844995042e-05 46553 
6.0735 0.00950802208 7.841968983e-05 46554 
6.0745 0.009768718143 7.979891582e-05 47608 
6.0755 0.009621014445 7.895436966e-05 46680 
6.0765 0.009448517544 7.816819671e-05 46197 
6.0775 0.009703266555 7.952024628e-05 47223 
6.0785 0.009554637366 7.868525397e-05 46247 
6.0795 0.00965183917 7.896503308e-05 47211 
6.0805 0.009506875383 7.854059687e-05 46576 
6.0815 0.009621502749 7.896652692e-05 46355 
6.0825 0.00957469511 7.889932518e-05 46105 
6.0835 0.009684285801 7.942103979e-05 46890 
6.0845 0.009549491426 7.886340449e-05 46213 
6.0855 0.009639207071 7.923988027e-05 46521 
6.0865 0.009576278858 7.904228449e-05 45787 
6.0875 0.009586132869 7.888819836e-05 46816 
6.0885 0.00963554174 7.923398426e-05 46429 
6.0895 0.009565498149 7.884352675e-05 46269 
6.0905 0.0096594854 7.942880107e-05 46857 
6.0915 0.009629216066 7.912829145e-05 46494 
6.0925 0.009590869926 7.903163446e-05 46300 
6.0935 0.009775971504 8.004117839e-05 46945 
6.0945 0.009994712418 8.10092573e-05 47819 
6.0955 0.009878048115 8.028162437e-05 47626 
6.0965 0.009869862514 8.031864465e-05 47061 
6.0975 0.00962035025 7.934340563e-05 46175 
6.0985 0.009515049879 7.879035717e-05 45847 
6.0995 0.009581190562 7.914817134e-05 46006 
6.1005 0.009580795543 7.90087369e-05 46520 
6.1015 0.009734194962 7.994282398e-05 46828 
6.1025 0.009758005193 7.993210311e-05 46925 
6.1035 0.0099151938 8.047436468e-05 47665 
6.1045 0.009689347724 7.96846851e-05 46652 
6.1055 0.009673336854 7.945499883e-05 46827 
6.1065 0.009597624023 7.910660639e-05 46552 
6.1075 0.009808754234 8.016771466e-05 47061 
6.1085 0.009690280933 7.990691514e-05 46248 
6.1095 0.009560935162 7.917365859e-05 46021 
6.1105 0.009685469922 7.9591026e-05 46963 
6.1115 0.009871889628 8.039023519e-05 47096 
6.1125 0.009796406269 8.028646633e-05 46979 
6.1135 0.009715161077 7.984745432e-05 46621 
6.1145 0.009757531332 7.984749264e-05 47190 
6.1155 0.009486423938 7.888967134e-05 45811 
6.1165 0.00985363573 8.042789447e-05 47163 
6.1175 0.009712474311 7.992278133e-05 46838 
6.1185 0.009870430143 8.057308796e-05 47113 
6.1195 0.009866080493 8.052260882e-05 47006 
6.1205 0.009644587813 7.955921362e-05 46143 
6.1215 0.00994565896 8.083945933e-05 47336 
6.1225 0.009674201178 7.999420873e-05 46079 
6.1235 0.009768377879 8.002623932e-05 47248 
6.1245 0.009962274389 8.11185047e-05 47257 
6.1255 0.01008892538 8.155037896e-05 47943 
6.1265 0.009775121133 8.018042413e-05 46594 
6.1275 0.009633660944 7.948445418e-05 46064 
6.1285 0.009849300264 8.058884694e-05 47178 
6.1295 0.009645803303 7.9360619e-05 46498 
6.1305 0.009807969384 8.017443995e-05 47125 
6.1315 0.009711202516 8.001205133e-05 46935 
6.1325 0.009832386803 8.070427115e-05 46852 
6.1335 0.009916541997 8.096360193e-05 47132 
6.1345 0.0096202397 7.963756117e-05 45865 
6.1355 0.009864439606 8.084024959e-05 46906 
6.1365 0.00969350754 8.021875564e-05 46073 
6.1375 0.009817300887 8.03959767e-05 46544 
6.1385 0.009701651189 8.013654269e-05 45968 
6.1395 0.009772420215 8.045119925e-05 46544 
6.1405 0.009866951383 8.086049021e-05 46810 
6.1415 0.009623810851 7.986130728e-05 45738 
6.1425 0.01001365027 8.141466239e-05 47431 
6.1435 0.009761281134 8.035386583e-05 46380 
6.1445 0.009744269124 8.026301617e-05 46400 
6.1455 0.00988178218 8.088911148e-05 47153 
6.1465 0.009890079537 8.095858043e-05 47245 
6.1475 0.009591087051 7.989524209e-05 45349 
6.1485 0.009719281871 8.030046018e-05 46305 
6.1495 0.009894580489 8.07719304e-05 47645 
6.1505 0.009772493026 8.068560294e-05 46156 
6.1515 0.01016225828 8.235154098e-05 47695 
6.1525 0.009737686477 8.057336785e-05 45747 
6.1535 0.009940174677 8.136655925e-05 46940 
6.1545 0.009867198284 8.126431672e-05 46417 
6.1555 0.009811173158 8.068578758e-05 46488 
6.1565 0.009852411263 8.112341575e-05 46077 
6.1575 0.009798480163 8.093038313e-05 46567 
6.1585 0.009868048781 8.114383722e-05 46057 
6.1595 0.009870619659 8.103396574e-05 46804 
6.1605 0.009725477828 8.038158203e-05 46102 
6.1615 0.01014473033 8.252586714e-05 47030 
6.1625 0.009928117735 8.143179981e-05 46781 
6.1635 0.009556901469 7.981434548e-05 45489 
6.1645 0.01002006386 8.186907205e-05 47258 
6.1655 0.01011440023 8.208073842e-05 47543 
6.1665 0.01013326862 8.21425994e-05 47221 
6.1675 0.009865674506 8.118428104e-05 46346 
6.1685 0.009744165757 8.063820374e-05 46284 
6.1695 0.00992173489 8.123756061e-05 46917 
6.1705 0.009812384258 8.095970621e-05 46545 
6.1715 0.01020195382 8.267404838e-05 47596 
6.1725 0.00993184119 8.140495347e-05 46884 
6.1735 0.009811094674 8.08973465e-05 46345 
6.1745 0.009977310705 8.186760477e-05 47055 
6.1755 0.009934916689 8.157319215e-05 46955 
6.1765 0.01007063048 8.230140883e-05 47124 
6.1775 0.009830018392 8.113688242e-05 46459 
6.1785 0.01002095173 8.206012237e-05 46364 
6.1795 0.00975913314 8.082839962e-05 46052 
6.1805 0.01013550743 8.240835477e-05 47533 
6.1815 0.01017107517 8.264166307e-05 47961 
6.1825 0.00989038554 8.13803385e-05 46377 
6.1835 0.01007880298 8.238960545e-05 46792 
6.1845 0.01014750151 8.266551399e-05 47142 
6.1855 0.009956348349 8.179774106e-05 46476 
6.1865 0.009666443415 8.067515153e-05 45439 
6.1875 0.009924826529 8.169625492e-05 46781 
6.1885 0.009856280592 8.146649662e-05 46304 
6.1895 0.009945782686 8.178072621e-05 46556 
6.1905 0.00975154569 8.088087471e-05 46084 
6.1915 0.01000959453 8.202205455e-05 47133 
6.1925 0.01005442809 8.216581171e-05 46507 
6.1935 0.009687031751 8.062268423e-05 45471 
6.1945 0.009981104569 8.199107037e-05 46747 
6.1955 0.01005822855 8.230580612e-05 47367 
6.1965 0.01016877892 8.288128248e-05 47334 
6.1975 0.00996075422 8.193212945e-05 46508 
6.1985 0.01001063809 8.236835322e-05 46487 
6.1995 0.01008673682 8.247615909e-05 46990 
6.2005 0.01019399661 8.296375782e-05 47494 
6.2015 0.009892412929 8.173460091e-05 46655 
6.2025 0.01017314627 8.312849168e-05 46855 
6.2035 0.01031859632 8.358141545e-05 47759 
6.2045 0.009873527589 8.162984626e-05 45985 
6.2055 0.01002455681 8.211525422e-05 46519 
6.2065 0.009886834222 8.16614014e-05 46400 
6.2075 0.009854321698 8.150642492e-05 45960 
6.2085 0.009774898587 8.12769172e-05 45869 
6.2095 0.009920203656 8.186577346e-05 46608 
6.2105 0.01014065108 8.282040675e-05 47410 
6.2115 0.01031936831 8.371880889e-05 47482 
6.2125 0.01010504917 8.272106997e-05 46726 
6.2135 0.01010408066 8.252165019e-05 46984 
6.2145 0.01012958603 8.272895164e-05 47388 
6.2155 0.01026589712 8.357138939e-05 46934 
6.2165 0.009991643366 8.217089898e-05 46736 
6.2175 0.01018757105 8.31954245e-05 46843 
6.2185 0.01017337244 8.304427598e-05 47140 
6.2195 0.009921728464 8.218828679e-05 45513 
6.2205 0.01024966675 8.349323065e-05 47547 
6.2215 0.009905082759 8.19328367e-05 46002 
6.2225 0.01011446332 8.283616663e-05 47093 
6.2235 0.01014168721 8.303304333e-05 47015 
6.2245 0.009982747657 8.249820872e-05 46033 
6.2255 0.009991695969 8.225997238e-05 46635 
6.2265 0.01007207575 8.272859168e-05 46962 
6.2275 0.01019053257 8.322184569e-05 47433 
6.2285 0.009843166841 8.203780101e-05 45359 
6.2295 0.01002863033 8.265357861e-05 46453 
6.2305 0.01014786475 8.320880277e-05 46837 
6.2315 0.01006845537 8.28119526e-05 46396 
6.2325 0.01021014216 8.336167519e-05 47213 
6.2335 0.009855657816 8.172580867e-05 46043 
6.2345 0.009921992348 8.223485504e-05 45856 
6.2355 0.009894493266 8.205148862e-05 46040 
6.2365 0.01017034734 8.325355167e-05 47355 
6.2375 0.01009392543 8.290979773e-05 46997 
6.2385 0.01012311485 8.309261405e-05 46542 
6.2395 0.01019302713 8.3521225e-05 46583 
6.2405 0.009989174021 8.25522449e-05 46135 
6.2415 0.009840450879 8.201146273e-05 45759 
6.2425 0.01011724395 8.324248946e-05 46509 
6.2435 0.009923004969 8.24197495e-05 46006 
6.2445 0.01006846566 8.303832627e-05 45568 
6.2455 0.01015592043 8.341227534e-05 46880 
6.2465 0.01021323678 8.38317653e-05 46377 
6.2475 0.01042100632 8.433230502e-05 47644 
6.2485 0.01033375524 8.416303464e-05 47604 
6.2495 0.01000268441 8.28635996e-05 46065 
6.2505 0.01042787726 8.458209262e-05 47496 
6.2515 0.009986927167 8.27078377e-05 46106 
6.2525 0.0102479148 8.392667619e-05 47085 
6.2535 0.01012158966 8.339306224e-05 46764 
6.2545 0.01017520578 8.364962545e-05 46624 
6.2555 0.01033563812 8.416414468e-05 47351 
6.2565 0.01008317874 8.336919745e-05 46158 
6.2575 0.01040063262 8.471649573e-05 47272 
6.2585 0.01017968 8.36027033e-05 46293 
6.2595 0.01034684467 8.438061884e-05 47395 
6.2605 0.01024392411 8.392868278e-05 46742 
6.2615 0.01015847545 8.338529722e-05 46953 
6.2625 0.01017333406 8.359840406e-05 46533 
6.2635 0.01002459308 8.306072827e-05 46267 
6.2645 0.01011493669 8.319993746e-05 46986 
6.2655 0.01023557651 8.396436225e-05 46717 
6.2665 0.01025262905 8.414686145e-05 46527 
6.2675 0.01013717669 8.359961103e-05 46709 
6.2685 0.009878914142 8.258680387e-05 45283 
6.2695 0.009947788739 8.287424838e-05 45968 
6.2705 0.01015972361 8.375684337e-05 46522 
6.2715 0.01049919371 8.497336595e-05 47787 
6.2725 0.01030767882 8.429967564e-05 47099 
6.2735 0.01037945917 8.437633521e-05 47386 
6.2745 0.01047202461 8.495720797e-05 47927 
6.2755 0.01011483779 8.371656758e-05 46226 
6.2765 0.0101761046 8.404573328e-05 46297 
6.2775 0.01003985247 8.321188893e-05 46218 
6.2785 0.01038443499 8.464286557e-05 47436 
6.2795 0.01031743902 8.441316241e-05 47296 
6.2805 0.01026284408 8.450129662e-05 46315 
6.2815 0.01026732903 8.420580491e-05 47102 
6.2825 0.01020010916 8.404956582e-05 46713 
6.2835 0.01001153733 8.327602639e-05 45685 
6.2845 0.01021119551 8.414424727e-05 46565 
6.2855 0.0104654378 8.500417475e-05 47421 
6.2865 0.0101478985 8.390626385e-05 46136 
6.2875 0.01026764392 8.425340398e-05 46678 
6.2885 0.0103552286 8.470891324e-05 46876 
6.2895 0.01031747336 8.48076649e-05 46463 
6.2905 0.0102780644 8.463105748e-05 46388 
6.2915 0.009965556689 8.303342916e-05 45665 
6.2925 0.01034535457 8.480049912e-05 46464 
6.2935 0.01028150561 8.477029961e-05 46352 
6.2945 0.01034317017 8.468123298e-05 46651 
6.2955 0.01011376976 8.378148064e-05 46174 
6.2965 0.01061308081 8.620053555e-05 47123 
6.2975 0.0104304284 8.50303023e-05 47142 
6.2985 0.01029814506 8.47207298e-05 46506 
6.2995 0.01028553954 8.480252885e-05 46181 
6.3005 0.009998583733 8.337256428e-05 45366 
6.3015 0.01023588353 8.422255995e-05 46620 
6.3025 0.01043984631 8.537564871e-05 46893 
6.3035 0.01031243131 8.466279674e-05 46791 
6.3045 0.01067625513 8.631836642e-05 48016 
6.3055 0.01058679181 8.603653852e-05 47601 
6.3065 0.01049729606 8.555056779e-05 47415 
6.3075 0.01018841506 8.448319669e-05 45574 
6.3085 0.01034547632 8.510022136e-05 46401 
6.3095 0.01034871639 8.482437572e-05 47168 
6.3105 0.01014526553 8.418624419e-05 46028 
6.3115 0.01044808433 8.54987418e-05 47094 
6.3125 0.01024674137 8.45593715e-05 46222 
6.3135 0.01029762384 8.482497947e-05 46577 
6.3145 0.01029407551 8.487261028e-05 46245 
6.3155 0.01026515928 8.480504316e-05 46502 
6.3165 0.01052889765 8.591669817e-05 47504 
6.3175 0.01027167123 8.459869085e-05 46953 
6.3185 0.01015226656 8.436028756e-05 45725 
6.3195 0.0103905031 8.541687257e-05 46660 
6.3205 0.01021104059 8.45551415e-05 45940 
6.3215 0.01033917493 8.507815098e-05 46328 
6.3225 0.01032415317 8.505365715e-05 46576 
6.3235 0.01034411617 8.49372488e-05 46665 
6.3245 0.01036116851 8.529489545e-05 46156 
6.3255 0.01019311408 8.449628977e-05 46007 
6.3265 0.01059990622 8.618542043e-05 47147 
6.3275 0.01019294164 8.45569951e-05 46024 
6.3285 0.01033138911 8.523183139e-05 46310 
6.3295 0.01050698154 8.587880886e-05 47127 
6.3305 0.01038208882 8.545633934e-05 46415 
6.3315 0.01034633788 8.534249576e-05 46525 
6.3325 0.01040686797 8.521487496e-05 46640 
6.3335 0.01048260459 8.568766044e-05 47178 
6.3345 0.01059043644 8.656006105e-05 46850 
6.3355 0.01029680364 8.506643675e-05 46389 
6.3365 0.01042923522 8.57229557e-05 46436 
6.3375 0.01045071709 8.601151189e-05 46573 
6.3385 0.01032048434 8.533544641e-05 45770 
6.3395 0.01017782996 8.478259803e-05 46050 
6.3405 0.01047139425 8.598176359e-05 46606 
6.3415 0.01023168437 8.47695136e-05 46186 
6.3425 0.01061840681 8.664650163e-05 47216 
6.3435 0.01032997322 8.543570044e-05 45909 
6.3445 0.01048913414 8.601121158e-05 46809 
6.3455 0.01059604504 8.656778969e-05 46851 
6.3465 0.01031394878 8.523659972e-05 46156 
6.3475 0.01046350692 8.576496934e-05 46769 
6.3485 0.01047818538 8.6145215e-05 46389 
6.3495 0.01058890166 8.644774548e-05 46728 
6.3505 0.01024165524 8.510462504e-05 45780 
6.3515 0.01045102978 8.598933557e-05 45935 
6.3525 0.01035336408 8.579409809e-05 46321 
6.3535 0.01052364895 8.609818535e-05 46683 
6.3545 0.01057163945 8.653175786e-05 46708 
6.3555 0.01046938407 8.624015078e-05 46535 
6.3565 0.01048100473 8.6156386e-05 46584 
6.3575 0.01077083354 8.757050707e-05 47600 
6.3585 0.01063699019 8.675063097e-05 47319 
6.3595 0.0105141367 8.655754678e-05 46228 
6.3605 0.01062657252 8.691380915e-05 46768 
6.3615 0.01042521873 8.586856843e-05 46619 
6.3625 0.0105727856 8.669564085e-05 46606 
6.3635 0.01052387373 8.623331793e-05 46842 
6.3645 0.01065784162 8.711504824e-05 46853 
6.3655 0.01030292636 8.534262691e-05 45991 
6.3665 0.01038696799 8.570187837e-05 45908 
6.3675 0.01056436964 8.659968992e-05 46547 
6.3685 0.01034967366 8.588023018e-05 45724 
6.3695 0.01059330445 8.680022946e-05 46791 
6.3705 0.01049602294 8.648326928e-05 46428 
6.3715 0.01039907279 8.572105632e-05 46661 
6.3725 0.01076846356 8.743897082e-05 47363 
6.3735 0.01064525562 8.709357895e-05 46903 
6.3745 0.01046888081 8.616394071e-05 46531 
6.3755 0.01068718867 8.720261984e-05 47256 
6.3765 0.01063675378 8.706101763e-05 46897 
6.3775 0.0105492977 8.673370451e-05 46468 
6.3785 0.01044327888 8.657559926e-05 46029 
6.3795 0.01056967359 8.684909556e-05 46296 
6.3805 0.01074908652 8.762529309e-05 47080 
6.3815 0.01047014716 8.643175893e-05 46009 
6.3825 0.01066569354 8.753056156e-05 45857 
6.3835 0.01041166755 8.630330868e-05 45843 
6.3845 0.01075049916 8.759701447e-05 47421 
6.3855 0.01071070213 8.753304495e-05 46683 
6.3865 0.01072044656 8.747412865e-05 47352 
6.3875 0.01051649994 8.656989255e-05 46608 
6.3885 0.01062981401 8.731218312e-05 46506 
6.3895 0.01061156262 8.698743918e-05 46781 
6.3905 0.01076660202 8.770756984e-05 47138 
6.3915 0.0103337796 8.60718762e-05 45543 
6.3925 0.01051832968 8.705687891e-05 46332 
6.3935 0.0104421288 8.657949861e-05 45643 
6.3945 0.01074061788 8.764140547e-05 47214 
6.3955 0.01054392745 8.664459896e-05 46438 
6.3965 0.01047138093 8.681902984e-05 45914 
6.3975 0.01029279502 8.583159271e-05 45163 
6.3985 0.01089432695 8.862070881e-05 47031 
6.3995 0.01049556027 8.667393941e-05 45733 
6.4005 0.01072186486 8.782740878e-05 46802 
6.4015 0.01050924945 8.676415996e-05 46635 
6.4025 0.01075296791 8.788698253e-05 46914 
6.4035 0.01068200962 8.776031243e-05 46659 
6.4045 0.01071160166 8.765054443e-05 46563 
6.4055 0.01038436227 8.627993717e-05 45717 
6.4065 0.01093593753 8.868935721e-05 47491 
6.4075 0.01057478118 8.729386237e-05 46189 
6.4085 0.01056617541 8.722651977e-05 46619 
6.4095 0.01102428607 8.905280317e-05 47766 
6.4105 0.01068104738 8.780230661e-05 46193 
6.4115 0.01080566205 8.818270518e-05 47081 
6.4125 0.0104950963 8.706516554e-05 45724 
6.4135 0.01080411795 8.852862355e-05 46679 
6.4145 0.01091532896 8.895953239e-05 47084 
6.4155 0.01079806955 8.830538274e-05 47282 
6.4165 0.01040230726 8.66986998e-05 45909 
6.4175 0.01073936326 8.819413895e-05 47228 
6.4185 0.01066324652 8.773927745e-05 46748 
6.4195 0.01078189786 8.822252292e-05 47085 
6.4205 0.01063068562 8.775513046e-05 46228 
6.4215 0.01048722861 8.703988178e-05 45776 
6.4225 0.01064132062 8.765887754e-05 46432 
6.4235 0.01078287408 8.839490749e-05 46709 
6.4245 0.01069792945 8.778800333e-05 46665 
6.4255 0.01061090091 8.748250265e-05 46202 
6.4265 0.01058928987 8.73264289e-05 46554 
6.4275 0.01071726354 8.829414047e-05 46432 
6.4285 0.01070448252 8.798655717e-05 46211 
6.4295 0.01077863163 8.825072398e-05 46945 
6.4305 0.01081005543 8.851002557e-05 46960 
6.4315 0.0105568721 8.731709403e-05 46081 
6.4325 0.01069006983 8.793274055e-05 46740 
6.4335 0.0106073375 8.764953193e-05 45870 
6.4345 0.01077026231 8.83406051e-05 46869 
6.4355 0.01084295214 8.889087032e-05 47026 
6.4365 0.01067744192 8.790376352e-05 46894 
6.4375 0.01056936763 8.770547556e-05 45425 
6.4385 0.01101953721 8.95465543e-05 47493 
6.4395 0.01093911146 8.923055358e-05 47151 
6.4405 0.01086488139 8.892328463e-05 47201 
6.4415 0.01066037651 8.81561698e-05 45978 
6.4425 0.01089126266 8.894233435e-05 47154 
6.4435 0.01093917508 8.937045503e-05 47266 
6.4445 0.01062547718 8.805805315e-05 46179 
6.4455 0.0107275819 8.832305799e-05 46148 
6.4465 0.01082294001 8.881515169e-05 46390 
6.4475 0.01099911083 8.969584778e-05 47521 
6.4485 0.01084171243 8.899848041e-05 46283 
6.4495 0.01081977171 8.864806906e-05 47331 
6.4505 0.01078887442 8.865381098e-05 46213 
6.4515 0.01083556726 8.887782049e-05 46784 
6.4525 0.01096433759 8.943137509e-05 47074 
6.4535 0.01115308635 9.050698886e-05 47293 
6.4545 0.01099119348 8.963576107e-05 47551 
6.4555 0.01087754031 8.913359369e-05 46657 
6.4565 0.01085365235 8.909236228e-05 46461 
6.4575 0.0110191157 8.958903869e-05 47573 
6.4585 0.01088228215 8.922916733e-05 46928 
6.4595 0.01074559526 8.84820382e-05 46373 
6.4605 0.01090704676 8.953899199e-05 46775 
6.4615 0.01075965263 8.887988639e-05 46159 
6.4625 0.01074492182 8.853094108e-05 46340 
6.4635 0.01098802632 8.985320761e-05 46942 
6.4645 0.01086552772 8.915112253e-05 46814 
6.4655 0.01076154654 8.882874168e-05 45864 
6.4665 0.01069536532 8.862115788e-05 46222 
6.4675 0.01093630469 8.969307606e-05 46754 
6.4685 0.01084403762 8.913100483e-05 46756 
6.4695 0.01089246546 8.965560769e-05 46161 
6.4705 0.01086118254 8.949704738e-05 46066 
6.4715 0.01083568167 8.912966478e-05 46382 
6.4725 0.01097263284 8.96400295e-05 46667 
6.4735 0.01083996151 8.915968493e-05 46510 
6.4745 0.01077017645 8.92044992e-05 45663 
6.4755 0.01096346649 8.98161522e-05 46823 
6.4765 0.01087918907 8.95035078e-05 46556 
6.4775 0.01094370449 8.995271843e-05 46245 
6.4785 0.01069074545 8.868600645e-05 45478 
6.4795 0.01082630351 8.933516478e-05 46287 
6.4805 0.01106304459 9.020947194e-05 47289 
6.4815 0.01095000003 8.966224609e-05 46977 
6.4825 0.01102251757 9.005270832e-05 46645 
6.4835 0.0109277401 8.995484812e-05 46848 
6.4845 0.01084913341 8.937075916e-05 46383 
6.4855 0.01077110867 8.915823201e-05 45961 
6.4865 0.0108839571 8.966564954e-05 46413 
6.4875 0.01105047195 9.042130764e-05 47140 
6.4885 0.01084676947 8.937504102e-05 46131 
6.4895 0.01094147645 9.010901138e-05 46322 
6.4905 0.01093177394 8.990698103e-05 46385 
6.4915 0.01078207658 8.944661608e-05 45717 
6.4925 0.01114777481 9.078079329e-05 46922 
6.4935 0.0111148528 9.05747668e-05 47223 
6.4945 0.01085013087 8.957798543e-05 46049 
6.4955 0.01102366756 9.035889407e-05 46944 
6.4965 0.01078869448 8.927213377e-05 45730 
6.4975 0.0107685358 8.916320805e-05 45822 
6.4985 0.01079530084 8.945551108e-05 45756 
6.4995 0.01095791276 8.984871848e-05 47099 
