# Format: McCode with text headers
# URL: http://www.mccode.org
# Creator:  3.5.2, git
# Instrument: Airport_scannerII.instr
# Ncount: 10000000
# Trace: no
# Gravitation: no
# Seed: 1728640240699121
# Directory: Scan_Src_Quasi_1e7/21
# Param: SFILE=input_abs_objects_template.dat
# Param: ANGLE=0
# Param: posX=-0.075
# Param: posY=-0.3
# Param: posZ=0
# Param: Ncount=0
# Date: Fri Oct 11 09:51:18 2024 (1728640278)
# type: array_1d(101)
# Source: Airp_scannerII (Airport_scannerII.instr)
# component: emon
# position: 0 0 0.11
# title: Energy monitor
# Ncount: 10000000
# filename: emon.dat
# statistics: X0=69.9987; dX=39.845;
# signal: Min=0; Max=0.0144344; Mean=0.00990099;
# values: 1 0.000316228 1e+07
# xvar: E
# yvar: (I,I_err)
# xlabel: Energy [keV]
# ylabel: Intensity
# xlimits: 0 200
# variables: E I I_err N
0.9900990099 0.007131 2.670393229e-05 71310 
2.97029703 0.014349 3.788007392e-05 143490 
4.95049505 0.0143574 3.789115992e-05 143574 
6.930693069 0.0143641 3.79e-05 143641 
8.910891089 0.0143188 3.784019027e-05 143188 
10.89108911 0.0143441 3.787360558e-05 143441 
12.87128713 0.0143701 3.790791474e-05 143701 
14.85148515 0.0143907 3.793507612e-05 143907 
16.83168317 0.0143509 3.788258175e-05 143509 
18.81188119 0.0143343 3.78606656e-05 143343 
20.79207921 0.0143679 3.790501286e-05 143679 
22.77227723 0.0143731 3.791187149e-05 143731 
24.75247525 0.0142794 3.778809336e-05 142794 
26.73267327 0.0143783 3.791872888e-05 143783 
28.71287129 0.0143663 3.790290226e-05 143663 
30.69306931 0.0143589 3.789313922e-05 143589 
32.67326733 0.0143551 3.788812479e-05 143551 
34.65346535 0.0143332 3.785921288e-05 143332 
36.63366337 0.0143236 3.784653221e-05 143236 
38.61386139 0.0143231 3.784587164e-05 143231 
40.59405941 0.0142887 3.780039682e-05 142887 
42.57425743 0.0143476 3.787822594e-05 143476 
44.55445545 0.0143405 3.786885264e-05 143405 
46.53465347 0.0143713 3.790949749e-05 143713 
48.51485149 0.0143365 3.786357088e-05 143365 
50.4950495 0.0143364 3.786343883e-05 143364 
52.47524752 0.014432 3.798947223e-05 144320 
54.45544554 0.0142679 3.777287386e-05 142679 
56.43564356 0.0143615 3.789656977e-05 143615 
58.41584158 0.0143666 3.790329801e-05 143666 
60.3960396 0.0143024 3.781851398e-05 143024 
62.37623762 0.0143327 3.785855253e-05 143327 
64.35643564 0.0143556 3.788878462e-05 143556 
66.33663366 0.0143347 3.786119385e-05 143347 
68.31683168 0.0143299 3.785485438e-05 143299 
70.2970297 0.0143181 3.783926532e-05 143181 
72.27722772 0.0143617 3.789683364e-05 143617 
74.25742574 0.0143524 3.78845615e-05 143524 
76.23762376 0.014331 3.785630727e-05 143310 
78.21782178 0.0143615 3.789656977e-05 143615 
80.1980198 0.0143854 3.792808985e-05 143854 
82.17821782 0.014382 3.792360742e-05 143820 
84.15841584 0.0143875 3.793085815e-05 143875 
86.13861386 0.0143267 3.785062747e-05 143267 
88.11881188 0.0143753 3.791477285e-05 143753 
90.0990099 0.0143583 3.789234751e-05 143583 
92.07920792 0.0143865 3.792953994e-05 143865 
94.05940594 0.014343 3.787215336e-05 143430 
96.03960396 0.0143485 3.787941393e-05 143485 
98.01980198 0.0143905 3.793481251e-05 143905 
100 0.0143296 3.785445813e-05 143296 
101.980198 0.014268 3.777300623e-05 142680 
103.960396 0.0143394 3.786740023e-05 143394 
105.9405941 0.0143669 3.790369375e-05 143669 
107.9207921 0.0143137 3.783345081e-05 143137 
109.9009901 0.0143465 3.787677389e-05 143465 
111.8811881 0.0144344 3.799263086e-05 144344 
113.8613861 0.0143688 3.790620002e-05 143688 
115.8415842 0.0143486 3.787954593e-05 143486 
117.8217822 0.0143547 3.788759692e-05 143547 
119.8019802 0.0143399 3.786806042e-05 143399 
121.7821782 0.0143393 3.786726819e-05 143393 
123.7623762 0.014373 3.791173961e-05 143730 
125.7425743 0.0143036 3.782010048e-05 143036 
127.7227723 0.0143438 3.787320953e-05 143438 
129.7029703 0.0143768 3.791675092e-05 143768 
131.6831683 0.0143668 3.790356184e-05 143668 
133.6633663 0.0143319 3.785749596e-05 143319 
135.6435644 0.0143426 3.787162526e-05 143426 
137.6237624 0.0143425 3.787149324e-05 143425 
139.6039604 0.0027872 1.66949094e-05 27872 
141.5841584 0 0 0 
143.5643564 0 0 0 
145.5445545 0 0 0 
147.5247525 0 0 0 
149.5049505 0 0 0 
151.4851485 0 0 0 
153.4653465 0 0 0 
155.4455446 0 0 0 
157.4257426 0 0 0 
159.4059406 0 0 0 
161.3861386 0 0 0 
163.3663366 0 0 0 
165.3465347 0 0 0 
167.3267327 0 0 0 
169.3069307 0 0 0 
171.2871287 0 0 0 
173.2673267 0 0 0 
175.2475248 0 0 0 
177.2277228 0 0 0 
179.2079208 0 0 0 
181.1881188 0 0 0 
183.1683168 0 0 0 
185.1485149 0 0 0 
187.1287129 0 0 0 
189.1089109 0 0 0 
191.0891089 0 0 0 
193.0693069 0 0 0 
195.049505 0 0 0 
197.029703 0 0 0 
199.009901 0 0 0 
