# Format: McCode with text headers
# URL: http://www.mccode.org
# Creator:  3.5.2, git
# Instrument: Airport_scannerII.instr
# Ncount: 1000000
# Trace: no
# Gravitation: no
# Seed: 1728639360298327
# Directory: Scan_Src_Quasi/3
# Param: SFILE=input_abs_objects_template.dat
# Param: ANGLE=0
# Param: posX=-0.525
# Param: posY=-0.3
# Param: posZ=0
# Param: Ncount=0
# Date: Fri Oct 11 09:36:03 2024 (1728639363)
# type: array_1d(101)
# Source: Airp_scannerII (Airport_scannerII.instr)
# component: emon
# position: 0 0 0.11
# title: Energy monitor
# Ncount: 1000000
# filename: emon.dat
# statistics: X0=70.0044; dX=39.8704;
# signal: Min=0; Max=0.014557; Mean=0.00990099;
# values: 1 0.001 1e+06
# xvar: E
# yvar: (I,I_err)
# xlabel: Energy [keV]
# ylabel: Intensity
# xlimits: 0 200
# variables: E I I_err N
0.9900990099 0.007068 8.407139823e-05 7068 
2.97029703 0.014552 0.0001206316708 14552 
4.95049505 0.014491 0.0001203785695 14491 
6.930693069 0.014438 0.000120158229 14438 
8.910891089 0.014389 0.0001199541579 14389 
10.89108911 0.014436 0.0001201499064 14436 
12.87128713 0.014278 0.0001194905854 14278 
14.85148515 0.014458 0.0001202414238 14458 
16.83168317 0.014507 0.0001204450082 14507 
18.81188119 0.014345 0.0001197706141 14345 
20.79207921 0.014205 0.0001191847306 14205 
22.77227723 0.014385 0.0001199374837 14385 
24.75247525 0.014067 0.0001186043844 14067 
26.73267327 0.014294 0.0001195575175 14294 
28.71287129 0.014308 0.0001196160524 14308 
30.69306931 0.014367 0.0001198624211 14367 
32.67326733 0.014388 0.0001199499896 14388 
34.65346535 0.014513 0.0001204699133 14513 
36.63366337 0.014251 0.0001193775523 14251 
38.61386139 0.014155 0.0001189747872 14155 
40.59405941 0.014262 0.0001194236158 14262 
42.57425743 0.014281 0.000119503138 14281 
44.55445545 0.014265 0.0001194361754 14265 
46.53465347 0.014137 0.0001188991169 14137 
48.51485149 0.014225 0.0001192686044 14225 
50.4950495 0.014448 0.0001201998336 14448 
52.47524752 0.014206 0.0001191889257 14206 
54.45544554 0.014224 0.0001192644121 14224 
56.43564356 0.014557 0.0001206523933 14557 
58.41584158 0.014285 0.0001195198728 14285 
60.3960396 0.014481 0.0001203370267 14481 
62.37623762 0.014404 0.0001200166655 14404 
64.35643564 0.014368 0.0001198665925 14368 
66.33663366 0.014242 0.0001193398508 14242 
68.31683168 0.014329 0.0001197038011 14329 
70.2970297 0.014371 0.0001198791058 14371 
72.27722772 0.014481 0.0001203370267 14481 
74.25742574 0.014409 0.0001200374941 14409 
76.23762376 0.014318 0.0001196578455 14318 
78.21782178 0.014481 0.0001203370267 14481 
80.1980198 0.014304 0.0001195993311 14304 
82.17821782 0.014223 0.0001192602197 14223 
84.15841584 0.014397 0.0001199874993 14397 
86.13861386 0.014306 0.0001196076921 14306 
88.11881188 0.014532 0.0001205487453 14532 
90.0990099 0.014402 0.000120008333 14402 
92.07920792 0.01425 0.0001193733639 14250 
94.05940594 0.014347 0.0001197789631 14347 
96.03960396 0.014257 0.00011940268 14257 
98.01980198 0.014516 0.0001204823639 14516 
100 0.014394 0.0001199749974 14394 
101.980198 0.014428 0.00012011661 14428 
103.960396 0.014145 0.0001189327541 14145 
105.9405941 0.014218 0.0001192392553 14218 
107.9207921 0.014355 0.0001198123533 14355 
109.9009901 0.014176 0.0001190630085 14176 
111.8811881 0.014242 0.0001193398508 14242 
113.8613861 0.014532 0.0001205487453 14532 
115.8415842 0.014266 0.0001194403617 14266 
117.8217822 0.014317 0.0001196536669 14317 
119.8019802 0.014426 0.0001201082845 14426 
121.7821782 0.01438 0.0001199166377 14380 
123.7623762 0.014397 0.0001199874993 14397 
125.7425743 0.01431 0.0001196244122 14310 
127.7227723 0.014479 0.0001203287164 14479 
129.7029703 0.014518 0.0001204906635 14518 
131.6831683 0.014352 0.0001197998331 14352 
133.6633663 0.014209 0.0001192015101 14209 
135.6435644 0.014541 0.0001205860688 14541 
137.6237624 0.014295 0.0001195616996 14295 
139.6039604 0.002817 5.307541804e-05 2817 
141.5841584 0 0 0 
143.5643564 0 0 0 
145.5445545 0 0 0 
147.5247525 0 0 0 
149.5049505 0 0 0 
151.4851485 0 0 0 
153.4653465 0 0 0 
155.4455446 0 0 0 
157.4257426 0 0 0 
159.4059406 0 0 0 
161.3861386 0 0 0 
163.3663366 0 0 0 
165.3465347 0 0 0 
167.3267327 0 0 0 
169.3069307 0 0 0 
171.2871287 0 0 0 
173.2673267 0 0 0 
175.2475248 0 0 0 
177.2277228 0 0 0 
179.2079208 0 0 0 
181.1881188 0 0 0 
183.1683168 0 0 0 
185.1485149 0 0 0 
187.1287129 0 0 0 
189.1089109 0 0 0 
191.0891089 0 0 0 
193.0693069 0 0 0 
195.049505 0 0 0 
197.029703 0 0 0 
199.009901 0 0 0 
