# Format: McCode with text headers
# URL: http://www.mccode.org
# Creator:  3.5.2, git
# Instrument: Airport_scannerII.instr
# Ncount: 10000000
# Trace: no
# Gravitation: no
# Seed: 1728639690510883
# Directory: Scan_Src_Quasi_1e7/7
# Param: SFILE=input_abs_objects_template.dat
# Param: ANGLE=0
# Param: posX=-0.425
# Param: posY=-0.3
# Param: posZ=0
# Param: Ncount=0
# Date: Fri Oct 11 09:42:04 2024 (1728639724)
# type: array_1d(101)
# Source: Airp_scannerII (Airport_scannerII.instr)
# component: emon
# position: 0 0 0.11
# title: Energy monitor
# Ncount: 10000000
# filename: emon.dat
# statistics: X0=69.9665; dX=39.8349;
# signal: Min=0; Max=0.0144453; Mean=0.00990099;
# values: 1 0.000316228 1e+07
# xvar: E
# yvar: (I,I_err)
# xlabel: Energy [keV]
# ylabel: Intensity
# xlimits: 0 200
# variables: E I I_err N
0.9900990099 0.0070689 2.658740303e-05 70689 
2.97029703 0.0143176 3.783860463e-05 143176 
4.95049505 0.0143713 3.790949749e-05 143713 
6.930693069 0.0143465 3.787677389e-05 143465 
8.910891089 0.0143424 3.787136121e-05 143424 
10.89108911 0.0144425 3.800328933e-05 144425 
12.87128713 0.0143547 3.788759692e-05 143547 
14.85148515 0.0143666 3.790329801e-05 143666 
16.83168317 0.0143781 3.791846516e-05 143781 
18.81188119 0.0143698 3.790751904e-05 143698 
20.79207921 0.0143674 3.790435331e-05 143674 
22.77227723 0.0143836 3.792571687e-05 143836 
24.75247525 0.0143273 3.785142005e-05 143273 
26.73267327 0.0144223 3.797670339e-05 144223 
28.71287129 0.0143065 3.782393422e-05 143065 
30.69306931 0.0143446 3.787426567e-05 143446 
32.67326733 0.0143444 3.787400164e-05 143444 
34.65346535 0.0144217 3.797591342e-05 144217 
36.63366337 0.0142873 3.779854495e-05 142873 
38.61386139 0.014361 3.789591007e-05 143610 
40.59405941 0.0143835 3.792558503e-05 143835 
42.57425743 0.014362 3.789722945e-05 143620 
44.55445545 0.0143134 3.783305433e-05 143134 
46.53465347 0.0143677 3.790474904e-05 143677 
48.51485149 0.0143263 3.785009908e-05 143263 
50.4950495 0.0143521 3.788416556e-05 143521 
52.47524752 0.0143964 3.794258821e-05 143964 
54.45544554 0.0143305 3.785564687e-05 143305 
56.43564356 0.0143822 3.792387111e-05 143822 
58.41584158 0.0143623 3.789762526e-05 143623 
60.3960396 0.014386 3.792888082e-05 143860 
62.37623762 0.0143942 3.793968898e-05 143942 
64.35643564 0.0143319 3.785749596e-05 143319 
66.33663366 0.0143816 3.792308004e-05 143816 
68.31683168 0.0143911 3.793560333e-05 143911 
70.2970297 0.0143856 3.792835351e-05 143856 
72.27722772 0.0143611 3.789604201e-05 143611 
74.25742574 0.0143603 3.789498648e-05 143603 
76.23762376 0.0143275 3.785168424e-05 143275 
78.21782178 0.0143284 3.785287307e-05 143284 
80.1980198 0.0143268 3.785075957e-05 143268 
82.17821782 0.0142952 3.780899364e-05 142952 
84.15841584 0.014359 3.789327117e-05 143590 
86.13861386 0.0143539 3.788654115e-05 143539 
88.11881188 0.0143726 3.791121206e-05 143726 
90.0990099 0.0143398 3.786792838e-05 143398 
92.07920792 0.0143377 3.786515549e-05 143377 
94.05940594 0.0143139 3.783371512e-05 143139 
96.03960396 0.0143447 3.787439769e-05 143447 
98.01980198 0.0143318 3.785736388e-05 143318 
100 0.0144453 3.800697304e-05 144453 
101.980198 0.0143268 3.785075957e-05 143268 
103.960396 0.0143319 3.785749596e-05 143319 
105.9405941 0.014329 3.785366561e-05 143290 
107.9207921 0.0143347 3.786119385e-05 143347 
109.9009901 0.0142908 3.780317447e-05 142908 
111.8811881 0.0143606 3.78953823e-05 143606 
113.8613861 0.0143638 3.789960422e-05 143638 
115.8415842 0.0142775 3.778557926e-05 142775 
117.8217822 0.0143764 3.791622344e-05 143764 
119.8019802 0.0143121 3.783133622e-05 143121 
121.7821782 0.0143457 3.787571782e-05 143457 
123.7623762 0.014369 3.790646383e-05 143690 
125.7425743 0.0143356 3.786238239e-05 143356 
127.7227723 0.0143054 3.782248009e-05 143054 
129.7029703 0.0142794 3.778809336e-05 142794 
131.6831683 0.014341 3.78695128e-05 143410 
133.6633663 0.014346 3.787611385e-05 143460 
135.6435644 0.0143428 3.787188931e-05 143428 
137.6237624 0.0142836 3.779365026e-05 142836 
139.6039604 0.0027786 1.666913315e-05 27786 
141.5841584 0 0 0 
143.5643564 0 0 0 
145.5445545 0 0 0 
147.5247525 0 0 0 
149.5049505 0 0 0 
151.4851485 0 0 0 
153.4653465 0 0 0 
155.4455446 0 0 0 
157.4257426 0 0 0 
159.4059406 0 0 0 
161.3861386 0 0 0 
163.3663366 0 0 0 
165.3465347 0 0 0 
167.3267327 0 0 0 
169.3069307 0 0 0 
171.2871287 0 0 0 
173.2673267 0 0 0 
175.2475248 0 0 0 
177.2277228 0 0 0 
179.2079208 0 0 0 
181.1881188 0 0 0 
183.1683168 0 0 0 
185.1485149 0 0 0 
187.1287129 0 0 0 
189.1089109 0 0 0 
191.0891089 0 0 0 
193.0693069 0 0 0 
195.049505 0 0 0 
197.029703 0 0 0 
199.009901 0 0 0 
