# Format: McCode with text headers
# URL: http://www.mccode.org
# Creator:  3.5.2, git
# Instrument: Airport_scannerII.instr
# Ncount: 10000000
# Trace: no
# Gravitation: no
# Seed: 1728640316093053
# Directory: Scan_Src_Quasi_1e7/23
# Param: SFILE=input_abs_objects_template.dat
# Param: ANGLE=0
# Param: posX=-0.025
# Param: posY=-0.3
# Param: posZ=0
# Param: Ncount=0
# Date: Fri Oct 11 09:52:31 2024 (1728640351)
# type: array_1d(101)
# Source: Airp_scannerII (Airport_scannerII.instr)
# component: emon
# position: 0 0 0.11
# title: Energy monitor
# Ncount: 10000000
# filename: emon.dat
# statistics: X0=69.9981; dX=39.8361;
# signal: Min=0; Max=0.0144418; Mean=0.00990099;
# values: 1 0.000316228 1e+07
# xvar: E
# yvar: (I,I_err)
# xlabel: Energy [keV]
# ylabel: Intensity
# xlimits: 0 200
# variables: E I I_err N
0.9900990099 0.0070553 2.65618147e-05 70553 
2.97029703 0.014292 3.78047616e-05 142920 
4.95049505 0.0143594 3.789379897e-05 143594 
6.930693069 0.0142817 3.779113653e-05 142817 
8.910891089 0.0143861 3.792901264e-05 143861 
10.89108911 0.0143646 3.790065962e-05 143646 
12.87128713 0.0144201 3.797380676e-05 144201 
14.85148515 0.0143318 3.785736388e-05 143318 
16.83168317 0.0142972 3.781163842e-05 142972 
18.81188119 0.0143704 3.790831043e-05 143704 
20.79207921 0.014302 3.781798514e-05 143020 
22.77227723 0.0143466 3.787690589e-05 143466 
24.75247525 0.0142915 3.780410031e-05 142915 
26.73267327 0.0143845 3.792690338e-05 143845 
28.71287129 0.0143537 3.78862772e-05 143537 
30.69306931 0.0144418 3.800236835e-05 144418 
32.67326733 0.0143637 3.789947229e-05 143637 
34.65346535 0.0143543 3.788706903e-05 143543 
36.63366337 0.0143918 3.793652593e-05 143918 
38.61386139 0.014371 3.790910181e-05 143710 
40.59405941 0.0144013 3.794904478e-05 144013 
42.57425743 0.0142903 3.780251314e-05 142903 
44.55445545 0.0143018 3.781772071e-05 143018 
46.53465347 0.0144171 3.796985647e-05 144171 
48.51485149 0.0143272 3.785128796e-05 143272 
50.4950495 0.0144246 3.797973144e-05 144246 
52.47524752 0.0143278 3.785208052e-05 143278 
54.45544554 0.0144021 3.795009881e-05 144021 
56.43564356 0.0142831 3.779298877e-05 142831 
58.41584158 0.01438 3.792097045e-05 143800 
60.3960396 0.0143357 3.786251444e-05 143357 
62.37623762 0.0142706 3.777644769e-05 142706 
64.35643564 0.0143287 3.785326934e-05 143287 
66.33663366 0.0143451 3.787492574e-05 143451 
68.31683168 0.0143423 3.787122919e-05 143423 
70.2970297 0.0143941 3.793955719e-05 143941 
72.27722772 0.0143569 3.789050013e-05 143569 
74.25742574 0.0143541 3.788680509e-05 143541 
76.23762376 0.0143992 3.794627781e-05 143992 
78.21782178 0.0143447 3.787439769e-05 143447 
80.1980198 0.014334 3.786026941e-05 143340 
82.17821782 0.0142925 3.780542289e-05 142925 
84.15841584 0.0144367 3.799565765e-05 144367 
86.13861386 0.0143534 3.788588128e-05 143534 
88.11881188 0.0143562 3.78895764e-05 143562 
90.0990099 0.0143438 3.787320953e-05 143438 
92.07920792 0.0143284 3.785287307e-05 143284 
94.05940594 0.0143519 3.788390159e-05 143519 
96.03960396 0.0143926 3.793758031e-05 143926 
98.01980198 0.0142925 3.780542289e-05 142925 
100 0.014381 3.792228896e-05 143810 
101.980198 0.0143069 3.782446298e-05 143069 
103.960396 0.0143563 3.788970837e-05 143563 
105.9405941 0.014354 3.788667312e-05 143540 
107.9207921 0.014328 3.785234471e-05 143280 
109.9009901 0.0143685 3.79058043e-05 143685 
111.8811881 0.0143413 3.78699089e-05 143413 
113.8613861 0.014316 3.783649032e-05 143160 
115.8415842 0.0143791 3.791978375e-05 143791 
117.8217822 0.0143415 3.787017296e-05 143415 
119.8019802 0.0144097 3.796011064e-05 144097 
121.7821782 0.0143271 3.785115586e-05 143271 
123.7623762 0.0143421 3.787096513e-05 143421 
125.7425743 0.0143237 3.784666432e-05 143237 
127.7227723 0.0143501 3.788152584e-05 143501 
129.7029703 0.0143564 3.788984033e-05 143564 
131.6831683 0.0143423 3.787122919e-05 143423 
133.6633663 0.0143101 3.782869281e-05 143101 
135.6435644 0.0144015 3.794930829e-05 144015 
137.6237624 0.014281 3.779021037e-05 142810 
139.6039604 0.0028152 1.677855774e-05 28152 
141.5841584 0 0 0 
143.5643564 0 0 0 
145.5445545 0 0 0 
147.5247525 0 0 0 
149.5049505 0 0 0 
151.4851485 0 0 0 
153.4653465 0 0 0 
155.4455446 0 0 0 
157.4257426 0 0 0 
159.4059406 0 0 0 
161.3861386 0 0 0 
163.3663366 0 0 0 
165.3465347 0 0 0 
167.3267327 0 0 0 
169.3069307 0 0 0 
171.2871287 0 0 0 
173.2673267 0 0 0 
175.2475248 0 0 0 
177.2277228 0 0 0 
179.2079208 0 0 0 
181.1881188 0 0 0 
183.1683168 0 0 0 
185.1485149 0 0 0 
187.1287129 0 0 0 
189.1089109 0 0 0 
191.0891089 0 0 0 
193.0693069 0 0 0 
195.049505 0 0 0 
197.029703 0 0 0 
199.009901 0 0 0 
