# Format: McCode with text headers
# URL: http://www.mccode.org
# Creator:  3.5.2, git
# Instrument: templateSANS2.instr
# Ncount: 833333
# Trace: no
# Gravitation: no
# Seed: 1728481102071954
# Directory: LD_scan/5
# Nodes: 12
# Param: lambda=6
# Param: dlambda=0.6
# Param: r=150
# Param: PHI=0.001
# Param: Delta_Rho=6e+10
# Param: frac_dir=0.03
# Param: frac_inc=0.01
# Param: slit1=0.02
# Param: slit2=0.02
# Param: LC=3
# Param: LD=6
# Date: Wed Oct  9 15:38:24 2024 (1728481104)
# type: array_1d(1000)
# Source: templateSANS2 (templateSANS2.instr)
# component: Ldetector
# position: 0 0 9.2
# title: Wavelength monitor
# Ncount: 9999996
# filename: Edet.dat
# statistics: X0=6.02721; dX=0.287691;
# signal: Min=0.00793869; Max=0.0116417; Mean=0.00963705;
# values: 9.63705 0.00245969 4.98159e+07
# xvar: L
# yvar: (I,I_err)
# xlabel: Wavelength [AA]
# ylabel: Intensity
# xlimits: 5.5 6.5
# variables: L I I_err N
5.5005 0.008093878511 6.523292287e-05 49723 
5.5015 0.008140797931 6.547361455e-05 49953 
5.5025 0.008098487898 6.521750046e-05 49815 
5.5035 0.008090102842 6.539094132e-05 49623 
5.5045 0.008115983572 6.527676507e-05 50293 
5.5055 0.008255370664 6.593156322e-05 50699 
5.5065 0.008216178743 6.59399191e-05 50375 
5.5075 0.008199942411 6.581152664e-05 50046 
5.5085 0.008028125966 6.496645824e-05 49629 
5.5095 0.008184645121 6.577801905e-05 50122 
5.5105 0.0079386897 6.472148437e-05 48923 
5.5115 0.008214970135 6.585150584e-05 50229 
5.5125 0.008254257026 6.603851941e-05 50320 
5.5135 0.008118725505 6.566809246e-05 49698 
5.5145 0.008134864937 6.562484029e-05 49498 
5.5155 0.008092501797 6.53853775e-05 49790 
5.5165 0.00807635285 6.530996249e-05 49881 
5.5175 0.008137743961 6.580303872e-05 49672 
5.5185 0.008379448801 6.682366848e-05 50685 
5.5195 0.008046375044 6.511408943e-05 49283 
5.5205 0.008319545995 6.642163844e-05 50532 
5.5215 0.007970024674 6.493196539e-05 49169 
5.5225 0.008025888075 6.524611374e-05 49129 
5.5235 0.008207722929 6.60092258e-05 50076 
5.5245 0.008130540715 6.582751256e-05 49728 
5.5255 0.008304658738 6.642042602e-05 50762 
5.5265 0.008123876266 6.564537436e-05 49878 
5.5275 0.00814507678 6.571037767e-05 49943 
5.5285 0.008155348452 6.576480006e-05 49855 
5.5295 0.008269339981 6.64099232e-05 50075 
5.5305 0.008319041578 6.657104498e-05 50573 
5.5315 0.008236228829 6.60816513e-05 50531 
5.5325 0.00810790847 6.560987355e-05 49492 
5.5335 0.008173504925 6.598896727e-05 49349 
5.5345 0.008247998223 6.61940569e-05 50366 
5.5355 0.008223166095 6.613657768e-05 49994 
5.5365 0.008278032037 6.641062713e-05 50232 
5.5375 0.008231950129 6.646253779e-05 49608 
5.5385 0.008339354451 6.674904908e-05 50449 
5.5395 0.008121138008 6.568297505e-05 49798 
5.5405 0.008282705873 6.647483033e-05 50320 
5.5415 0.008344735852 6.694599469e-05 49921 
5.5425 0.008140911434 6.59579973e-05 49391 
5.5435 0.008243175083 6.639057799e-05 49642 
5.5445 0.008207560267 6.628983634e-05 49873 
5.5455 0.008141610457 6.583544651e-05 49680 
5.5465 0.008116384668 6.589723733e-05 49378 
5.5475 0.00815415179 6.594491747e-05 49715 
5.5485 0.008492331647 6.764719514e-05 50826 
5.5495 0.008181323753 6.608504396e-05 49870 
5.5505 0.008212286324 6.654583112e-05 49555 
5.5515 0.008233517108 6.636720206e-05 50000 
5.5525 0.008170400674 6.609517777e-05 49721 
5.5535 0.008297172668 6.680156639e-05 49835 
5.5545 0.008296217482 6.663616359e-05 50242 
5.5555 0.00824709395 6.673009671e-05 49326 
5.5565 0.008293591099 6.669106674e-05 50278 
5.5575 0.008140824075 6.597020623e-05 49318 
5.5585 0.008373287919 6.699743709e-05 50373 
5.5595 0.008285154058 6.688411144e-05 49714 
5.5605 0.008231938149 6.63548781e-05 49943 
5.5615 0.008344703686 6.694707919e-05 50371 
5.5625 0.008242128703 6.671354489e-05 49730 
5.5635 0.008367284833 6.703573108e-05 50489 
5.5645 0.008465884643 6.765826442e-05 50195 
5.5655 0.007993489019 6.544768628e-05 48874 
5.5665 0.00825525658 6.65917028e-05 50212 
5.5675 0.008202151561 6.6430192e-05 49131 
5.5685 0.008151658117 6.630000579e-05 48900 
5.5695 0.008477398809 6.769089546e-05 50606 
5.5705 0.008108854215 6.615274903e-05 48979 
5.5715 0.008213515339 6.651452583e-05 49549 
5.5725 0.008240932645 6.68365703e-05 49228 
5.5735 0.008104258878 6.610313821e-05 49292 
5.5745 0.008218741561 6.661593442e-05 49103 
5.5755 0.008470315671 6.762593747e-05 50705 
5.5765 0.008186159706 6.652985358e-05 49695 
5.5775 0.008355605024 6.729441371e-05 50039 
5.5785 0.008323060946 6.720521719e-05 49602 
5.5795 0.008355861551 6.744597532e-05 49842 
5.5805 0.0084123859 6.74783512e-05 50389 
5.5815 0.008299709432 6.717034146e-05 49457 
5.5825 0.00826677703 6.693093201e-05 49554 
5.5835 0.008367384082 6.720157975e-05 50365 
5.5845 0.008546121576 6.826001357e-05 50620 
5.5855 0.008361395644 6.744562683e-05 50190 
5.5865 0.008438723641 6.778975274e-05 50254 
5.5875 0.008246253967 6.683845764e-05 49856 
5.5885 0.00825463459 6.688024598e-05 49561 
5.5895 0.008473067374 6.781334716e-05 50436 
5.5905 0.008324884806 6.72155036e-05 49689 
5.5915 0.008542387611 6.839141451e-05 50481 
5.5925 0.008466339951 6.801401125e-05 49980 
5.5935 0.008402355079 6.762303441e-05 49807 
5.5945 0.008453066534 6.790586393e-05 50301 
5.5955 0.008378561518 6.750985992e-05 50028 
5.5965 0.008484026241 6.80571853e-05 50553 
5.5975 0.008268604432 6.707663758e-05 49187 
5.5985 0.008351326878 6.73524979e-05 49789 
5.5995 0.008261378045 6.719972722e-05 49345 
5.6005 0.008445978908 6.801336855e-05 50029 
5.6015 0.008212947297 6.688141811e-05 48961 
5.6025 0.008358699763 6.75423244e-05 49824 
5.6035 0.008485177344 6.81366504e-05 50496 
5.6045 0.008475181857 6.79722021e-05 49848 
5.6055 0.008531835078 6.840379567e-05 50321 
5.6065 0.008503507968 6.808492742e-05 50126 
5.6075 0.008651724085 6.880714746e-05 50927 
5.6085 0.00851374867 6.836696129e-05 49936 
5.6095 0.008476182954 6.815828469e-05 49817 
5.6105 0.008513697398 6.845132281e-05 50037 
5.6115 0.008534629687 6.841474049e-05 50263 
5.6125 0.008606397163 6.882406381e-05 50104 
5.6135 0.008590040214 6.875255633e-05 49988 
5.6145 0.008407802589 6.814146067e-05 49332 
5.6155 0.008372792972 6.783225691e-05 49572 
5.6165 0.008506702976 6.823003729e-05 50098 
5.6175 0.008418924026 6.80175228e-05 49381 
5.6185 0.008551483339 6.861533327e-05 49980 
5.6195 0.008303658752 6.754310196e-05 48714 
5.6205 0.008501152014 6.845204543e-05 49986 
5.6215 0.008441029901 6.82035433e-05 49657 
5.6225 0.00833390598 6.755534699e-05 49370 
5.6235 0.008216113089 6.715905022e-05 48745 
5.6245 0.00839770418 6.812353952e-05 49292 
5.6255 0.008494675798 6.819817729e-05 50359 
5.6265 0.008452624749 6.831917978e-05 49578 
5.6275 0.008521484444 6.869824374e-05 49327 
5.6285 0.008492402066 6.826513913e-05 49965 
5.6295 0.008484739954 6.843496194e-05 49462 
5.6305 0.008405378789 6.797613623e-05 49749 
5.6315 0.008358911271 6.796451909e-05 49472 
5.6325 0.008616101597 6.920648336e-05 49855 
5.6335 0.008739711494 6.963743842e-05 50657 
5.6345 0.00846751569 6.852073171e-05 49503 
5.6355 0.008455145691 6.847666177e-05 49321 
5.6365 0.008753816883 6.96787912e-05 50612 
5.6375 0.008249538697 6.769427169e-05 48321 
5.6385 0.008614154511 6.924536476e-05 49973 
5.6395 0.008532757651 6.867892613e-05 49759 
5.6405 0.008364872023 6.800220884e-05 49187 
5.6415 0.008371766219 6.780993879e-05 49735 
5.6425 0.008470958087 6.857644458e-05 49516 
5.6435 0.008617432918 6.931804166e-05 49534 
5.6445 0.008529656023 6.875179895e-05 49549 
5.6455 0.008480797477 6.861516764e-05 49140 
5.6465 0.008634167033 6.947420205e-05 50225 
5.6475 0.00831434777 6.801749202e-05 48752 
5.6485 0.008662558362 6.935406729e-05 51023 
5.6495 0.00849841829 6.860829097e-05 49553 
5.6505 0.008533997417 6.871438902e-05 49946 
5.6515 0.008615532234 6.934255014e-05 49510 
5.6525 0.008680132526 6.943878403e-05 50384 
5.6535 0.008620157032 6.932302508e-05 49818 
5.6545 0.008586574034 6.908577836e-05 50009 
5.6555 0.008656655715 6.955812806e-05 50257 
5.6565 0.008540171995 6.898805172e-05 49651 
5.6575 0.008531952704 6.887143145e-05 49691 
5.6585 0.008859227439 7.02631524e-05 51213 
5.6595 0.008691163405 6.964221377e-05 50848 
5.6605 0.008644382602 6.93549948e-05 49897 
5.6615 0.008475054363 6.861658397e-05 49600 
5.6625 0.008562821725 6.907862175e-05 49629 
5.6635 0.008736892728 6.986127295e-05 50416 
5.6645 0.008752045347 6.985430905e-05 50785 
5.6655 0.008520483639 6.90801074e-05 49399 
5.6665 0.008514999479 6.908195186e-05 48950 
5.6675 0.008709951579 6.992541659e-05 49947 
5.6685 0.008613809363 6.945202596e-05 49480 
5.6695 0.00857570047 6.918858153e-05 49924 
5.6705 0.008488049295 6.888960323e-05 48921 
5.6715 0.008688379381 6.973872211e-05 50369 
5.6725 0.008709714648 6.980636343e-05 50092 
5.6735 0.008655872958 6.969464717e-05 49913 
5.6745 0.008839694131 7.041161133e-05 50836 
5.6755 0.008726756334 7.000934319e-05 50124 
5.6765 0.008769114937 7.020714007e-05 50527 
5.6775 0.008414789537 6.880845703e-05 48417 
5.6785 0.008583471864 6.945624421e-05 49241 
5.6795 0.008678346822 6.971877254e-05 50208 
5.6805 0.008745913618 7.010432418e-05 50360 
5.6815 0.008683413821 6.981655082e-05 49860 
5.6825 0.008518852959 6.912289194e-05 49141 
5.6835 0.008680719074 6.997812346e-05 49682 
5.6845 0.008424533495 6.87031688e-05 49190 
5.6855 0.008528784192 6.931870183e-05 49382 
5.6865 0.008766471011 7.031227868e-05 49906 
5.6875 0.008751950268 7.017278535e-05 50173 
5.6885 0.008360243188 6.846636523e-05 48765 
5.6895 0.008626060558 6.951414529e-05 49780 
5.6905 0.00854381324 6.914535677e-05 49613 
5.6915 0.008710899233 7.006928156e-05 50112 
5.6925 0.008660590916 6.97422329e-05 49954 
5.6935 0.008587354314 6.955968662e-05 49419 
5.6945 0.008608602171 6.962946304e-05 49590 
5.6955 0.00876378925 7.049793406e-05 49597 
5.6965 0.008631269559 6.98929796e-05 48825 
5.6975 0.008608458153 6.977545334e-05 49200 
5.6985 0.008758707021 7.056521783e-05 49614 
5.6995 0.008770419314 7.065338965e-05 49663 
5.7005 0.008734830289 7.030014439e-05 49606 
5.7015 0.008658269829 7.00331849e-05 49535 
5.7025 0.008815531266 7.067987775e-05 50216 
5.7035 0.00862668503 6.976111884e-05 49149 
5.7045 0.008539645558 6.964373708e-05 49011 
5.7055 0.008668687485 7.023667271e-05 49393 
5.7065 0.008526555134 6.949820127e-05 48418 
5.7075 0.008696361564 7.031222473e-05 49540 
5.7085 0.008706565973 7.041780837e-05 49798 
5.7095 0.008583421244 6.976013368e-05 49361 
5.7105 0.00886087513 7.104714173e-05 49986 
5.7115 0.008822619033 7.093176228e-05 50026 
5.7125 0.008776641533 7.070166514e-05 49284 
5.7135 0.008830679886 7.088067942e-05 50215 
5.7145 0.008786714747 7.061240394e-05 50193 
5.7155 0.008855065155 7.10468984e-05 50041 
5.7165 0.008876417194 7.125496367e-05 49772 
5.7175 0.008745072561 7.050895482e-05 49638 
5.7185 0.008805136634 7.09363052e-05 50047 
5.7195 0.008775744458 7.073468309e-05 49693 
5.7205 0.008620661604 7.009633977e-05 49325 
5.7215 0.008820649259 7.100038118e-05 49665 
5.7225 0.008880484557 7.128723363e-05 50028 
5.7235 0.008621492211 7.012446767e-05 49370 
5.7245 0.008897577188 7.114435628e-05 50783 
5.7255 0.008858543207 7.101609675e-05 50414 
5.7265 0.008813036572 7.080197976e-05 50170 
5.7275 0.00862590224 7.008011489e-05 49191 
5.7285 0.008653032655 7.020199246e-05 49276 
5.7295 0.008598668509 7.016299218e-05 48501 
5.7305 0.008856664822 7.124308844e-05 50023 
5.7315 0.00886875758 7.153696785e-05 49692 
5.7325 0.008900609941 7.140100788e-05 49703 
5.7335 0.008853930933 7.118728071e-05 49949 
5.7345 0.008677843569 7.030382855e-05 49647 
5.7355 0.008885904389 7.152010328e-05 49848 
5.7365 0.008814622106 7.107946091e-05 49920 
5.7375 0.008681761505 7.048938772e-05 49446 
5.7385 0.008923747032 7.138963041e-05 50600 
5.7395 0.008843302573 7.14119856e-05 49652 
5.7405 0.008650767677 7.019464037e-05 49259 
5.7415 0.008890358565 7.152898143e-05 49960 
5.7425 0.008883051361 7.159338648e-05 49316 
5.7435 0.008778314922 7.096710897e-05 49347 
5.7445 0.008942562987 7.163468219e-05 50181 
5.7455 0.008784777929 7.12272456e-05 49087 
5.7465 0.0089750736 7.187620443e-05 50314 
5.7475 0.008875347739 7.158335944e-05 49446 
5.7485 0.008881080854 7.150443574e-05 50131 
5.7495 0.008944088182 7.189013668e-05 49802 
5.7505 0.008747007847 7.106353219e-05 49103 
5.7515 0.008544601185 7.006348216e-05 48309 
5.7525 0.008921932841 7.185604119e-05 49986 
5.7535 0.008968940857 7.208717258e-05 49985 
5.7545 0.008964150504 7.191832615e-05 50107 
5.7555 0.008513550014 6.992795191e-05 48183 
5.7565 0.008907313422 7.168615051e-05 49244 
5.7575 0.008945525122 7.199290151e-05 50027 
5.7585 0.008805470409 7.132272042e-05 49636 
5.7595 0.008883376949 7.170841053e-05 49785 
5.7605 0.008863591422 7.152731647e-05 49165 
5.7615 0.009121081747 7.265650531e-05 50588 
5.7625 0.008771730948 7.129500532e-05 49305 
5.7635 0.008902763584 7.165209737e-05 49660 
5.7645 0.008787286381 7.129227421e-05 49153 
5.7655 0.008821272456 7.153969331e-05 49308 
5.7665 0.008767904284 7.133599572e-05 48703 
5.7675 0.008810754477 7.148844677e-05 49023 
5.7685 0.009042012734 7.244164687e-05 50153 
5.7695 0.008845827982 7.15813453e-05 49880 
5.7705 0.008784785448 7.143849092e-05 48794 
5.7715 0.008836802038 7.172985987e-05 49265 
5.7725 0.009010506011 7.221477701e-05 50503 
5.7735 0.009130317401 7.27412382e-05 50770 
5.7745 0.00894514472 7.203556308e-05 49514 
5.7755 0.008794669541 7.146447553e-05 49146 
5.7765 0.009130033434 7.299634605e-05 49771 
5.7775 0.009281862501 7.354884411e-05 51108 
5.7785 0.009001899128 7.231795483e-05 49731 
5.7795 0.008789564418 7.14987784e-05 48700 
5.7805 0.008821104948 7.162745423e-05 48968 
5.7815 0.009086955007 7.28749807e-05 50228 
5.7825 0.008873975343 7.189204201e-05 49512 
5.7835 0.008961346688 7.223942238e-05 49923 
5.7845 0.008947655351 7.23065596e-05 49573 
5.7855 0.009026003607 7.283917043e-05 49438 
5.7865 0.00892962928 7.221824589e-05 49225 
5.7875 0.008861366245 7.189742285e-05 49209 
5.7885 0.008961281007 7.232740376e-05 49652 
5.7895 0.008878215054 7.202473383e-05 48854 
5.7905 0.009119373394 7.311475905e-05 49969 
5.7915 0.009146193919 7.323006699e-05 50452 
5.7925 0.008981449342 7.247242713e-05 49224 
5.7935 0.008902601422 7.231137568e-05 48725 
5.7945 0.008870279307 7.202739121e-05 49111 
5.7955 0.009004520388 7.261313867e-05 49471 
5.7965 0.009043735616 7.282398303e-05 49832 
5.7975 0.009125747606 7.309404198e-05 50164 
5.7985 0.008999210515 7.269120545e-05 49622 
5.7995 0.00897674922 7.239120428e-05 49892 
5.8005 0.009088457887 7.315897072e-05 49900 
5.8015 0.008956067307 7.256199411e-05 49342 
5.8025 0.009111492415 7.311127958e-05 50070 
5.8035 0.00888719298 7.217175644e-05 48704 
5.8045 0.009075368153 7.293404354e-05 49704 
5.8055 0.009040758398 7.28788682e-05 49522 
5.8065 0.008929471422 7.245018569e-05 48645 
5.8075 0.009343354753 7.402386714e-05 51216 
5.8085 0.009003071774 7.274708555e-05 49430 
5.8095 0.009082971756 7.307501588e-05 50028 
5.8105 0.008908847851 7.21438582e-05 49330 
5.8115 0.009043596352 7.298189695e-05 49092 
5.8125 0.009151190217 7.322790013e-05 49847 
5.8135 0.008940449587 7.246777635e-05 49205 
5.8145 0.009076828006 7.295402201e-05 50211 
5.8155 0.008974401891 7.258212695e-05 49639 
5.8165 0.009101513796 7.328861524e-05 49689 
5.8175 0.008998418024 7.276914465e-05 49343 
5.8185 0.009029301118 7.297622188e-05 49502 
5.8195 0.008870112756 7.219541455e-05 48870 
5.8205 0.009090914619 7.298023921e-05 49726 
5.8215 0.009050692923 7.287967452e-05 49866 
5.8225 0.008879755997 7.215005519e-05 48757 
5.8235 0.009136859166 7.331021557e-05 50387 
5.8245 0.009092747255 7.292804513e-05 50240 
5.8255 0.009147028684 7.323008497e-05 50421 
5.8265 0.009027624398 7.284275951e-05 49236 
5.8275 0.009180661168 7.348772411e-05 50127 
5.8285 0.009093497641 7.306942942e-05 50224 
5.8295 0.009197047829 7.35141228e-05 50473 
5.8305 0.009078083509 7.319984855e-05 49637 
5.8315 0.00915573527 7.338121112e-05 50097 
5.8325 0.008963004685 7.247763536e-05 49320 
5.8335 0.008948491003 7.25166996e-05 49297 
5.8345 0.00897718235 7.259140903e-05 49832 
5.8355 0.008996666675 7.266286365e-05 49715 
5.8365 0.008983078211 7.251609339e-05 49226 
5.8375 0.009137302097 7.333467249e-05 49963 
5.8385 0.009155123214 7.341477385e-05 50252 
5.8395 0.009024199913 7.29303971e-05 49739 
5.8405 0.008906549529 7.224663779e-05 48957 
5.8415 0.009363897933 7.43760669e-05 51355 
5.8425 0.009224504618 7.362825202e-05 50591 
5.8435 0.009059986908 7.309886454e-05 49568 
5.8445 0.008884493823 7.256563775e-05 48095 
5.8455 0.009192162275 7.363104951e-05 49884 
5.8465 0.009312246071 7.409735547e-05 50257 
5.8475 0.009137175452 7.348624532e-05 50315 
5.8485 0.00907741997 7.318598116e-05 49817 
5.8495 0.009097214295 7.319997559e-05 49928 
5.8505 0.009099831404 7.320879417e-05 49851 
5.8515 0.009316376141 7.417264122e-05 50949 
5.8525 0.009366838026 7.457668738e-05 50626 
5.8535 0.00909275053 7.328611509e-05 49842 
5.8545 0.009225851641 7.403162501e-05 50144 
5.8555 0.009222899629 7.381313175e-05 50410 
5.8565 0.009336823785 7.43544528e-05 50909 
5.8575 0.009358028364 7.454901358e-05 50411 
5.8585 0.009250262914 7.407432537e-05 50146 
5.8595 0.009427875315 7.474985369e-05 51140 
5.8605 0.009118061969 7.344969333e-05 49543 
5.8615 0.009005095838 7.303483218e-05 48815 
5.8625 0.009275654434 7.430107049e-05 50372 
5.8635 0.009198604281 7.396105416e-05 49983 
5.8645 0.009080970793 7.343098773e-05 49432 
5.8655 0.009158526455 7.379187126e-05 49989 
5.8665 0.009180580695 7.376352184e-05 49945 
5.8675 0.009008406284 7.293788001e-05 49334 
5.8685 0.009238307301 7.410649699e-05 49982 
5.8695 0.009087682862 7.342727084e-05 49773 
5.8705 0.00923605004 7.406359251e-05 50373 
5.8715 0.009261858696 7.420346428e-05 50130 
5.8725 0.009210858978 7.379156749e-05 50495 
5.8735 0.009341244092 7.466344549e-05 50651 
5.8745 0.009279529502 7.442549407e-05 49970 
5.8755 0.009355839839 7.470105402e-05 50653 
5.8765 0.00914776094 7.381228053e-05 49813 
5.8775 0.009130640194 7.374971279e-05 49644 
5.8785 0.009176437211 7.404684188e-05 49824 
5.8795 0.009281602215 7.45344312e-05 49223 
5.8805 0.009218884596 7.420786783e-05 49906 
5.8815 0.009260433624 7.421810041e-05 50625 
5.8825 0.009153119746 7.37880258e-05 49629 
5.8835 0.009203432698 7.422152804e-05 49589 
5.8845 0.009310774631 7.439253492e-05 50435 
5.8855 0.009297771707 7.43494538e-05 50435 
5.8865 0.009230615276 7.421725504e-05 49853 
5.8875 0.009275706975 7.437788456e-05 50122 
5.8885 0.009409361788 7.52332877e-05 50432 
5.8895 0.009388744511 7.49159602e-05 50522 
5.8905 0.009267682488 7.459826882e-05 49566 
5.8915 0.009292870731 7.462848265e-05 50125 
5.8925 0.00924737578 7.437116805e-05 49708 
5.8935 0.009218900899 7.433091453e-05 49854 
5.8945 0.009085216836 7.37117053e-05 49297 
5.8955 0.009217985124 7.420955964e-05 49897 
5.8965 0.009389084146 7.528778672e-05 49969 
5.8975 0.009051542459 7.362529377e-05 48937 
5.8985 0.009100987759 7.387621546e-05 49008 
5.8995 0.009365788829 7.51514464e-05 49847 
5.9005 0.009576685415 7.575886407e-05 51097 
5.9015 0.00922338186 7.448208318e-05 49809 
5.9025 0.009483072425 7.567945773e-05 50336 
5.9035 0.009391554795 7.509417992e-05 50882 
5.9045 0.009230231214 7.434175461e-05 50070 
5.9055 0.009424074616 7.535001692e-05 50265 
5.9065 0.009392478287 7.510887494e-05 50695 
5.9075 0.009260425582 7.452748071e-05 50028 
5.9085 0.009527442793 7.574512373e-05 50344 
5.9095 0.009164335514 7.426881176e-05 49415 
5.9105 0.009166916694 7.425510196e-05 49270 
5.9115 0.009235695621 7.442201854e-05 49817 
5.9125 0.009353396496 7.502169403e-05 50057 
5.9135 0.009302133243 7.479613149e-05 50366 
5.9145 0.009104768622 7.392390975e-05 48841 
5.9155 0.009360515863 7.514997612e-05 50113 
5.9165 0.009214268035 7.451813523e-05 49315 
5.9175 0.009310285674 7.494332531e-05 49341 
5.9185 0.009418586491 7.542979631e-05 50319 
5.9195 0.009347695764 7.526093986e-05 49543 
5.9205 0.009286131554 7.49035218e-05 49402 
5.9215 0.00926193285 7.479246222e-05 49447 
5.9225 0.009001334342 7.363102541e-05 48681 
5.9235 0.009406418986 7.568694133e-05 49230 
5.9245 0.009491558835 7.56852221e-05 50350 
5.9255 0.009244996319 7.490227485e-05 48996 
5.9265 0.009330062822 7.529231189e-05 49418 
5.9275 0.009298345313 7.487339948e-05 50234 
5.9285 0.009540482736 7.620984279e-05 50264 
5.9295 0.009481082518 7.593832624e-05 50091 
5.9305 0.009417508277 7.542180082e-05 50322 
5.9315 0.009365098253 7.528505325e-05 49951 
5.9325 0.009269060067 7.511776721e-05 49175 
5.9335 0.009466125571 7.585974112e-05 49557 
5.9345 0.009365652711 7.518612294e-05 50042 
5.9355 0.009334478975 7.522281482e-05 49531 
5.9365 0.009536476513 7.600006843e-05 51240 
5.9375 0.009320590189 7.527586469e-05 49525 
5.9385 0.009449449503 7.600061195e-05 49886 
5.9395 0.009447134088 7.58322451e-05 49947 
5.9405 0.009362538693 7.531602206e-05 49622 
5.9415 0.009373355141 7.549528969e-05 50068 
5.9425 0.009384490041 7.558626546e-05 49444 
5.9435 0.009442618382 7.584643068e-05 49636 
5.9445 0.009641067701 7.671179043e-05 50747 
5.9455 0.009316449435 7.530922885e-05 49216 
5.9465 0.009234316701 7.497972558e-05 48764 
5.9475 0.009522073032 7.618677621e-05 49917 
5.9485 0.009567399475 7.661568593e-05 49937 
5.9495 0.00944475772 7.580620585e-05 50460 
5.9505 0.009500009331 7.622114612e-05 49967 
5.9515 0.009565040408 7.645008939e-05 50190 
5.9525 0.009277926311 7.527108092e-05 49192 
5.9535 0.00943784739 7.592853685e-05 49933 
5.9545 0.009679324604 7.686996232e-05 51209 
5.9555 0.009568542978 7.651231638e-05 50691 
5.9565 0.009451270408 7.594426149e-05 49953 
5.9575 0.009393574311 7.578393209e-05 49085 
5.9585 0.009626011581 7.678930951e-05 50439 
5.9595 0.009475520171 7.603210346e-05 50251 
5.9605 0.00947980169 7.611630936e-05 49738 
5.9615 0.009529822521 7.634072038e-05 50254 
5.9625 0.009724901563 7.740725533e-05 50460 
5.9635 0.009401105882 7.596200486e-05 49354 
5.9645 0.009658564915 7.710701138e-05 50587 
5.9655 0.009571274371 7.666914514e-05 49782 
5.9665 0.0093203132 7.55116891e-05 48905 
5.9675 0.009659298522 7.715907863e-05 50649 
5.9685 0.009442695899 7.626001165e-05 49433 
5.9695 0.009574458411 7.666260698e-05 50187 
5.9705 0.009800930108 7.766628981e-05 50974 
5.9715 0.009718872373 7.722897755e-05 51060 
5.9725 0.009407463445 7.598665103e-05 49628 
5.9735 0.009358770642 7.567883384e-05 49485 
5.9745 0.009788760291 7.767262236e-05 50575 
5.9755 0.009558473509 7.67520375e-05 49700 
5.9765 0.009453856661 7.626277996e-05 49620 
5.9775 0.009435516993 7.610340199e-05 49725 
5.9785 0.009241559966 7.51667015e-05 49366 
5.9795 0.009559585836 7.669027105e-05 50145 
5.9805 0.009748642459 7.761238047e-05 51016 
5.9815 0.009635052979 7.712858037e-05 50199 
5.9825 0.009459695055 7.623390334e-05 49869 
5.9835 0.009466097904 7.638256805e-05 49909 
5.9845 0.00958912037 7.685080795e-05 50447 
5.9855 0.009704589915 7.729957187e-05 50436 
5.9865 0.009496021112 7.655910564e-05 49927 
5.9875 0.00958239809 7.66269445e-05 50443 
5.9885 0.009490941899 7.655905125e-05 49886 
5.9895 0.009769121468 7.75721607e-05 51436 
5.9905 0.009537739411 7.685022074e-05 49766 
5.9915 0.009438010791 7.626046193e-05 49305 
5.9925 0.009727127807 7.759084228e-05 50598 
5.9935 0.009593458565 7.701919527e-05 50074 
5.9945 0.009835367876 7.81042421e-05 50994 
5.9955 0.009515169616 7.654971487e-05 49915 
5.9965 0.009480228313 7.661072765e-05 49014 
5.9975 0.009628385191 7.742273486e-05 49389 
5.9985 0.009534433175 7.676302778e-05 49523 
5.9995 0.009955020373 7.875998717e-05 51229 
6.0005 0.009528743756 7.682199071e-05 49536 
6.0015 0.009599009051 7.704352778e-05 49526 
6.0025 0.009632628604 7.7214318e-05 50369 
6.0035 0.009538478716 7.712625071e-05 49188 
6.0045 0.00985592078 7.852906214e-05 50179 
6.0055 0.009720954135 7.789950161e-05 49851 
6.0065 0.009731305972 7.771752868e-05 49929 
6.0075 0.009610948733 7.711090343e-05 49954 
6.0085 0.009692690694 7.77387523e-05 49955 
6.0095 0.00961462934 7.728134311e-05 50384 
6.0105 0.00962284958 7.749501757e-05 49224 
6.0115 0.009416329879 7.632126987e-05 49405 
6.0125 0.009428179321 7.643830382e-05 49306 
6.0135 0.009822687828 7.80989313e-05 50532 
6.0145 0.009736501697 7.781958505e-05 50227 
6.0155 0.009385791816 7.62999639e-05 48859 
6.0165 0.009933230588 7.869854184e-05 51345 
6.0175 0.009672939568 7.758009352e-05 50169 
6.0185 0.009565180922 7.722114627e-05 49102 
6.0195 0.009648190377 7.762629587e-05 49760 
6.0205 0.009854898637 7.816340041e-05 51122 
6.0215 0.009678170404 7.755738677e-05 50226 
6.0225 0.009693807571 7.76669884e-05 49894 
6.0235 0.009730529336 7.795827409e-05 50391 
6.0245 0.009532362634 7.72879448e-05 49235 
6.0255 0.009852684168 7.864151616e-05 50096 
6.0265 0.009673265465 7.796596768e-05 49534 
6.0275 0.009685266732 7.78246778e-05 50073 
6.0285 0.009563013786 7.718001999e-05 49881 
6.0295 0.009565339202 7.691682216e-05 49870 
6.0305 0.009729326695 7.805862848e-05 50046 
6.0315 0.009819983274 7.841378697e-05 50721 
6.0325 0.009513664684 7.700380993e-05 49190 
6.0335 0.009786196034 7.841501675e-05 49786 
6.0345 0.009537421861 7.732593851e-05 49123 
6.0355 0.009798759655 7.838253739e-05 50392 
6.0365 0.009662667534 7.760360827e-05 49915 
6.0375 0.009641724931 7.788016543e-05 49533 
6.0385 0.009728666137 7.801560398e-05 49915 
6.0395 0.009665006995 7.81351028e-05 49632 
6.0405 0.009684948775 7.791309275e-05 50059 
6.0415 0.009681682288 7.808808222e-05 49366 
6.0425 0.009687761456 7.800501131e-05 49779 
6.0435 0.009777761303 7.855474539e-05 49846 
6.0445 0.009838333671 7.878850749e-05 49844 
6.0455 0.009915463956 7.8947369e-05 50691 
6.0465 0.009719687705 7.812988627e-05 49414 
6.0475 0.00964574078 7.778341296e-05 49534 
6.0485 0.009814715405 7.860564868e-05 49957 
6.0495 0.009753836623 7.846585244e-05 49682 
6.0505 0.009681715628 7.792627808e-05 50217 
6.0515 0.009817991011 7.867201704e-05 50030 
6.0525 0.009928014893 7.907381783e-05 50778 
6.0535 0.009921926092 7.921405481e-05 50248 
6.0545 0.009751055702 7.845446085e-05 49824 
6.0555 0.009830696172 7.886889908e-05 50230 
6.0565 0.009749762536 7.8607484e-05 49494 
6.0575 0.01008079559 7.977483749e-05 51359 
6.0585 0.009922854 7.925395618e-05 50267 
6.0595 0.009799021665 7.872223047e-05 49774 
6.0605 0.009802069908 7.886436381e-05 49595 
6.0615 0.009640829757 7.812623151e-05 49100 
6.0625 0.009819845618 7.85569984e-05 50333 
6.0635 0.009639889125 7.824811261e-05 49228 
6.0645 0.009955758534 7.947061665e-05 50232 
6.0655 0.009663391925 7.814570319e-05 49129 
6.0665 0.009816921273 7.894758284e-05 49715 
6.0675 0.009834758929 7.897242356e-05 50010 
6.0685 0.009686390598 7.829356354e-05 49299 
6.0695 0.009821234593 7.898273362e-05 50036 
6.0705 0.009675439552 7.851240808e-05 48880 
6.0715 0.01013328327 8.011117246e-05 51540 
6.0725 0.00967232849 7.827945113e-05 48977 
6.0735 0.009620199496 7.807977622e-05 48871 
6.0745 0.009767476056 7.871356076e-05 49599 
6.0755 0.009918377115 7.966499201e-05 49990 
6.0765 0.009790918686 7.879933404e-05 49906 
6.0775 0.009861218983 7.91615303e-05 50318 
6.0785 0.01000550572 7.970183428e-05 50772 
6.0795 0.009791833254 7.895804504e-05 49785 
6.0805 0.009790810006 7.885263803e-05 49404 
6.0815 0.009976226388 7.965293705e-05 50526 
6.0825 0.009923470592 7.956077861e-05 49836 
6.0835 0.009867845445 7.914133524e-05 49606 
6.0845 0.009966131392 7.954311342e-05 50833 
6.0855 0.00997877377 7.975248899e-05 50044 
6.0865 0.009784836495 7.88619432e-05 49497 
6.0875 0.009856661789 7.929802362e-05 49821 
6.0885 0.01007216187 8.029715179e-05 50323 
6.0895 0.01005216561 8.003016683e-05 50418 
6.0905 0.009969867906 7.971756497e-05 50364 
6.0915 0.0100743838 8.048483995e-05 50359 
6.0925 0.01027061654 8.10405568e-05 51207 
6.0935 0.009948108099 7.990552588e-05 49819 
6.0945 0.009873250309 7.945315519e-05 49429 
6.0955 0.009947870102 7.986665679e-05 50083 
6.0965 0.009934565803 7.965294372e-05 50118 
6.0975 0.009769371784 7.904121676e-05 49636 
6.0985 0.01003061602 8.014360806e-05 49859 
6.0995 0.009931938391 7.973155272e-05 49827 
6.1005 0.009998817306 8.004135156e-05 49870 
6.1015 0.01007735721 8.048043738e-05 50209 
6.1025 0.009921863062 7.98974501e-05 49567 
6.1035 0.009906365768 7.953862605e-05 49805 
6.1045 0.009895962694 7.975565237e-05 49501 
6.1055 0.01001949752 8.012603759e-05 50336 
6.1065 0.009966711627 7.993281555e-05 50022 
6.1075 0.009702802264 7.886077322e-05 48783 
6.1085 0.009938897914 7.983804729e-05 49857 
6.1095 0.01004264771 8.044576275e-05 49767 
6.1105 0.009900745946 7.978172982e-05 49920 
6.1115 0.01005605846 8.044052433e-05 49912 
6.1125 0.009819679069 7.938414316e-05 49535 
6.1135 0.01004830755 8.022445831e-05 50386 
6.1145 0.01000558601 8.005444628e-05 50443 
6.1155 0.009727781282 7.881356324e-05 49092 
6.1165 0.01026130718 8.139252537e-05 51299 
6.1175 0.00995225869 8.006420647e-05 49647 
6.1185 0.01038931719 8.210564348e-05 50964 
6.1195 0.01007443742 8.053813581e-05 50204 
6.1205 0.01002673499 8.056676089e-05 49493 
6.1215 0.00992920478 8.010592355e-05 49521 
6.1225 0.00989547811 7.982488669e-05 49390 
6.1235 0.01013066216 8.078116179e-05 50067 
6.1245 0.01003303548 8.042382806e-05 49904 
6.1255 0.009941542982 8.004691305e-05 49801 
6.1265 0.01021251746 8.102808017e-05 50991 
6.1275 0.009707020727 7.909583885e-05 48729 
6.1285 0.01021434248 8.12286577e-05 50794 
6.1295 0.009882661601 7.993773094e-05 49246 
6.1305 0.01000955194 8.024192976e-05 50075 
6.1315 0.01010840335 8.078622074e-05 50292 
6.1325 0.01015644792 8.11844906e-05 50351 
6.1335 0.01018161161 8.117039914e-05 50152 
6.1345 0.01017465002 8.103974139e-05 50897 
6.1355 0.01020631494 8.143623072e-05 50678 
6.1365 0.01003394483 8.056915179e-05 49746 
6.1375 0.009876333624 7.981706483e-05 49695 
6.1385 0.009875793188 8.002010068e-05 48576 
6.1395 0.009894178868 8.028003502e-05 48947 
6.1405 0.009965693872 8.014220935e-05 49782 
6.1415 0.0101558807 8.116663553e-05 50124 
6.1425 0.01009211474 8.104201271e-05 49765 
6.1435 0.01006303129 8.092013142e-05 49995 
6.1445 0.01017903025 8.123258738e-05 50385 
6.1455 0.01023127224 8.162949209e-05 50057 
6.1465 0.01020172195 8.153193947e-05 50284 
6.1475 0.009752047233 7.92507066e-05 49462 
6.1485 0.009918908536 8.012599665e-05 49781 
6.1495 0.01004815837 8.089710201e-05 49521 
6.1505 0.01014929543 8.128931384e-05 49909 
6.1515 0.01003446576 8.07033359e-05 50132 
6.1525 0.009883370329 8.012347453e-05 48939 
6.1535 0.009924846625 8.01233409e-05 49696 
6.1545 0.0102748798 8.177093627e-05 50757 
6.1555 0.009924346285 8.029839153e-05 49585 
6.1565 0.01026584076 8.174955975e-05 50780 
6.1575 0.01019018239 8.147348308e-05 50459 
6.1585 0.009926434934 8.036915347e-05 48972 
6.1595 0.01018049267 8.145285593e-05 50378 
6.1605 0.01017013837 8.134736704e-05 50199 
6.1615 0.01006943315 8.100848547e-05 50062 
6.1625 0.0101903245 8.141024771e-05 50172 
6.1635 0.01019258202 8.146425914e-05 50020 
6.1645 0.01003261446 8.090581496e-05 49473 
6.1655 0.0102612474 8.221722223e-05 49838 
6.1665 0.01016578936 8.184022452e-05 49573 
6.1675 0.009971289553 8.043080941e-05 49392 
6.1685 0.01018422222 8.141887181e-05 50117 
6.1695 0.010125676 8.143258507e-05 49781 
6.1705 0.01013644962 8.144871046e-05 49843 
6.1715 0.01018804723 8.155101843e-05 49726 
6.1725 0.01009718918 8.138436927e-05 49637 
6.1735 0.0101891533 8.186116659e-05 49578 
6.1745 0.01013217595 8.141341825e-05 49645 
6.1755 0.009920967763 8.031409173e-05 48804 
6.1765 0.01010760982 8.126718093e-05 49921 
6.1775 0.01020049436 8.190948015e-05 49581 
6.1785 0.009989499703 8.07497578e-05 49355 
6.1795 0.01005123605 8.123818256e-05 49302 
6.1805 0.01023681357 8.203479717e-05 49552 
6.1815 0.01023149524 8.202213756e-05 49989 
6.1825 0.01002435092 8.116998713e-05 49166 
6.1835 0.01026397567 8.213764359e-05 50336 
6.1845 0.01005594428 8.138427561e-05 49309 
6.1855 0.01030529992 8.244404714e-05 50081 
6.1865 0.0101284918 8.148698847e-05 49644 
6.1875 0.0104150767 8.291221247e-05 50479 
6.1885 0.01018363261 8.1798355e-05 49646 
6.1895 0.01020683324 8.195714892e-05 50033 
6.1905 0.01029270233 8.229237307e-05 50211 
6.1915 0.01044807682 8.321095892e-05 50389 
6.1925 0.01023061844 8.209434268e-05 50054 
6.1935 0.01044467245 8.327587698e-05 50524 
6.1945 0.01041156941 8.295211015e-05 50587 
6.1955 0.01026950242 8.244973793e-05 50130 
6.1965 0.01031790875 8.246224827e-05 49949 
6.1975 0.01030094781 8.237472626e-05 50674 
6.1985 0.0103991988 8.298750533e-05 50489 
6.1995 0.01019602523 8.213196377e-05 49311 
6.2005 0.009931135092 8.062037607e-05 48912 
6.2015 0.01032000553 8.276720306e-05 49533 
6.2025 0.0102553877 8.229136137e-05 50091 
6.2035 0.01033980626 8.265355347e-05 50423 
6.2045 0.01035485166 8.288005167e-05 49684 
6.2055 0.0104034987 8.311204827e-05 50309 
6.2065 0.01018704215 8.204363403e-05 49301 
6.2075 0.01024181004 8.252290136e-05 49515 
6.2085 0.01050098936 8.3645532e-05 50020 
6.2095 0.0102724025 8.253953359e-05 49660 
6.2105 0.01025556623 8.241147806e-05 49289 
6.2115 0.01017306062 8.190571152e-05 49820 
6.2125 0.01042995183 8.32158934e-05 50161 
6.2135 0.01035691651 8.297328673e-05 50273 
6.2145 0.01027724684 8.26918324e-05 49735 
6.2155 0.01044442133 8.330934498e-05 50441 
6.2165 0.01020185126 8.230773424e-05 49144 
6.2175 0.01035189718 8.286132509e-05 50018 
6.2185 0.01028290572 8.264563666e-05 49776 
6.2195 0.01017445289 8.218052139e-05 48901 
6.2205 0.01017353582 8.216409297e-05 49567 
6.2215 0.01035262688 8.284567525e-05 49978 
6.2225 0.01016556527 8.210904546e-05 49410 
6.2235 0.01006405199 8.175423551e-05 48647 
6.2245 0.01044112529 8.351788551e-05 50108 
6.2255 0.01037626207 8.31964713e-05 49843 
6.2265 0.0104695092 8.333177064e-05 50509 
6.2275 0.01051483305 8.393147888e-05 49980 
6.2285 0.01021045705 8.218797451e-05 49230 
6.2295 0.01032961329 8.282420581e-05 50203 
6.2305 0.0102167734 8.240563024e-05 49245 
6.2315 0.01034185257 8.321053236e-05 49439 
6.2325 0.01035060584 8.292702299e-05 50418 
6.2335 0.0102383666 8.273672156e-05 49356 
6.2345 0.01045109903 8.363549964e-05 50137 
6.2355 0.01026689531 8.266282772e-05 49625 
6.2365 0.01033396247 8.302576832e-05 49788 
6.2375 0.01027114393 8.29751699e-05 49478 
6.2385 0.01024571576 8.251359274e-05 49614 
6.2395 0.01017687343 8.235292166e-05 49021 
6.2405 0.01037381767 8.326503418e-05 50317 
6.2415 0.01044807685 8.368111615e-05 49713 
6.2425 0.01016427276 8.260077054e-05 48725 
6.2435 0.01034837867 8.298516748e-05 50080 
6.2445 0.01043375335 8.342005928e-05 50031 
6.2455 0.01033107974 8.30669896e-05 49669 
6.2465 0.01040830524 8.348284853e-05 50037 
6.2475 0.01047186343 8.376143614e-05 49720 
6.2485 0.01029271117 8.306356878e-05 49426 
6.2495 0.01055944117 8.419811422e-05 50179 
6.2505 0.01039146897 8.358973296e-05 49342 
6.2515 0.01037703154 8.353279876e-05 49308 
6.2525 0.01051964917 8.388770806e-05 50452 
6.2535 0.01020556008 8.267170462e-05 48939 
6.2545 0.0106832127 8.503652171e-05 50081 
6.2555 0.01060018473 8.450191317e-05 50434 
6.2565 0.01054393575 8.415433084e-05 50052 
6.2575 0.01057170329 8.441987797e-05 50045 
6.2585 0.01040559035 8.382147138e-05 49460 
6.2595 0.01044179295 8.373265558e-05 49736 
6.2605 0.01028863234 8.329710904e-05 49077 
6.2615 0.01054075565 8.41730094e-05 50532 
6.2625 0.0102827498 8.320141389e-05 49091 
6.2635 0.01038150327 8.346407374e-05 50086 
6.2645 0.01034888467 8.340810337e-05 49427 
6.2655 0.01044963538 8.381644468e-05 49785 
6.2665 0.01046593826 8.400985454e-05 49858 
6.2675 0.0107208675 8.485575278e-05 50934 
6.2685 0.01025359979 8.331661483e-05 48343 
6.2695 0.01037610208 8.359341095e-05 49593 
6.2705 0.01043832249 8.401307244e-05 49378 
6.2715 0.01038377822 8.368901173e-05 49803 
6.2725 0.01054536967 8.446418337e-05 49980 
6.2735 0.01064952466 8.509171619e-05 50153 
6.2745 0.01044352533 8.405676538e-05 49242 
6.2755 0.01043238784 8.39880454e-05 49068 
6.2765 0.01044968455 8.416356205e-05 49537 
6.2775 0.01064082536 8.495621386e-05 50378 
6.2785 0.01049666702 8.45533036e-05 49413 
6.2795 0.01055848242 8.454570532e-05 49732 
6.2805 0.01050179563 8.41774716e-05 50215 
6.2815 0.01015107963 8.275035659e-05 48734 
6.2825 0.01019067871 8.305027175e-05 48586 
6.2835 0.01055242002 8.461781108e-05 49453 
6.2845 0.01060269593 8.475209124e-05 50226 
6.2855 0.01045311771 8.396294869e-05 50066 
6.2865 0.01064066459 8.488954844e-05 50513 
6.2875 0.01043495609 8.406123172e-05 49826 
6.2885 0.01066621828 8.532628069e-05 50246 
6.2895 0.01064603976 8.492235506e-05 49989 
6.2905 0.01045109784 8.408867614e-05 49567 
6.2915 0.0103176538 8.386158567e-05 48557 
6.2925 0.0106181018 8.49245314e-05 50134 
6.2935 0.01076232171 8.56385753e-05 50609 
6.2945 0.01049601951 8.42897905e-05 49726 
6.2955 0.01042437202 8.413445284e-05 49330 
6.2965 0.01066803898 8.546125135e-05 49534 
6.2975 0.01049315098 8.457722539e-05 49576 
6.2985 0.01062785585 8.493509169e-05 50036 
6.2995 0.01064009338 8.532015518e-05 49644 
6.3005 0.01050506546 8.449997085e-05 49703 
6.3015 0.01066958621 8.525766084e-05 50340 
6.3025 0.01066914152 8.518222253e-05 50354 
6.3035 0.01060821812 8.498658384e-05 49893 
6.3045 0.0106790437 8.536551563e-05 50125 
6.3055 0.01049754159 8.460107632e-05 49714 
6.3065 0.01054421354 8.512969698e-05 49076 
6.3075 0.01062230871 8.513522722e-05 50039 
6.3085 0.01073363397 8.554335811e-05 50231 
6.3095 0.01062092673 8.506889376e-05 49559 
6.3105 0.01055960814 8.502939923e-05 49548 
6.3115 0.0103995746 8.432616898e-05 49005 
6.3125 0.01047178077 8.459692165e-05 49302 
6.3135 0.01069085559 8.545257379e-05 50129 
6.3145 0.0105340732 8.471842152e-05 49758 
6.3155 0.01057936155 8.487383277e-05 49584 
6.3165 0.01061125645 8.521286821e-05 49183 
6.3175 0.01053726312 8.496455863e-05 49243 
6.3185 0.01069811042 8.568844706e-05 49863 
6.3195 0.01042704585 8.433993516e-05 49225 
6.3205 0.01056775927 8.515197174e-05 49064 
6.3215 0.01060380982 8.533956471e-05 49337 
6.3225 0.01065665102 8.572830809e-05 49556 
6.3235 0.01073575054 8.580129564e-05 50336 
6.3245 0.01103590562 8.714343904e-05 50864 
6.3255 0.01057608276 8.519699054e-05 49481 
6.3265 0.01052901079 8.484755183e-05 49285 
6.3275 0.01057323953 8.527885932e-05 49527 
6.3285 0.01046789222 8.470731679e-05 49209 
6.3295 0.01053665024 8.4966304e-05 49489 
6.3305 0.01056572089 8.500775025e-05 49683 
6.3315 0.01050254217 8.475094918e-05 49774 
6.3325 0.01099708256 8.708620383e-05 50754 
6.3335 0.0105803854 8.537914597e-05 48970 
6.3345 0.0107582106 8.619585856e-05 49438 
6.3355 0.01098173739 8.7262335e-05 50354 
6.3365 0.01074769536 8.615452597e-05 49382 
6.3375 0.0107652617 8.625123604e-05 49996 
6.3385 0.01073110733 8.602185896e-05 49548 
6.3395 0.01085058926 8.629827659e-05 50614 
6.3405 0.01072803528 8.609283175e-05 50000 
6.3415 0.01089720702 8.652086217e-05 50894 
6.3425 0.01085958436 8.66810271e-05 50302 
6.3435 0.01079949312 8.62863358e-05 50263 
6.3445 0.01073273974 8.595987515e-05 50442 
6.3455 0.01078355285 8.632548838e-05 49717 
6.3465 0.01084862819 8.668325725e-05 50266 
6.3475 0.01052718305 8.519666465e-05 49097 
6.3485 0.01081851896 8.650260017e-05 49964 
6.3495 0.01069274981 8.590218179e-05 49614 
6.3505 0.01088104535 8.672255777e-05 50151 
6.3515 0.01085683445 8.672671411e-05 50266 
6.3525 0.0107670204 8.63737386e-05 49785 
6.3535 0.01082529564 8.654031027e-05 49887 
6.3545 0.01097956118 8.724151698e-05 50482 
6.3555 0.01082429436 8.671954138e-05 49954 
6.3565 0.01078756632 8.656481348e-05 49573 
6.3575 0.01091032215 8.723453121e-05 49789 
6.3585 0.01049762999 8.53942185e-05 48458 
6.3595 0.01073288285 8.65133264e-05 49231 
6.3605 0.0109513733 8.734175403e-05 49660 
6.3615 0.01083850589 8.678432042e-05 50083 
6.3625 0.0108056906 8.648042131e-05 50051 
6.3635 0.0110889088 8.791066378e-05 50693 
6.3645 0.010739322 8.624950227e-05 49874 
6.3655 0.01085849854 8.692841027e-05 50055 
6.3665 0.01096026936 8.739263551e-05 50063 
6.3675 0.01077973954 8.646249456e-05 50034 
6.3685 0.01074434179 8.664880498e-05 49019 
6.3695 0.01081084329 8.666195105e-05 49843 
6.3705 0.0109046026 8.706246742e-05 49990 
6.3715 0.01094585955 8.718477564e-05 50301 
6.3725 0.01067943564 8.611681622e-05 49560 
6.3735 0.01076378662 8.648886514e-05 49420 
6.3745 0.010853924 8.676280689e-05 50439 
6.3755 0.01093564988 8.715595527e-05 50245 
6.3765 0.01056448834 8.577485024e-05 48531 
6.3775 0.0107956232 8.694208091e-05 49389 
6.3785 0.01088837741 8.700607968e-05 50485 
6.3795 0.01095514956 8.722904497e-05 50407 
6.3805 0.01078077957 8.681092255e-05 49453 
6.3815 0.01101632894 8.781824028e-05 50254 
6.3825 0.01088916369 8.734314142e-05 49578 
6.3835 0.01051084028 8.551375348e-05 48649 
6.3845 0.01084642657 8.709945929e-05 49476 
6.3855 0.01069453182 8.639686419e-05 48959 
6.3865 0.01072791732 8.687817414e-05 48906 
6.3875 0.01073055799 8.649106071e-05 49068 
6.3885 0.01089564506 8.726461836e-05 49703 
6.3895 0.0109260269 8.753725578e-05 49384 
6.3905 0.01083583729 8.695481929e-05 49506 
6.3915 0.01096842314 8.748914035e-05 50279 
6.3925 0.01083588408 8.701319789e-05 49275 
6.3935 0.01074965269 8.690266219e-05 48913 
6.3945 0.01099009662 8.773044985e-05 49753 
6.3955 0.01106033024 8.791959335e-05 50660 
6.3965 0.01086904435 8.731510153e-05 49713 
6.3975 0.01132474764 8.905028435e-05 51799 
6.3985 0.01103225904 8.811639755e-05 49868 
6.3995 0.0108216406 8.716492029e-05 49475 
6.4005 0.01092048665 8.756204776e-05 49659 
6.4015 0.01067686222 8.675916498e-05 48905 
6.4025 0.01105248276 8.837410493e-05 50017 
6.4035 0.01087466683 8.738587752e-05 49583 
6.4045 0.01066844882 8.65986633e-05 48588 
6.4055 0.01078022274 8.704544656e-05 48987 
6.4065 0.01108502559 8.802983979e-05 51117 
6.4075 0.01111506632 8.852432273e-05 50430 
6.4085 0.01080207628 8.719844013e-05 49216 
6.4095 0.01102945678 8.83114221e-05 49502 
6.4105 0.01069122772 8.68867726e-05 48676 
6.4115 0.01088140809 8.735733737e-05 50215 
6.4125 0.01071497946 8.683702093e-05 48635 
6.4135 0.01122681089 8.916325575e-05 50515 
6.4145 0.01098190938 8.821796763e-05 49445 
6.4155 0.01063249292 8.644426846e-05 48644 
6.4165 0.01086131978 8.741883059e-05 49614 
6.4175 0.01068675773 8.689550123e-05 48275 
6.4185 0.01111409433 8.876072853e-05 50211 
6.4195 0.01120594602 8.915783933e-05 50095 
6.4205 0.01096947474 8.799478729e-05 49209 
6.4215 0.01097261669 8.800954684e-05 49692 
6.4225 0.01122318974 8.920280089e-05 50609 
6.4235 0.01069409578 8.69744666e-05 48450 
6.4245 0.01089831105 8.769386339e-05 49707 
6.4255 0.0110417785 8.846535489e-05 49652 
6.4265 0.01112664879 8.882794642e-05 50670 
6.4275 0.01122828747 8.918449591e-05 50791 
6.4285 0.01104254277 8.820341923e-05 50169 
6.4295 0.01106070247 8.873203322e-05 49468 
6.4305 0.01079872045 8.765342e-05 48906 
6.4315 0.01093262792 8.794728349e-05 49427 
6.4325 0.01108242944 8.874907978e-05 49532 
6.4335 0.01097132993 8.830028369e-05 49271 
6.4345 0.01084425189 8.746522004e-05 49021 
6.4355 0.01058527631 8.645247692e-05 48648 
6.4365 0.01067498183 8.700691917e-05 48293 
6.4375 0.01117572929 8.909271832e-05 50176 
6.4385 0.01095351329 8.825895402e-05 49108 
6.4395 0.01097435211 8.841816962e-05 48946 
6.4405 0.01087159971 8.817065887e-05 48221 
6.4415 0.01138797646 9.010689311e-05 50976 
6.4425 0.01134029604 8.985600165e-05 51208 
6.4435 0.01102482038 8.865066171e-05 49583 
6.4445 0.01142844583 9.013874667e-05 51677 
6.4455 0.01117640262 8.928916875e-05 49633 
6.4465 0.01128338179 8.962565927e-05 50285 
6.4475 0.0111996598 8.951095397e-05 50229 
6.4485 0.01112386947 8.90614878e-05 50000 
6.4495 0.01120999217 8.944029448e-05 49972 
6.4505 0.01126289134 8.961756757e-05 50499 
6.4515 0.01112648159 8.924722863e-05 48894 
6.4525 0.01123606246 8.950745395e-05 49778 
6.4535 0.01116299644 8.926968286e-05 49846 
6.4545 0.01132382124 8.973190318e-05 50536 
6.4555 0.01101937531 8.881032343e-05 49311 
6.4565 0.01139662247 9.049921575e-05 50482 
6.4575 0.01128576453 8.968862386e-05 50796 
6.4585 0.01118914516 8.933322297e-05 50398 
6.4595 0.01131819764 8.996449571e-05 50474 
6.4605 0.01121510355 8.946429181e-05 50565 
6.4615 0.01119698003 8.968814136e-05 49813 
6.4625 0.01089468162 8.81460274e-05 49284 
6.4635 0.01111972132 8.919147172e-05 49768 
6.4645 0.01130262009 9.017129904e-05 49493 
6.4655 0.01106707133 8.897749466e-05 49665 
6.4665 0.01081146899 8.78592386e-05 48141 
6.4675 0.01103709374 8.883545583e-05 49386 
6.4685 0.01098092122 8.84511066e-05 49281 
6.4695 0.01118965329 8.962431748e-05 49722 
6.4705 0.01098848476 8.847790121e-05 50004 
6.4715 0.011266964 8.98892304e-05 49811 
6.4725 0.01106173896 8.891866487e-05 49434 
6.4735 0.01118426789 8.940483785e-05 50337 
6.4745 0.01123036203 8.974188335e-05 50046 
6.4755 0.01085382249 8.798464099e-05 48942 
6.4765 0.01132646843 9.014486795e-05 49747 
6.4775 0.0111051214 8.941248324e-05 48881 
6.4785 0.01119263436 8.964748637e-05 49594 
6.4795 0.01130921986 9.011487006e-05 50472 
6.4805 0.01130632523 9.011910124e-05 50204 
6.4815 0.01142323668 9.071309654e-05 51051 
6.4825 0.01129446918 9.01530312e-05 49823 
6.4835 0.01105772014 8.918956962e-05 49304 
6.4845 0.01114624592 8.955842178e-05 49612 
6.4855 0.01132035085 9.056410053e-05 49666 
6.4865 0.01134970383 9.031851404e-05 50213 
6.4875 0.01141331155 9.051787804e-05 50792 
6.4885 0.01114847026 8.961552192e-05 49126 
6.4895 0.0110990493 8.938712782e-05 49210 
6.4905 0.01133139535 9.046436751e-05 50029 
6.4915 0.01125360764 9.01432747e-05 49415 
6.4925 0.01126445072 9.014946219e-05 49621 
6.4935 0.01144565342 9.112235576e-05 50099 
6.4945 0.01120803255 8.983286385e-05 49644 
6.4955 0.01104673524 8.92429976e-05 49136 
6.4965 0.01106422532 8.941022467e-05 49029 
6.4975 0.01164165613 9.190141871e-05 51408 
6.4985 0.01117392478 8.950751012e-05 50096 
6.4995 0.01116865831 8.973410952e-05 49336 
