# Format: McCode with text headers
# URL: http://www.mccode.org
# Creator:  3.5.2, git
# Instrument: Airport_scannerII.instr
# Ncount: 1000000
# Trace: no
# Gravitation: no
# Seed: 1728639447112960
# Directory: Scan_Src_Quasi/23
# Param: SFILE=input_abs_objects_template.dat
# Param: ANGLE=0
# Param: posX=-0.025
# Param: posY=-0.3
# Param: posZ=0
# Param: Ncount=0
# Date: Fri Oct 11 09:37:31 2024 (1728639451)
# type: array_1d(101)
# Source: Airp_scannerII (Airport_scannerII.instr)
# component: emon
# position: 0 0 0.11
# title: Energy monitor
# Ncount: 1000000
# filename: emon.dat
# statistics: X0=69.9967; dX=39.8204;
# signal: Min=0; Max=0.014611; Mean=0.00990099;
# values: 1 0.001 1e+06
# xvar: E
# yvar: (I,I_err)
# xlabel: Energy [keV]
# ylabel: Intensity
# xlimits: 0 200
# variables: E I I_err N
0.9900990099 0.007207 8.489405162e-05 7207 
2.97029703 0.01402 0.0001184060809 14020 
4.95049505 0.014297 0.0001195700631 14297 
6.930693069 0.01441 0.0001200416594 14410 
8.910891089 0.014423 0.0001200957951 14423 
10.89108911 0.014188 0.0001191133914 14188 
12.87128713 0.014413 0.0001200541544 14413 
14.85148515 0.014231 0.0001192937551 14231 
16.83168317 0.014316 0.0001196494881 14316 
18.81188119 0.014433 0.0001201374213 14433 
20.79207921 0.014205 0.0001191847306 14205 
22.77227723 0.014455 0.0001202289483 14455 
24.75247525 0.014248 0.0001193649865 14248 
26.73267327 0.014525 0.0001205197079 14525 
28.71287129 0.014531 0.0001205445976 14531 
30.69306931 0.014072 0.000118625461 14072 
32.67326733 0.014488 0.0001203661082 14488 
34.65346535 0.014122 0.0001188360215 14122 
36.63366337 0.014347 0.0001197789631 14347 
38.61386139 0.014611 0.0001208759695 14611 
40.59405941 0.014323 0.0001196787366 14323 
42.57425743 0.014329 0.0001197038011 14329 
44.55445545 0.014318 0.0001196578455 14318 
46.53465347 0.014363 0.0001198457342 14363 
48.51485149 0.014505 0.0001204367054 14505 
50.4950495 0.014563 0.0001206772555 14563 
52.47524752 0.014495 0.0001203951826 14495 
54.45544554 0.014307 0.0001196118723 14307 
56.43564356 0.014143 0.0001189243457 14143 
58.41584158 0.014311 0.0001196285919 14311 
60.3960396 0.014501 0.000120420098 14501 
62.37623762 0.014462 0.0001202580559 14462 
64.35643564 0.014446 0.0001201915138 14446 
66.33663366 0.014185 0.0001191007976 14185 
68.31683168 0.014364 0.0001198499061 14364 
70.2970297 0.014186 0.0001191049957 14186 
72.27722772 0.014309 0.0001196202324 14309 
74.25742574 0.014299 0.0001195784261 14299 
76.23762376 0.01438 0.0001199166377 14380 
78.21782178 0.014458 0.0001202414238 14458 
80.1980198 0.014535 0.0001205611878 14535 
82.17821782 0.014595 0.0001208097678 14595 
84.15841584 0.014444 0.0001201831935 14444 
86.13861386 0.014381 0.0001199208072 14381 
88.11881188 0.014266 0.0001194403617 14266 
90.0990099 0.014311 0.0001196285919 14311 
92.07920792 0.014405 0.0001200208315 14405 
94.05940594 0.014211 0.0001192098989 14211 
96.03960396 0.014378 0.0001199082983 14378 
98.01980198 0.014352 0.0001197998331 14352 
100 0.014122 0.0001188360215 14122 
101.980198 0.014245 0.0001193524193 14245 
103.960396 0.014268 0.0001194487338 14268 
105.9405941 0.014434 0.0001201415831 14434 
107.9207921 0.014263 0.0001194278025 14263 
109.9009901 0.014294 0.0001195575175 14294 
111.8811881 0.014254 0.0001193901168 14254 
113.8613861 0.014289 0.0001195366053 14289 
115.8415842 0.014338 0.000119741388 14338 
117.8217822 0.014503 0.000120428402 14503 
119.8019802 0.014364 0.0001198499061 14364 
121.7821782 0.014456 0.0001202331069 14456 
123.7623762 0.014451 0.0001202123122 14451 
125.7425743 0.014349 0.0001197873115 14349 
127.7227723 0.014317 0.0001196536669 14317 
129.7029703 0.014347 0.0001197789631 14347 
131.6831683 0.014468 0.0001202829996 14468 
133.6633663 0.014238 0.0001193230908 14238 
135.6435644 0.0144 0.00012 14400 
137.6237624 0.014104 0.0001187602627 14104 
139.6039604 0.002829 5.318834459e-05 2829 
141.5841584 0 0 0 
143.5643564 0 0 0 
145.5445545 0 0 0 
147.5247525 0 0 0 
149.5049505 0 0 0 
151.4851485 0 0 0 
153.4653465 0 0 0 
155.4455446 0 0 0 
157.4257426 0 0 0 
159.4059406 0 0 0 
161.3861386 0 0 0 
163.3663366 0 0 0 
165.3465347 0 0 0 
167.3267327 0 0 0 
169.3069307 0 0 0 
171.2871287 0 0 0 
173.2673267 0 0 0 
175.2475248 0 0 0 
177.2277228 0 0 0 
179.2079208 0 0 0 
181.1881188 0 0 0 
183.1683168 0 0 0 
185.1485149 0 0 0 
187.1287129 0 0 0 
189.1089109 0 0 0 
191.0891089 0 0 0 
193.0693069 0 0 0 
195.049505 0 0 0 
197.029703 0 0 0 
199.009901 0 0 0 
