# Format: McCode with text headers
# URL: http://www.mccode.org
# Creator:  3.5.2, git
# Instrument: Airport_scannerII.instr
# Ncount: 1000000
# Trace: no
# Gravitation: no
# Seed: 1728633379249424
# Directory: Airport_scannerII_20241011_075532/17
# Param: SFILE=input_abs_objects_template.dat
# Param: ANGLE=170
# Param: posX=-0.5
# Param: posY=-0.3
# Param: posZ=0
# Param: Ncount=0
# Date: Fri Oct 11 07:56:21 2024 (1728633381)
# type: array_1d(101)
# Source: Airp_scannerII (Airport_scannerII.instr)
# component: emon
# position: 0 0 0.11
# title: Energy monitor
# Ncount: 1000000
# filename: emon.dat
# statistics: X0=70.0476; dX=39.8442;
# signal: Min=0; Max=1.52351e-05; Mean=1.02463e-05;
# values: 0.00103488 1.03488e-06 1e+06
# xvar: E
# yvar: (I,I_err)
# xlabel: Energy [keV]
# ylabel: Intensity
# xlimits: 0 200
# variables: E I I_err N
0.9900990099 7.369195056e-06 8.732754203e-08 7121 
2.97029703 1.48975242e-05 1.241637439e-07 14396 
4.95049505 1.493475276e-05 1.243229933e-07 14431 
6.930693069 1.48585739e-05 1.24002884e-07 14358 
8.910891089 1.459421778e-05 1.22892878e-07 14103 
10.89108911 1.473164018e-05 1.234735677e-07 14235 
12.87128713 1.497916512e-05 1.245073437e-07 14474 
14.85148515 1.492121904e-05 1.24266314e-07 14418 
16.83168317 1.465893325e-05 1.231673858e-07 14165 
18.81188119 1.486723337e-05 1.240406027e-07 14366 
20.79207921 1.485282587e-05 1.239765069e-07 14353 
22.77227723 1.48304412e-05 1.238846364e-07 14331 
24.75247525 1.4928224e-05 1.242944894e-07 14425 
26.73267327 1.481045009e-05 1.238040685e-07 14311 
28.71287129 1.470635787e-05 1.233657153e-07 14211 
30.69306931 1.499541185e-05 1.245735472e-07 14490 
32.67326733 1.484342088e-05 1.239411812e-07 14343 
34.65346535 1.471159354e-05 1.23387926e-07 14216 
36.63366337 1.480592141e-05 1.237835001e-07 14307 
38.61386139 1.469089185e-05 1.233010604e-07 14196 
40.59405941 1.482495351e-05 1.238647293e-07 14325 
42.57425743 1.48481566e-05 1.239591158e-07 14348 
44.55445545 1.466687841e-05 1.231993594e-07 14173 
46.53465347 1.486322646e-05 1.240244334e-07 14362 
48.51485149 1.487226119e-05 1.240609602e-07 14371 
50.4950495 1.466415315e-05 1.231894975e-07 14170 
52.47524752 1.47902011e-05 1.237212702e-07 14291 
54.45544554 1.480609594e-05 1.237849666e-07 14307 
56.43564356 1.511096017e-05 1.250553803e-07 14601 
58.41584158 1.489680459e-05 1.241620605e-07 14395 
60.3960396 1.488592076e-05 1.241187914e-07 14384 
62.37623762 1.488921756e-05 1.241333217e-07 14387 
64.35643564 1.496582029e-05 1.244523064e-07 14461 
66.33663366 1.482052447e-05 1.238450237e-07 14321 
68.31683168 1.497857477e-05 1.245024293e-07 14474 
70.2970297 1.475830341e-05 1.235842409e-07 14261 
72.27722772 1.479453776e-05 1.237359107e-07 14296 
74.25742574 1.480591778e-05 1.237834918e-07 14307 
76.23762376 1.480656909e-05 1.237846e-07 14308 
78.21782178 1.498101271e-05 1.245140955e-07 14476 
80.1980198 1.488985326e-05 1.241343115e-07 14388 
82.17821782 1.492505267e-05 1.242810135e-07 14422 
84.15841584 1.463640249e-05 1.230736845e-07 14143 
86.13861386 1.479271374e-05 1.237293102e-07 14294 
88.11881188 1.487204482e-05 1.240591548e-07 14371 
90.0990099 1.474697279e-05 1.235370069e-07 14250 
92.07920792 1.453320256e-05 1.226402476e-07 14043 
94.05940594 1.503756784e-05 1.247473983e-07 14531 
96.03960396 1.494775107e-05 1.243751951e-07 14444 
98.01980198 1.494371855e-05 1.2435886e-07 14440 
100 1.486839011e-05 1.240459271e-07 14367 
101.980198 1.492609723e-05 1.242853962e-07 14423 
103.960396 1.484823392e-05 1.239597662e-07 14348 
105.9405941 1.493129986e-05 1.243071714e-07 14428 
107.9207921 1.488594977e-05 1.24119027e-07 14384 
109.9009901 1.473960953e-05 1.23505669e-07 14243 
111.8811881 1.501396097e-05 1.24650246e-07 14508 
113.8613861 1.484805136e-05 1.239582395e-07 14348 
115.8415842 1.523513063e-05 1.255637872e-07 14722 
117.8217822 1.464760695e-05 1.231200346e-07 14154 
119.8019802 1.493338557e-05 1.243159145e-07 14430 
121.7821782 1.497368628e-05 1.244833012e-07 14469 
123.7623762 1.506174464e-05 1.248491907e-07 14554 
125.7425743 1.477914503e-05 1.236720761e-07 14281 
127.7227723 1.466812397e-05 1.232054707e-07 14174 
129.7029703 1.496769041e-05 1.244592608e-07 14463 
131.6831683 1.48447027e-05 1.239475679e-07 14344 
133.6633663 1.462685732e-05 1.230325686e-07 14134 
135.6435644 1.513172316e-05 1.251372588e-07 14622 
137.6237624 1.470283905e-05 1.233535491e-07 14207 
139.6039604 2.900454581e-06 5.478431319e-08 2803 
141.5841584 0 0 0 
143.5643564 0 0 0 
145.5445545 0 0 0 
147.5247525 0 0 0 
149.5049505 0 0 0 
151.4851485 0 0 0 
153.4653465 0 0 0 
155.4455446 0 0 0 
157.4257426 0 0 0 
159.4059406 0 0 0 
161.3861386 0 0 0 
163.3663366 0 0 0 
165.3465347 0 0 0 
167.3267327 0 0 0 
169.3069307 0 0 0 
171.2871287 0 0 0 
173.2673267 0 0 0 
175.2475248 0 0 0 
177.2277228 0 0 0 
179.2079208 0 0 0 
181.1881188 0 0 0 
183.1683168 0 0 0 
185.1485149 0 0 0 
187.1287129 0 0 0 
189.1089109 0 0 0 
191.0891089 0 0 0 
193.0693069 0 0 0 
195.049505 0 0 0 
197.029703 0 0 0 
199.009901 0 0 0 
