# Format: McCode with text headers
# URL: http://www.mccode.org
# Creator:  3.5.2, git
# Instrument: templateSANS2.instr
# Ncount: 833333
# Trace: no
# Gravitation: no
# Seed: 1728480920520338
# Directory: LC_scan/9
# Nodes: 12
# Param: lambda=6
# Param: dlambda=0.6
# Param: r=150
# Param: PHI=0.001
# Param: Delta_Rho=6e+10
# Param: frac_dir=0.03
# Param: frac_inc=0.01
# Param: slit1=0.02
# Param: slit2=0.02
# Param: LC=10
# Param: LD=3
# Date: Wed Oct  9 15:35:22 2024 (1728480922)
# type: array_1d(1000)
# Source: templateSANS2 (templateSANS2.instr)
# component: Ldetector
# position: 0 0 13.2
# title: Wavelength monitor
# Ncount: 9999996
# filename: Edet.dat
# statistics: X0=6.02699; dX=0.287786;
# signal: Min=0.00435814; Max=0.00651852; Mean=0.005394;
# values: 5.394 0.00181562 2.99534e+07
# xvar: L
# yvar: (I,I_err)
# xlabel: Wavelength [AA]
# ylabel: Intensity
# xlimits: 5.5 6.5
# variables: L I I_err N
5.5005 0.004578934595 4.861991413e-05 29787 
5.5015 0.004659951509 4.872194394e-05 30813 
5.5025 0.004526570101 4.812102011e-05 29917 
5.5035 0.004599144314 4.865383891e-05 29938 
5.5045 0.004504740396 4.776845019e-05 30193 
5.5055 0.004418023164 4.752067786e-05 29102 
5.5065 0.004569850085 4.823894912e-05 29961 
5.5075 0.004542077706 4.839360556e-05 29612 
5.5085 0.004606968043 4.871081939e-05 30120 
5.5095 0.004540656509 4.813177294e-05 30114 
5.5105 0.004559913838 4.848321464e-05 29810 
5.5115 0.004705306809 4.911356468e-05 30786 
5.5125 0.004609198804 4.85465737e-05 30384 
5.5135 0.004508435601 4.807454639e-05 29907 
5.5145 0.004665092581 4.908437934e-05 30230 
5.5155 0.004604338951 4.853595927e-05 30315 
5.5165 0.004358143949 4.723061491e-05 28824 
5.5175 0.004525287267 4.812059227e-05 29699 
5.5185 0.004578626691 4.846000804e-05 30061 
5.5195 0.004471788043 4.79164522e-05 29341 
5.5205 0.00464064291 4.889101593e-05 30379 
5.5215 0.004674158674 4.917078313e-05 30656 
5.5225 0.004644513088 4.890322482e-05 30384 
5.5235 0.004653978541 4.919391851e-05 30089 
5.5245 0.004588967259 4.862528717e-05 30099 
5.5255 0.004563218161 4.868131918e-05 29788 
5.5265 0.004670686825 4.893873871e-05 30726 
5.5275 0.004680988408 4.91327624e-05 30515 
5.5285 0.004608741926 4.876575225e-05 30024 
5.5295 0.004549643876 4.847599006e-05 29891 
5.5305 0.004600652272 4.871414049e-05 30180 
5.5315 0.004517017654 4.814069352e-05 29801 
5.5325 0.00457649798 4.86312968e-05 30003 
5.5335 0.004662075698 4.919785752e-05 30121 
5.5345 0.00460010021 4.869067403e-05 30120 
5.5355 0.004600091939 4.899454481e-05 29593 
5.5365 0.004610436273 4.881344181e-05 29989 
5.5375 0.004565164906 4.870804752e-05 29751 
5.5385 0.004541915832 4.856841516e-05 30019 
5.5395 0.004617930656 4.887971827e-05 30123 
5.5405 0.004681412514 4.941765563e-05 30224 
5.5415 0.004549083873 4.885306089e-05 29314 
5.5425 0.004536550442 4.852129841e-05 29256 
5.5435 0.004712376364 4.959571017e-05 30094 
5.5445 0.004566393395 4.867056354e-05 29823 
5.5455 0.004732308518 4.9681988e-05 30556 
5.5465 0.004555948356 4.849066448e-05 30031 
5.5475 0.004674263859 4.94007816e-05 30366 
5.5485 0.00469965141 4.953978935e-05 30302 
5.5495 0.004446896749 4.813241742e-05 28774 
5.5505 0.004498277216 4.826317609e-05 29396 
5.5515 0.004509671163 4.84011528e-05 29526 
5.5525 0.004538574341 4.848308159e-05 29785 
5.5535 0.004561719638 4.889693099e-05 29424 
5.5545 0.004698320625 4.931380658e-05 30248 
5.5555 0.004656292433 4.935234193e-05 30287 
5.5565 0.004637213041 4.920665174e-05 30246 
5.5575 0.004627235248 4.927974399e-05 29749 
5.5585 0.004808630647 5.0160054e-05 30978 
5.5595 0.004546682832 4.861170218e-05 29365 
5.5605 0.004741945982 4.969158516e-05 30446 
5.5615 0.004670714617 4.948938707e-05 29929 
5.5625 0.004671176395 4.936842081e-05 30063 
5.5635 0.004590643873 4.892288163e-05 29782 
5.5645 0.004685904144 4.954048925e-05 30020 
5.5655 0.00484153613 5.043079123e-05 30655 
5.5665 0.004692509099 4.976270408e-05 29514 
5.5675 0.004692397533 4.970298681e-05 30184 
5.5685 0.004651071252 4.92661558e-05 30091 
5.5695 0.004619784084 4.928297338e-05 29517 
5.5705 0.004709951554 4.971684379e-05 30550 
5.5715 0.00465642461 4.937428846e-05 30006 
5.5725 0.004738665587 5.004188363e-05 30035 
5.5735 0.004880480265 5.063037156e-05 31252 
5.5745 0.004661927006 4.963445965e-05 29895 
5.5755 0.004667040298 4.940819489e-05 29873 
5.5765 0.004774234413 5.010733434e-05 30922 
5.5775 0.004567579628 4.884367112e-05 29510 
5.5785 0.004731544207 4.981842228e-05 30457 
5.5795 0.004708923701 5.006476e-05 29601 
5.5805 0.004661564003 4.939519349e-05 29736 
5.5815 0.004511969277 4.862699075e-05 29094 
5.5825 0.004650284211 4.954401691e-05 29767 
5.5835 0.004731193257 5.009738007e-05 30112 
5.5845 0.004750772661 5.027918409e-05 30117 
5.5855 0.004544211728 4.887168872e-05 29470 
5.5865 0.004753762656 5.016915714e-05 30380 
5.5875 0.004738134945 4.998321674e-05 29961 
5.5885 0.004684136652 4.991665362e-05 29590 
5.5895 0.004659291428 4.965047213e-05 29751 
5.5905 0.004810849937 5.051633926e-05 30264 
5.5915 0.004589655376 4.926478905e-05 29448 
5.5925 0.004717453463 5.000084617e-05 29976 
5.5935 0.004774340384 5.029626845e-05 30058 
5.5945 0.004718100077 5.011149894e-05 29812 
5.5955 0.00478559508 5.03911723e-05 30203 
5.5965 0.004741619157 5.019887684e-05 30131 
5.5975 0.004781018589 5.047978077e-05 29966 
5.5985 0.004830048836 5.066303344e-05 30619 
5.5995 0.004529650105 4.906928839e-05 28714 
5.6005 0.004778447436 5.034272851e-05 30568 
5.6015 0.004747958424 5.013865524e-05 30255 
5.6025 0.004683576388 4.984011757e-05 29550 
5.6035 0.004624801873 4.949428375e-05 29540 
5.6045 0.004629373472 4.942963409e-05 29690 
5.6055 0.004937336892 5.135277762e-05 30694 
5.6065 0.004796098165 5.043350909e-05 30526 
5.6075 0.004724446379 5.031565406e-05 29474 
5.6085 0.004739794486 5.012920575e-05 30024 
5.6095 0.004758203262 5.022296945e-05 30230 
5.6105 0.004737121031 5.027295063e-05 29726 
5.6115 0.00486918929 5.098221227e-05 30563 
5.6125 0.004673861616 4.980331692e-05 30033 
5.6135 0.00467147088 4.995260362e-05 29623 
5.6145 0.004644293559 4.967351487e-05 29432 
5.6155 0.004797904756 5.053598585e-05 30389 
5.6165 0.004765147442 5.057890863e-05 29934 
5.6175 0.004610793046 4.949933668e-05 29444 
5.6185 0.004576858229 4.943248497e-05 28980 
5.6195 0.004664252121 4.987964614e-05 29427 
5.6205 0.004725396018 5.029835797e-05 29897 
5.6215 0.004730486639 5.018625258e-05 29943 
5.6225 0.004840779516 5.093896288e-05 30656 
5.6235 0.004781825988 5.067354891e-05 29975 
5.6245 0.004818259722 5.081931472e-05 30118 
5.6255 0.004646595565 5.002980724e-05 29043 
5.6265 0.00478310549 5.071418221e-05 30118 
5.6275 0.004761300003 5.055763262e-05 29782 
5.6285 0.004720485812 5.044773034e-05 29017 
5.6295 0.004753044023 5.042054473e-05 29914 
5.6305 0.004707251937 5.017665578e-05 29795 
5.6315 0.004707244567 5.015809663e-05 29656 
5.6325 0.004896775239 5.132477062e-05 30693 
5.6335 0.004689916489 5.025228538e-05 29575 
5.6345 0.004846265066 5.112315546e-05 30043 
5.6355 0.00473759006 5.037971856e-05 30113 
5.6365 0.004887923791 5.131836035e-05 30030 
5.6375 0.004674020802 5.026979535e-05 29234 
5.6385 0.004705032249 5.005025284e-05 29868 
5.6395 0.004736924449 5.047818371e-05 29761 
5.6405 0.004711321492 5.043159894e-05 29477 
5.6415 0.004522493525 4.929746553e-05 28531 
5.6425 0.004614910625 4.980179844e-05 28818 
5.6435 0.004762479231 5.047051608e-05 30130 
5.6445 0.004848105033 5.112786675e-05 30306 
5.6455 0.004705337924 5.028774928e-05 29794 
5.6465 0.004764647262 5.069504732e-05 29515 
5.6475 0.004899897944 5.148406169e-05 30641 
5.6485 0.004833967031 5.122936338e-05 30035 
5.6495 0.004736620164 5.067807721e-05 29396 
5.6505 0.004623928766 4.977699875e-05 29336 
5.6515 0.004800952314 5.104253423e-05 29996 
5.6525 0.004692194325 5.03668314e-05 29460 
5.6535 0.00475861097 5.078816006e-05 29475 
5.6545 0.004891695077 5.124978278e-05 30713 
5.6555 0.004833025072 5.119042671e-05 29906 
5.6565 0.004824704249 5.101979802e-05 30248 
5.6575 0.004707297527 5.037714376e-05 29681 
5.6585 0.00467291516 5.021891211e-05 29594 
5.6595 0.004650911552 5.03045002e-05 29097 
5.6605 0.004739784537 5.068611782e-05 29645 
5.6615 0.004911731424 5.184457967e-05 30223 
5.6625 0.004768156085 5.102348736e-05 29229 
5.6635 0.004806887874 5.112138608e-05 29949 
5.6645 0.004857362317 5.133201706e-05 30181 
5.6655 0.004842593526 5.111127918e-05 29958 
5.6665 0.004905882604 5.17048795e-05 30330 
5.6675 0.004870889642 5.143284263e-05 30310 
5.6685 0.00478544202 5.10084969e-05 29780 
5.6695 0.004901830864 5.16591355e-05 30213 
5.6705 0.004771826419 5.092772093e-05 29845 
5.6715 0.00478322434 5.090586552e-05 29724 
5.6725 0.004933372662 5.186773292e-05 30053 
5.6735 0.004759678843 5.114057305e-05 29303 
5.6745 0.004867650521 5.160764071e-05 29894 
5.6755 0.004745692189 5.071092268e-05 29508 
5.6765 0.004806601706 5.107273786e-05 29824 
5.6775 0.004927271885 5.191088647e-05 30468 
5.6785 0.004740965269 5.067408866e-05 29428 
5.6795 0.004789984185 5.125006483e-05 29619 
5.6805 0.004745751588 5.097589172e-05 29013 
5.6815 0.004783722111 5.109290104e-05 29621 
5.6825 0.004849542756 5.152917445e-05 29902 
5.6835 0.004849513207 5.152668997e-05 29881 
5.6845 0.004893637248 5.175153221e-05 30284 
5.6855 0.004802358526 5.129318767e-05 29547 
5.6865 0.004737028558 5.10243997e-05 29106 
5.6875 0.004987314922 5.238218089e-05 30372 
5.6885 0.004873894054 5.18935049e-05 29780 
5.6895 0.004944825337 5.195069231e-05 30361 
5.6905 0.004853956771 5.166552275e-05 29673 
5.6915 0.00475217821 5.07981776e-05 29621 
5.6925 0.004919050369 5.206499294e-05 30283 
5.6935 0.00476369389 5.115102694e-05 29411 
5.6945 0.004942804487 5.20573391e-05 30136 
5.6955 0.004848004712 5.163117484e-05 29777 
5.6965 0.004872314776 5.17537542e-05 29913 
5.6975 0.004874557897 5.179960002e-05 29749 
5.6985 0.004882284168 5.186395872e-05 30008 
5.6995 0.004964028348 5.240431067e-05 29970 
5.7005 0.004961467193 5.237459297e-05 30007 
5.7015 0.0049768814 5.252635358e-05 30257 
5.7025 0.004987744651 5.249069983e-05 30094 
5.7035 0.004902746889 5.167217545e-05 30644 
5.7045 0.004831462177 5.165222233e-05 29252 
5.7055 0.004939808764 5.20127119e-05 30470 
5.7065 0.004908465977 5.204328617e-05 30129 
5.7075 0.004957478957 5.221268236e-05 30371 
5.7085 0.004901516209 5.21172262e-05 29763 
5.7095 0.005101991693 5.331595704e-05 30667 
5.7105 0.004809083016 5.151856646e-05 29517 
5.7115 0.004966902866 5.229965483e-05 30511 
5.7125 0.004792795566 5.121898324e-05 29551 
5.7135 0.00495627495 5.218717961e-05 30345 
5.7145 0.004829052601 5.156492638e-05 29399 
5.7155 0.004818913874 5.162770936e-05 29346 
5.7165 0.004969802669 5.261455055e-05 30038 
5.7175 0.004811670407 5.159146687e-05 29496 
5.7185 0.005018650982 5.279957689e-05 30118 
5.7195 0.004878814301 5.20444371e-05 29675 
5.7205 0.004919421444 5.216744597e-05 29826 
5.7215 0.005080789445 5.331863742e-05 30308 
5.7225 0.004895506134 5.204178802e-05 29874 
5.7235 0.004995535853 5.279712795e-05 30029 
5.7245 0.004995623088 5.272958078e-05 30047 
5.7255 0.004893201147 5.221175311e-05 29607 
5.7265 0.004833329104 5.18848084e-05 29288 
5.7275 0.00492485938 5.223970994e-05 29960 
5.7285 0.004956156322 5.246056142e-05 30145 
5.7295 0.004812629285 5.159102278e-05 29036 
5.7305 0.004793422164 5.152876862e-05 29084 
5.7315 0.004811905568 5.156867611e-05 29434 
5.7325 0.004823266092 5.168650166e-05 29243 
5.7335 0.00497832993 5.264397563e-05 30076 
5.7345 0.004995201593 5.278464773e-05 29781 
5.7355 0.005026923538 5.291046201e-05 30075 
5.7365 0.004907378297 5.237984289e-05 29710 
5.7375 0.005118371616 5.352217609e-05 30702 
5.7385 0.004902206302 5.219623413e-05 29607 
5.7395 0.005006610235 5.283866324e-05 29977 
5.7405 0.00485121345 5.204474286e-05 29160 
5.7415 0.00477379227 5.148905494e-05 29432 
5.7425 0.004985691313 5.290845753e-05 29671 
5.7435 0.004985671531 5.29886876e-05 29817 
5.7445 0.004992237882 5.271841531e-05 29959 
5.7455 0.005117933738 5.346725229e-05 30828 
5.7465 0.004866019516 5.212338039e-05 29252 
5.7475 0.004792716558 5.171088706e-05 29095 
5.7485 0.005007983301 5.302031683e-05 30014 
5.7495 0.004783260295 5.178518813e-05 29034 
5.7505 0.004883447087 5.234617366e-05 29181 
5.7515 0.005006303911 5.29498153e-05 30220 
5.7525 0.005137401417 5.374946179e-05 30510 
5.7535 0.004723499033 5.155610656e-05 28431 
5.7545 0.00500839649 5.303460523e-05 29857 
5.7555 0.004973652075 5.285512263e-05 30014 
5.7565 0.004719824894 5.123957903e-05 28537 
5.7575 0.004854314303 5.213620964e-05 29465 
5.7585 0.004902807816 5.239337833e-05 29591 
5.7595 0.004959917497 5.270312404e-05 29733 
5.7605 0.004975471532 5.29386296e-05 30000 
5.7615 0.005122014042 5.35875811e-05 30608 
5.7625 0.004999048454 5.305243699e-05 30209 
5.7635 0.005122530048 5.36997693e-05 30533 
5.7645 0.004948933278 5.276261289e-05 29511 
5.7655 0.005046266713 5.33879692e-05 30228 
5.7665 0.004896030595 5.255152308e-05 29179 
5.7675 0.005119579814 5.371632796e-05 30398 
5.7685 0.005010785464 5.325616391e-05 29889 
5.7695 0.004940478339 5.272796498e-05 29832 
5.7705 0.004813970075 5.207404051e-05 28924 
5.7715 0.005047806235 5.338088957e-05 30018 
5.7725 0.005103960272 5.364302748e-05 30525 
5.7735 0.004910742228 5.262515824e-05 29479 
5.7745 0.005037910528 5.32999598e-05 30418 
5.7755 0.004981474819 5.295567908e-05 30015 
5.7765 0.004902069051 5.270817753e-05 29493 
5.7775 0.004924892521 5.268733844e-05 29776 
5.7785 0.005073286143 5.364459142e-05 30061 
5.7795 0.004778977852 5.201639774e-05 28630 
5.7805 0.005049105598 5.364639344e-05 29833 
5.7815 0.005022345441 5.355262349e-05 29504 
5.7825 0.004922664228 5.272103168e-05 29668 
5.7835 0.004964078833 5.301033213e-05 29376 
5.7845 0.00507928738 5.362710313e-05 30254 
5.7855 0.005152918534 5.418633539e-05 30353 
5.7865 0.005010207159 5.341019226e-05 29758 
5.7875 0.005033100593 5.364657039e-05 29666 
5.7885 0.004912722073 5.298813201e-05 29189 
5.7895 0.005000348285 5.319306379e-05 29633 
5.7905 0.005074174629 5.38123571e-05 29749 
5.7915 0.004954893042 5.28883715e-05 29664 
5.7925 0.004989593149 5.339810883e-05 29378 
5.7935 0.005107417427 5.39844238e-05 29779 
5.7945 0.005085884424 5.393430094e-05 29731 
5.7955 0.004927606896 5.30113732e-05 29108 
5.7965 0.005023448037 5.354932027e-05 29644 
5.7975 0.004967669191 5.312941563e-05 29496 
5.7985 0.005117437748 5.390768521e-05 30232 
5.7995 0.005032792062 5.347124064e-05 29982 
5.8005 0.005009871302 5.335990034e-05 29560 
5.8015 0.005045141351 5.360954266e-05 29838 
5.8025 0.004988339219 5.337891891e-05 29745 
5.8035 0.005257322562 5.48561828e-05 30438 
5.8045 0.005009074256 5.339899748e-05 29923 
5.8055 0.005081103336 5.407911203e-05 29508 
5.8065 0.004973212949 5.323152194e-05 29771 
5.8075 0.005251222244 5.487506711e-05 30656 
5.8085 0.005130723456 5.414663541e-05 30261 
5.8095 0.005011998928 5.327321897e-05 29918 
5.8105 0.005255985937 5.482797112e-05 31049 
5.8115 0.005021415895 5.362438694e-05 29510 
5.8125 0.004932362503 5.308490052e-05 29480 
5.8135 0.005089636061 5.382501742e-05 29837 
5.8145 0.005105687568 5.406125817e-05 29921 
5.8155 0.005074968471 5.379114229e-05 29770 
5.8165 0.005255614508 5.471043144e-05 30865 
5.8175 0.005043556653 5.367701843e-05 29769 
5.8185 0.005016357584 5.356196229e-05 29305 
5.8195 0.00522347309 5.450867512e-05 31084 
5.8205 0.005048939234 5.355747894e-05 30416 
5.8215 0.005187847473 5.45126176e-05 30684 
5.8225 0.005090031874 5.39865791e-05 29993 
5.8235 0.005045265767 5.366639353e-05 29506 
5.8245 0.005041919727 5.36950003e-05 29560 
5.8255 0.00505582369 5.376293759e-05 29855 
5.8265 0.00510739453 5.428227338e-05 29929 
5.8275 0.00514041436 5.420925223e-05 30258 
5.8285 0.005111359876 5.407624618e-05 29940 
5.8295 0.005127552312 5.401531302e-05 30628 
5.8305 0.005204535254 5.456041473e-05 30858 
5.8315 0.005049818123 5.384437241e-05 29795 
5.8325 0.005061388069 5.384685978e-05 29714 
5.8335 0.005030897398 5.352530666e-05 29836 
5.8345 0.005049351491 5.374688143e-05 29558 
5.8355 0.005025884314 5.360343328e-05 29534 
5.8365 0.005027901481 5.361462111e-05 29630 
5.8375 0.00509929841 5.403474617e-05 30170 
5.8385 0.005139351083 5.428558304e-05 30205 
5.8395 0.005060429649 5.363717248e-05 29926 
5.8405 0.004967666606 5.331751934e-05 29199 
5.8415 0.005084670426 5.407226104e-05 29957 
5.8425 0.005162807669 5.458646815e-05 30032 
5.8435 0.005242130187 5.486041056e-05 30709 
5.8445 0.005119477964 5.42237902e-05 30051 
5.8455 0.005108225064 5.416610972e-05 29832 
5.8465 0.005163611046 5.476160477e-05 29810 
5.8475 0.005229524015 5.482881368e-05 30612 
5.8485 0.005098454675 5.402224468e-05 29826 
5.8495 0.005083160647 5.397627484e-05 29826 
5.8505 0.00513152326 5.426043887e-05 30188 
5.8515 0.005184777622 5.481273133e-05 30123 
5.8525 0.005207165613 5.462331634e-05 30431 
5.8535 0.005033441367 5.385809859e-05 29461 
5.8545 0.005087647977 5.396322578e-05 30120 
5.8555 0.00515861599 5.447904985e-05 30274 
5.8565 0.005234708037 5.51872313e-05 30351 
5.8575 0.005212708809 5.497485425e-05 30081 
5.8585 0.005116664252 5.444450913e-05 29947 
5.8595 0.00510459022 5.409174589e-05 30301 
5.8605 0.0052255305 5.49877415e-05 30227 
5.8615 0.004939180072 5.34778631e-05 28935 
5.8625 0.005163430219 5.464858489e-05 30133 
5.8635 0.005207748625 5.471370303e-05 30443 
5.8645 0.005119885333 5.433671624e-05 29828 
5.8655 0.005151241424 5.466430666e-05 30091 
5.8665 0.005158954526 5.446954898e-05 30156 
5.8675 0.005185660097 5.471131691e-05 30313 
5.8685 0.004981809919 5.354962631e-05 29139 
5.8695 0.005265100596 5.522691048e-05 30691 
5.8705 0.005193644489 5.474842241e-05 30181 
5.8715 0.005094517446 5.427595861e-05 30162 
5.8725 0.005101805142 5.441882999e-05 29479 
5.8735 0.00514234653 5.459681569e-05 29674 
5.8745 0.005233578619 5.49440795e-05 30637 
5.8755 0.005223668052 5.502090096e-05 30038 
5.8765 0.005126282007 5.454212429e-05 29617 
5.8775 0.005109953571 5.4222808e-05 29900 
5.8785 0.005156833052 5.462031402e-05 30275 
5.8795 0.005279116426 5.547004751e-05 30476 
5.8805 0.005183824648 5.479343399e-05 29979 
5.8815 0.00525355769 5.539949927e-05 30303 
5.8825 0.004825144172 5.258594375e-05 28617 
5.8835 0.005142946688 5.4591767e-05 29770 
5.8845 0.005261129006 5.525433597e-05 30398 
5.8855 0.005188630029 5.467302966e-05 30413 
5.8865 0.005237229417 5.527189209e-05 30021 
5.8875 0.005212178068 5.503770372e-05 30228 
5.8885 0.005135936292 5.459552904e-05 29740 
5.8895 0.005252542388 5.543284884e-05 30172 
5.8905 0.005101339377 5.439211387e-05 29548 
5.8915 0.005125032529 5.442762688e-05 29628 
5.8925 0.00518514529 5.510844106e-05 30031 
5.8935 0.005106180191 5.451520026e-05 29363 
5.8945 0.005200069829 5.509678915e-05 29720 
5.8955 0.005110017572 5.452567969e-05 29164 
5.8965 0.005189869009 5.500740879e-05 30111 
5.8975 0.0052054744 5.50693638e-05 30098 
5.8985 0.00526084759 5.541245319e-05 30181 
5.8995 0.005225450182 5.521580851e-05 30171 
5.9005 0.005360166654 5.604664781e-05 30464 
5.9015 0.005143579401 5.489244343e-05 29655 
5.9025 0.005236066567 5.536305628e-05 29649 
5.9035 0.005234775006 5.53954429e-05 30003 
5.9045 0.005250503644 5.553214343e-05 30142 
5.9055 0.005233588674 5.506023809e-05 30588 
5.9065 0.005299979395 5.553480036e-05 30317 
5.9075 0.00517312318 5.50627174e-05 29684 
5.9085 0.005220979732 5.539649525e-05 29705 
5.9095 0.005242319814 5.527573148e-05 30351 
5.9105 0.005329812654 5.598479178e-05 30495 
5.9115 0.005240558596 5.548009437e-05 30040 
5.9125 0.005268805197 5.556104049e-05 30788 
5.9135 0.005215661053 5.529118359e-05 30182 
5.9145 0.005292268667 5.564757411e-05 30494 
5.9155 0.005225555191 5.560295296e-05 29766 
5.9165 0.005266986496 5.57144197e-05 30110 
5.9175 0.005259045579 5.581588788e-05 29747 
5.9185 0.005480668924 5.6866635e-05 31247 
5.9195 0.005285013938 5.593116666e-05 30153 
5.9205 0.00530851484 5.597042334e-05 30316 
5.9215 0.005262022062 5.544419815e-05 30197 
5.9225 0.005509496951 5.724114087e-05 31257 
5.9235 0.005187825066 5.53880419e-05 29504 
5.9245 0.005191612292 5.502271947e-05 29922 
5.9255 0.005194774527 5.529362277e-05 29710 
5.9265 0.005156083215 5.525098275e-05 29472 
5.9275 0.00519400335 5.527573323e-05 29906 
5.9285 0.005339067977 5.607104514e-05 30839 
5.9295 0.005472722327 5.699877551e-05 30773 
5.9305 0.005250826007 5.572684843e-05 29864 
5.9315 0.005358195242 5.631105878e-05 30034 
5.9325 0.00517910867 5.518858082e-05 30024 
5.9335 0.005205701344 5.554620037e-05 29432 
5.9345 0.005236087313 5.557534481e-05 30045 
5.9355 0.005248387648 5.572804917e-05 30208 
5.9365 0.005349379007 5.61840475e-05 30682 
5.9375 0.005308845934 5.602133092e-05 30172 
5.9385 0.005356203514 5.641371131e-05 30363 
5.9395 0.005084892711 5.475769434e-05 29416 
5.9405 0.005351518885 5.638776932e-05 30293 
5.9415 0.005098348258 5.497227331e-05 29011 
5.9425 0.005334328703 5.63293703e-05 30088 
5.9435 0.005398366777 5.679598753e-05 30651 
5.9445 0.005249521504 5.557397853e-05 30031 
5.9455 0.005263940055 5.583273341e-05 29820 
5.9465 0.00511055603 5.482952415e-05 29347 
5.9475 0.00530323952 5.609428154e-05 30133 
5.9485 0.005246235902 5.554737308e-05 30123 
5.9495 0.005271624157 5.582841383e-05 30169 
5.9505 0.00534990602 5.641889106e-05 30185 
5.9515 0.005426431738 5.672174519e-05 30839 
5.9525 0.005210305831 5.55119278e-05 29623 
5.9535 0.005346070418 5.624406041e-05 30397 
5.9545 0.00527308714 5.584028044e-05 30137 
5.9555 0.005234452051 5.567307567e-05 29758 
5.9565 0.005372105909 5.647325048e-05 30362 
5.9575 0.005328494924 5.616209994e-05 30185 
5.9585 0.005401719698 5.665518769e-05 30666 
5.9595 0.005102665099 5.506085082e-05 29562 
5.9605 0.005359739194 5.639090275e-05 30274 
5.9615 0.005303747009 5.601647526e-05 30085 
5.9625 0.005214495658 5.558654351e-05 29684 
5.9635 0.00531379602 5.606896633e-05 30094 
5.9645 0.005363319292 5.667439815e-05 29953 
5.9655 0.005199826537 5.558639578e-05 29624 
5.9665 0.005462955299 5.711794255e-05 30466 
5.9675 0.005388249997 5.656310833e-05 30544 
5.9685 0.005375399896 5.66481844e-05 29994 
5.9695 0.005290285654 5.624804278e-05 30031 
5.9705 0.005236711803 5.593951477e-05 29726 
5.9715 0.005167226131 5.542622144e-05 29358 
5.9725 0.005260180209 5.61323895e-05 29721 
5.9735 0.005073649042 5.481124856e-05 29346 
5.9745 0.005465273873 5.716466248e-05 30729 
5.9755 0.005214606551 5.586784691e-05 29285 
5.9765 0.005490865634 5.744843794e-05 30641 
5.9775 0.005269200276 5.623545317e-05 29509 
5.9785 0.005350764293 5.679320522e-05 29935 
5.9795 0.005328886677 5.649360162e-05 29910 
5.9805 0.00546111127 5.712935497e-05 30660 
5.9815 0.005313484748 5.656241469e-05 29625 
5.9825 0.005319154644 5.636290593e-05 30023 
5.9835 0.005290030796 5.653467523e-05 29501 
5.9845 0.005197976428 5.583334985e-05 29406 
5.9855 0.005398852447 5.695098591e-05 30413 
5.9865 0.005296931754 5.631608497e-05 29513 
5.9875 0.005266258205 5.618493077e-05 29673 
5.9885 0.005447133987 5.723962257e-05 30322 
5.9895 0.005401981498 5.706758055e-05 30240 
5.9905 0.005433582707 5.719949227e-05 30092 
5.9915 0.00533855752 5.661386859e-05 29873 
5.9925 0.005463207861 5.742417505e-05 30003 
5.9935 0.005402035143 5.696668379e-05 30109 
5.9945 0.005461008587 5.742348661e-05 30520 
5.9955 0.005455171389 5.727611164e-05 30538 
5.9965 0.005171534939 5.575724132e-05 29040 
5.9975 0.005244733535 5.594955157e-05 29874 
5.9985 0.005342954854 5.668098127e-05 29582 
5.9995 0.005329741769 5.663833525e-05 29926 
6.0005 0.005471648142 5.742514963e-05 30127 
6.0015 0.005258271392 5.617365841e-05 29284 
6.0025 0.005222818466 5.610481633e-05 29242 
6.0035 0.00539945961 5.715318786e-05 29847 
6.0045 0.005356253838 5.675901292e-05 30047 
6.0055 0.005306470941 5.665471681e-05 29853 
6.0065 0.005450181002 5.760786359e-05 30011 
6.0075 0.005424281866 5.730339489e-05 30292 
6.0085 0.005518293131 5.774845674e-05 30530 
6.0095 0.005369832031 5.699910696e-05 29934 
6.0105 0.00535222315 5.708156443e-05 29684 
6.0115 0.005339972656 5.693334533e-05 29575 
6.0125 0.005413261874 5.713023018e-05 30315 
6.0135 0.005325796553 5.680144435e-05 29793 
6.0145 0.005508369383 5.773956145e-05 30652 
6.0155 0.005468283802 5.771052258e-05 30094 
6.0165 0.005421776283 5.732323783e-05 30201 
6.0175 0.005328652005 5.672194132e-05 29937 
6.0185 0.005434097964 5.732721051e-05 30471 
6.0195 0.005529647718 5.801781942e-05 30229 
6.0205 0.005481608134 5.782455421e-05 30239 
6.0215 0.00547604425 5.761460426e-05 30148 
6.0225 0.005426074771 5.766798063e-05 29546 
6.0235 0.005207330204 5.63197336e-05 28796 
6.0245 0.005357864519 5.704433302e-05 29873 
6.0255 0.005570089764 5.826216376e-05 30636 
6.0265 0.005453933914 5.762237735e-05 29965 
6.0275 0.005411830988 5.735517329e-05 30133 
6.0285 0.005334002856 5.683245019e-05 29685 
6.0295 0.005522203199 5.796264586e-05 30576 
6.0305 0.005378559849 5.724991965e-05 29570 
6.0315 0.005365506107 5.706763725e-05 29697 
6.0325 0.005245274119 5.641503184e-05 29147 
6.0335 0.005335023271 5.703023502e-05 29343 
6.0345 0.005546896914 5.827076661e-05 30354 
6.0355 0.00551910697 5.79398366e-05 30572 
6.0365 0.005603522813 5.842997596e-05 30953 
6.0375 0.005449793755 5.792860174e-05 29999 
6.0385 0.005438988449 5.770405707e-05 29600 
6.0395 0.005373018544 5.738007637e-05 29456 
6.0405 0.00556709254 5.857928083e-05 30167 
6.0415 0.005530071611 5.829653821e-05 30323 
6.0425 0.005356633321 5.709742437e-05 29605 
6.0435 0.005451875794 5.780207065e-05 30172 
6.0445 0.005515182782 5.815368755e-05 30142 
6.0455 0.005281108346 5.66766363e-05 29245 
6.0465 0.005491288816 5.814764543e-05 29541 
6.0475 0.005498159049 5.814472552e-05 30073 
6.0485 0.005510144053 5.840194114e-05 29888 
6.0495 0.005541114843 5.829977167e-05 30295 
6.0505 0.00534401496 5.727376476e-05 29763 
6.0515 0.005481666424 5.802599129e-05 29931 
6.0525 0.00532154156 5.73048855e-05 29127 
6.0535 0.005379763075 5.742330948e-05 29702 
6.0545 0.005369974192 5.742926893e-05 29959 
6.0555 0.005737637951 5.953524355e-05 30897 
6.0565 0.005463339254 5.794084549e-05 29625 
6.0575 0.005558416521 5.842427002e-05 30360 
6.0585 0.00548931126 5.811004189e-05 30094 
6.0595 0.005458494027 5.786181131e-05 30046 
6.0605 0.005540215612 5.832359815e-05 30192 
6.0615 0.005460510482 5.79453915e-05 30155 
6.0625 0.005655041581 5.921421036e-05 30803 
6.0635 0.005640922126 5.918076577e-05 30372 
6.0645 0.005565971026 5.845524592e-05 30399 
6.0655 0.005620723345 5.875743755e-05 30740 
6.0665 0.005381285648 5.749588068e-05 29471 
6.0675 0.005466355685 5.796038009e-05 29705 
6.0685 0.005374808751 5.76474725e-05 29362 
6.0695 0.005381802903 5.765799856e-05 29365 
6.0705 0.00564795225 5.916354741e-05 30088 
6.0715 0.005423878857 5.780372136e-05 29572 
6.0725 0.005436048049 5.807533077e-05 29825 
6.0735 0.005469499749 5.823057192e-05 29801 
6.0745 0.005494874531 5.843059047e-05 29756 
6.0755 0.005579506368 5.866588466e-05 30400 
6.0765 0.005500583257 5.832646684e-05 29859 
6.0775 0.005473653189 5.796737803e-05 30053 
6.0785 0.005309996227 5.731864472e-05 29070 
6.0795 0.005303348994 5.741340786e-05 28580 
6.0805 0.005374030863 5.747694427e-05 29451 
6.0815 0.005483571449 5.810902665e-05 30319 
6.0825 0.005461941972 5.806987799e-05 29885 
6.0835 0.005565098238 5.862921454e-05 30429 
6.0845 0.005558867401 5.872266993e-05 30284 
6.0855 0.005609746675 5.9036895e-05 30359 
6.0865 0.00555926494 5.89205877e-05 29563 
6.0875 0.005328577563 5.740671704e-05 29225 
6.0885 0.005490238207 5.808588589e-05 30147 
6.0895 0.005465523944 5.805737996e-05 29986 
6.0905 0.005356148593 5.739064024e-05 29504 
6.0915 0.005668723468 5.942938338e-05 30472 
6.0925 0.005370613052 5.770068989e-05 29028 
6.0935 0.005707287645 5.964479339e-05 30951 
6.0945 0.005370604001 5.763847751e-05 29572 
6.0955 0.005628283798 5.928360963e-05 30418 
6.0965 0.005636710336 5.920827522e-05 30230 
6.0975 0.005561436283 5.878581549e-05 30124 
6.0985 0.005465306411 5.847035336e-05 29753 
6.0995 0.005579045291 5.876605812e-05 30540 
6.1005 0.005587345583 5.89619734e-05 30257 
6.1015 0.005517619567 5.853804294e-05 29772 
6.1025 0.005540573415 5.89131409e-05 29664 
6.1035 0.0055438136 5.879318757e-05 30008 
6.1045 0.00566343573 5.948094686e-05 30176 
6.1055 0.005538616669 5.903620348e-05 29568 
6.1065 0.005701789793 5.964597814e-05 30806 
6.1075 0.005502231334 5.886919185e-05 29597 
6.1085 0.005600869827 5.935728959e-05 30000 
6.1095 0.005597513645 5.924706022e-05 29675 
6.1105 0.005496826407 5.863176878e-05 29613 
6.1115 0.005559074762 5.876093538e-05 29893 
6.1125 0.005551402782 5.890748905e-05 29949 
6.1135 0.005589619759 5.901562099e-05 30270 
6.1145 0.005672419525 5.975523052e-05 30105 
6.1155 0.005516054137 5.880640778e-05 29343 
6.1165 0.005565517915 5.919472902e-05 29469 
6.1175 0.005600396307 5.929338076e-05 30005 
6.1185 0.005585896209 5.933311267e-05 29742 
6.1195 0.005529128387 5.879426824e-05 29936 
6.1205 0.00560213284 5.924740388e-05 29635 
6.1215 0.005673768698 5.971299846e-05 30140 
6.1225 0.005526089077 5.88596596e-05 29976 
6.1235 0.005557666541 5.908860958e-05 29601 
6.1245 0.005662679233 5.98687849e-05 29782 
6.1255 0.005750971 6.019550477e-05 30563 
6.1265 0.005563589412 5.928764621e-05 29635 
6.1275 0.005523234397 5.884699435e-05 29869 
6.1285 0.005566017894 5.934098257e-05 29756 
6.1295 0.005762824859 6.015062148e-05 30892 
6.1305 0.005563385756 5.921252934e-05 29738 
6.1315 0.005723729622 5.998541004e-05 30759 
6.1325 0.005680614108 5.977389744e-05 30001 
6.1335 0.00553911131 5.907380951e-05 29865 
6.1345 0.00556928667 5.901758731e-05 30023 
6.1355 0.005641523713 5.987030249e-05 29825 
6.1365 0.005552673282 5.919388733e-05 29721 
6.1375 0.005339284082 5.784243071e-05 29065 
6.1385 0.005647073478 5.956740075e-05 30158 
6.1395 0.005448222086 5.846089674e-05 29867 
6.1405 0.005557472849 5.910186848e-05 29873 
6.1415 0.005609919985 5.956195171e-05 29880 
6.1425 0.005540716569 5.929940923e-05 29481 
6.1435 0.005671126617 6.002928391e-05 30125 
6.1445 0.005525474901 5.890531194e-05 29544 
6.1455 0.005636389107 5.955412573e-05 30069 
6.1465 0.005534660059 5.893335708e-05 29523 
6.1475 0.005583313579 5.951555964e-05 29830 
6.1485 0.005565529229 5.922825468e-05 29697 
6.1495 0.005598668773 5.947853326e-05 29679 
6.1505 0.005515193721 5.909327431e-05 29542 
6.1515 0.005818511451 6.087432638e-05 30737 
6.1525 0.005650371149 5.992649861e-05 29332 
6.1535 0.005732134348 6.028099718e-05 30543 
6.1545 0.005865049334 6.093559039e-05 31442 
6.1555 0.005754064408 6.053963815e-05 30563 
6.1565 0.005506503633 5.901231616e-05 29244 
6.1575 0.005558529038 5.924493024e-05 29626 
6.1585 0.005746803812 6.033195754e-05 30650 
6.1595 0.0056229234 5.968003094e-05 30025 
6.1605 0.005875082391 6.130011188e-05 30644 
6.1615 0.005648096058 5.990273745e-05 29995 
6.1625 0.005763712703 6.060192097e-05 30375 
6.1635 0.005518773627 5.927329731e-05 29205 
6.1645 0.005635391318 5.992112641e-05 29812 
6.1655 0.005600612005 5.953752302e-05 29667 
6.1665 0.005733802351 6.059526692e-05 30066 
6.1675 0.005606392632 5.965984054e-05 29696 
6.1685 0.005606877098 5.989550554e-05 29369 
6.1695 0.005767982081 6.05873627e-05 30284 
6.1705 0.00561066603 5.975238013e-05 29541 
6.1715 0.005526885151 5.940145819e-05 29100 
6.1725 0.005486498383 5.914511954e-05 29040 
6.1735 0.005569613703 5.964669495e-05 29758 
6.1745 0.005843674362 6.134704165e-05 30247 
6.1755 0.005634773631 5.988216053e-05 29836 
6.1765 0.005644012104 5.984016455e-05 30319 
6.1775 0.005728793965 6.042281073e-05 29953 
6.1785 0.005798497402 6.073330437e-05 30605 
6.1795 0.005770368912 6.092905958e-05 30172 
6.1805 0.005563593106 5.973573449e-05 29405 
6.1815 0.005725247925 6.024806047e-05 30347 
6.1825 0.005813092567 6.104322966e-05 30788 
6.1835 0.005756190752 6.061870145e-05 30229 
6.1845 0.005630850929 5.988273228e-05 29841 
6.1855 0.005566801661 5.972793532e-05 29077 
6.1865 0.005771955496 6.080571833e-05 29938 
6.1875 0.005723677912 6.075724018e-05 29847 
6.1885 0.005583834259 6.000267038e-05 29343 
6.1895 0.005780504185 6.093330848e-05 30198 
6.1905 0.005806562623 6.102717432e-05 30619 
6.1915 0.005674833939 6.030524301e-05 29958 
6.1925 0.00572827834 6.083134004e-05 29761 
6.1935 0.005860901255 6.13065479e-05 30300 
6.1945 0.00591596936 6.17874476e-05 30790 
6.1955 0.005714203238 6.053221162e-05 30009 
6.1965 0.005769163501 6.093154036e-05 29920 
6.1975 0.005663178563 6.028515872e-05 29944 
6.1985 0.005830294772 6.110393013e-05 30781 
6.1995 0.005896004839 6.175875147e-05 30595 
6.2005 0.005751037604 6.070713074e-05 30278 
6.2015 0.005657942728 6.044265335e-05 29226 
6.2025 0.005712423973 6.073113933e-05 29494 
6.2035 0.005752025833 6.080620444e-05 30193 
6.2045 0.005667465867 6.053653672e-05 29708 
6.2055 0.005880947113 6.137966781e-05 30619 
6.2065 0.00558541051 5.977161274e-05 29278 
6.2075 0.005705655549 6.089018483e-05 29751 
6.2085 0.005605549984 6.027828024e-05 29406 
6.2095 0.005968242899 6.221887433e-05 30753 
6.2105 0.005706800641 6.065411295e-05 29942 
6.2115 0.005777280926 6.118399593e-05 30001 
6.2125 0.005820754288 6.114783277e-05 30387 
6.2135 0.005846714691 6.148950555e-05 30404 
6.2145 0.005662301116 6.056906338e-05 29508 
6.2155 0.005796749037 6.122671848e-05 30232 
6.2165 0.005841205434 6.152146449e-05 30357 
6.2175 0.005790860657 6.126590438e-05 29947 
6.2185 0.005878922323 6.174099005e-05 30571 
6.2195 0.005905994621 6.178516229e-05 30565 
6.2205 0.005849446198 6.144928073e-05 30678 
6.2215 0.005950348924 6.227396495e-05 30555 
6.2225 0.005710894837 6.077396016e-05 29735 
6.2235 0.005798654408 6.129584728e-05 30101 
6.2245 0.005652045947 6.056166888e-05 29452 
6.2255 0.005658251286 6.062151409e-05 29289 
6.2265 0.005670228742 6.050110478e-05 29661 
6.2275 0.005847100812 6.162701245e-05 30220 
6.2285 0.005702929682 6.085372314e-05 29620 
6.2295 0.005717626938 6.0893726e-05 29863 
6.2305 0.005749717214 6.103485188e-05 30132 
6.2315 0.005843707774 6.152715037e-05 30517 
6.2325 0.005788571576 6.145103925e-05 29994 
6.2335 0.00597054282 6.246246138e-05 30589 
6.2345 0.005825172393 6.159141585e-05 30291 
6.2355 0.005879882678 6.197671059e-05 30099 
6.2365 0.005903732514 6.216781822e-05 30190 
6.2375 0.005833925889 6.16052446e-05 29736 
6.2385 0.005849704814 6.160305251e-05 30266 
6.2395 0.005910647622 6.221064747e-05 30009 
6.2405 0.00600944597 6.266208629e-05 30785 
6.2415 0.005795490942 6.132541224e-05 30230 
6.2425 0.005866952196 6.189363941e-05 30195 
6.2435 0.005809831109 6.122623962e-05 30331 
6.2445 0.005562939623 6.01288591e-05 29072 
6.2455 0.005748927294 6.125918725e-05 29800 
6.2465 0.005778479121 6.140476086e-05 30063 
6.2475 0.005847639221 6.169849231e-05 30194 
6.2485 0.005787879945 6.16050685e-05 29392 
6.2495 0.005708996357 6.080156987e-05 29881 
6.2505 0.005989063051 6.272649244e-05 30243 
6.2515 0.005661339335 6.07773665e-05 29011 
6.2525 0.006041288057 6.277623111e-05 30789 
6.2535 0.005764155163 6.127688363e-05 29954 
6.2545 0.005864672698 6.206536444e-05 30199 
6.2555 0.005842976409 6.188556908e-05 30218 
6.2565 0.005964832545 6.268630252e-05 30382 
6.2575 0.005745733977 6.132242443e-05 29793 
6.2585 0.005808837879 6.179511629e-05 29656 
6.2595 0.005880275238 6.211345175e-05 29974 
6.2605 0.005817963893 6.192954721e-05 29630 
6.2615 0.005767889833 6.151501039e-05 29368 
6.2625 0.005742640124 6.134119778e-05 29826 
6.2635 0.00589261796 6.224818166e-05 30122 
6.2645 0.005877394723 6.200314449e-05 30150 
6.2655 0.005836189322 6.181913161e-05 29833 
6.2665 0.005796558119 6.171477993e-05 29855 
6.2675 0.005931357935 6.252404961e-05 30115 
6.2685 0.005859857331 6.212936822e-05 29992 
6.2695 0.00577088644 6.148614133e-05 29826 
6.2705 0.00572815687 6.133090429e-05 29398 
6.2715 0.005802908744 6.171488763e-05 29760 
6.2725 0.005823693088 6.19530845e-05 29859 
6.2735 0.005998140194 6.301144766e-05 30554 
6.2745 0.005989157626 6.291830183e-05 30111 
6.2755 0.0058997755 6.239695359e-05 29936 
6.2765 0.005664601929 6.08503244e-05 29176 
6.2775 0.006028755944 6.301598734e-05 30533 
6.2785 0.00578234884 6.147427489e-05 29881 
6.2795 0.00577822162 6.168189397e-05 29731 
6.2805 0.006034014969 6.314598577e-05 30747 
6.2815 0.005847217418 6.218523506e-05 29742 
6.2825 0.006062084372 6.321737286e-05 31012 
6.2835 0.005731259217 6.164536566e-05 29084 
6.2845 0.005896067822 6.233365426e-05 30116 
6.2855 0.005678292958 6.120606856e-05 29480 
6.2865 0.005811008294 6.207523657e-05 29571 
6.2875 0.005999255931 6.294804073e-05 30931 
6.2885 0.006031688532 6.339387461e-05 30040 
6.2895 0.006030738 6.31095889e-05 30713 
6.2905 0.005878071356 6.224224059e-05 29759 
6.2915 0.00580388604 6.20038616e-05 29588 
6.2925 0.005898868738 6.263004764e-05 29677 
6.2935 0.006056615506 6.324415441e-05 31053 
6.2945 0.006113170424 6.349715956e-05 30852 
6.2955 0.006039225616 6.333624207e-05 30537 
6.2965 0.00575995808 6.177756763e-05 29510 
6.2975 0.005865314712 6.23247559e-05 29723 
6.2985 0.005860189775 6.23177961e-05 29877 
6.2995 0.006008923686 6.323765764e-05 30202 
6.3005 0.005814369967 6.213672707e-05 29510 
6.3015 0.006044297081 6.342257413e-05 30694 
6.3025 0.005949411619 6.275987555e-05 30162 
6.3035 0.005986214444 6.301353703e-05 29892 
6.3045 0.005737219053 6.159006033e-05 29515 
6.3055 0.005925900646 6.265001908e-05 30135 
6.3065 0.005941213589 6.27266407e-05 30126 
6.3075 0.005995401857 6.314298896e-05 30236 
6.3085 0.005939880429 6.290536631e-05 30378 
6.3095 0.00608138631 6.355799915e-05 30854 
6.3105 0.005855452979 6.253806492e-05 29660 
6.3115 0.005882359724 6.276867887e-05 29398 
6.3125 0.005941700595 6.281528994e-05 29890 
6.3135 0.005942001436 6.284721891e-05 29936 
6.3145 0.006171601543 6.421762952e-05 31144 
6.3155 0.005923444238 6.268736845e-05 30338 
6.3165 0.005945513329 6.283967448e-05 30143 
6.3175 0.00599454329 6.303743603e-05 30339 
6.3185 0.005963851178 6.296742368e-05 30245 
6.3195 0.005989586076 6.340980267e-05 29845 
6.3205 0.005909505315 6.258564569e-05 30187 
6.3215 0.005827323538 6.252710342e-05 29243 
6.3225 0.005750209741 6.196152185e-05 29268 
6.3235 0.006013412276 6.340105545e-05 30238 
6.3245 0.005987691887 6.338312187e-05 30361 
6.3255 0.005820182103 6.232971315e-05 29518 
6.3265 0.006014737875 6.353802397e-05 30224 
6.3275 0.00587961508 6.268921538e-05 29430 
6.3285 0.005876264836 6.252004689e-05 30042 
6.3295 0.005934447561 6.317299191e-05 29818 
6.3305 0.005881376378 6.25246841e-05 29958 
6.3315 0.005867523395 6.270347863e-05 29319 
6.3325 0.005953294681 6.326904888e-05 29961 
6.3335 0.006005464521 6.356883876e-05 29871 
6.3345 0.005845319566 6.25453199e-05 29340 
6.3355 0.006046307253 6.376678304e-05 30155 
6.3365 0.005943151945 6.322372163e-05 29987 
6.3375 0.005998025089 6.349132769e-05 30018 
6.3385 0.006062983877 6.389760999e-05 29876 
6.3395 0.005920504939 6.302904006e-05 29767 
6.3405 0.006137821122 6.434930249e-05 30494 
6.3415 0.006101824021 6.422805966e-05 30457 
6.3425 0.005954308553 6.330366674e-05 29622 
6.3435 0.006120666868 6.424987206e-05 30105 
6.3445 0.005922071448 6.299532444e-05 29673 
6.3455 0.006125527031 6.440457695e-05 30215 
6.3465 0.006201038081 6.475236013e-05 30647 
6.3475 0.00597867609 6.365128615e-05 29774 
6.3485 0.006062912744 6.403269663e-05 29624 
6.3495 0.006099004853 6.418667165e-05 30301 
6.3505 0.006124897892 6.42376801e-05 30492 
6.3515 0.006159784655 6.466962513e-05 30297 
6.3525 0.006102978516 6.412823293e-05 30466 
6.3535 0.006054632313 6.404443439e-05 29991 
6.3545 0.005920802657 6.353491236e-05 29288 
6.3555 0.006068432307 6.418187802e-05 30120 
6.3565 0.006170211692 6.439560004e-05 31050 
6.3575 0.006032844861 6.378693015e-05 30100 
6.3585 0.006201509846 6.498059637e-05 30564 
6.3595 0.005985611635 6.380494549e-05 29401 
6.3605 0.005969449088 6.340548566e-05 29682 
6.3615 0.005994382388 6.37100095e-05 29799 
6.3625 0.006157009755 6.455705963e-05 30579 
6.3635 0.005980921369 6.342302091e-05 30112 
6.3645 0.006032480013 6.386568939e-05 30060 
6.3655 0.006030554064 6.373762818e-05 30224 
6.3665 0.005928546171 6.327628243e-05 29337 
6.3675 0.005943596887 6.34162523e-05 29170 
6.3685 0.005778714639 6.2480491e-05 29339 
6.3695 0.006139654799 6.461270044e-05 30320 
6.3705 0.006077637846 6.4325482e-05 29840 
6.3715 0.006018368325 6.39037864e-05 29816 
6.3725 0.006099306265 6.444047992e-05 29658 
6.3735 0.006061272803 6.411779262e-05 30116 
6.3745 0.006217668481 6.491151994e-05 30695 
6.3755 0.006088171352 6.457734286e-05 29921 
6.3765 0.006202804042 6.494651361e-05 30637 
6.3775 0.006149329361 6.47277297e-05 30459 
6.3785 0.005992803529 6.379341079e-05 29797 
6.3795 0.006070923339 6.412421706e-05 30016 
6.3805 0.00607845845 6.441057993e-05 29888 
6.3815 0.006055417979 6.418206149e-05 29890 
6.3825 0.006091669487 6.425336526e-05 30217 
6.3835 0.00616292428 6.47810948e-05 30364 
6.3845 0.005992714585 6.382856114e-05 29910 
6.3855 0.0058652253 6.323716946e-05 29088 
6.3865 0.006169070329 6.487061719e-05 30609 
6.3875 0.00613164125 6.487900751e-05 29761 
6.3885 0.006048239079 6.428892454e-05 29398 
6.3895 0.006108103143 6.460856713e-05 30291 
6.3905 0.0062881659 6.535647705e-05 30816 
6.3915 0.006095509784 6.447281593e-05 30257 
6.3925 0.006006247425 6.380238594e-05 29832 
6.3935 0.006131424399 6.496901976e-05 29989 
6.3945 0.005895013049 6.348397639e-05 28906 
6.3955 0.005990555283 6.386577801e-05 29572 
6.3965 0.005998853186 6.383511954e-05 29891 
6.3975 0.006075559281 6.475244144e-05 29609 
6.3985 0.005955475737 6.396838283e-05 29010 
6.3995 0.006068230937 6.448387812e-05 29657 
6.4005 0.006065437814 6.437556088e-05 29962 
6.4015 0.005935718478 6.355051569e-05 29635 
6.4025 0.006058615476 6.456931399e-05 29567 
6.4035 0.00618539967 6.503934405e-05 30067 
6.4045 0.006070057969 6.458235192e-05 29686 
6.4055 0.006145194812 6.509263726e-05 29916 
6.4065 0.006107241842 6.483754463e-05 30033 
6.4075 0.006278466275 6.578277653e-05 30582 
6.4085 0.00612205255 6.50216689e-05 29621 
6.4095 0.006042832659 6.442490388e-05 29556 
6.4105 0.006211925291 6.516181958e-05 30503 
6.4115 0.006060288607 6.442456884e-05 29761 
6.4125 0.006244700056 6.562255604e-05 30079 
6.4135 0.006153651687 6.501590873e-05 29846 
6.4145 0.005979623681 6.381545946e-05 29313 
6.4155 0.006155280862 6.496782796e-05 29898 
6.4165 0.006186255438 6.512613644e-05 30283 
6.4175 0.006219510434 6.546696811e-05 30253 
6.4185 0.006108474269 6.492917089e-05 29576 
6.4195 0.006217037571 6.557716835e-05 30024 
6.4205 0.005997380117 6.429214288e-05 29452 
6.4215 0.006167434527 6.526688313e-05 30088 
6.4225 0.006106422494 6.470590101e-05 30080 
6.4235 0.006165444709 6.513546232e-05 30203 
6.4245 0.006102252942 6.489579331e-05 29860 
6.4255 0.006238904246 6.557200692e-05 30520 
6.4265 0.006203048632 6.548306186e-05 30010 
6.4275 0.005961690455 6.40790742e-05 28979 
6.4285 0.006139798312 6.504738155e-05 29848 
6.4295 0.006300378014 6.614616037e-05 29968 
6.4305 0.006083448582 6.464444193e-05 29760 
6.4315 0.006292715826 6.601520246e-05 30586 
6.4325 0.006214036834 6.562442905e-05 30243 
6.4335 0.006094294628 6.481803628e-05 29358 
6.4345 0.005942354661 6.358349219e-05 29339 
6.4355 0.00614251464 6.504401516e-05 29935 
6.4365 0.006040973682 6.447420984e-05 30001 
6.4375 0.006191089269 6.556411056e-05 29989 
6.4385 0.006229658943 6.561976029e-05 30238 
6.4395 0.006169108304 6.543891323e-05 30038 
6.4405 0.006145080068 6.510161744e-05 30229 
6.4415 0.006244915436 6.591117791e-05 30136 
6.4425 0.006210250214 6.550003618e-05 29922 
6.4435 0.006308248454 6.633916768e-05 30379 
6.4445 0.006184921041 6.528599435e-05 29908 
6.4455 0.00619690939 6.545575332e-05 29805 
6.4465 0.006156201591 6.538161297e-05 29470 
6.4475 0.005941821308 6.393757003e-05 29257 
6.4485 0.006160202773 6.54648449e-05 29755 
6.4495 0.006049031377 6.485788619e-05 29184 
6.4505 0.005959827854 6.422021234e-05 28847 
6.4515 0.006221779634 6.591220443e-05 29592 
6.4525 0.006322639026 6.652364279e-05 30170 
6.4535 0.006313021096 6.624742103e-05 30521 
6.4545 0.00623531663 6.593286099e-05 29935 
6.4555 0.006353795737 6.670019476e-05 30367 
6.4565 0.006172030674 6.549627238e-05 29716 
6.4575 0.006118474843 6.498446897e-05 29988 
6.4585 0.006285430776 6.610467899e-05 29921 
6.4595 0.006283656228 6.609241043e-05 30390 
6.4605 0.006283482541 6.608936438e-05 30226 
6.4615 0.006459455346 6.720567958e-05 30670 
6.4625 0.006385553751 6.691534276e-05 30253 
6.4635 0.005977264253 6.438433834e-05 28977 
6.4645 0.006306330096 6.635259757e-05 30172 
6.4655 0.006295264531 6.631501854e-05 29937 
6.4665 0.006353151903 6.662928622e-05 30336 
6.4675 0.006164022368 6.593232426e-05 29214 
6.4685 0.006404436705 6.68585763e-05 30736 
6.4695 0.006374025866 6.683301046e-05 30538 
6.4705 0.006192693721 6.562312844e-05 29825 
6.4715 0.006172305202 6.554416878e-05 30011 
6.4725 0.006294446265 6.644213784e-05 30416 
6.4735 0.006371023879 6.668529217e-05 30761 
6.4745 0.006319669667 6.664950111e-05 29996 
6.4755 0.00651851519 6.782012252e-05 30846 
6.4765 0.006173717987 6.552437656e-05 29872 
6.4775 0.006366312027 6.650234236e-05 30852 
6.4785 0.006286327358 6.646308832e-05 29769 
6.4795 0.006194618585 6.584947522e-05 29774 
6.4805 0.006262968484 6.627981759e-05 30035 
6.4815 0.006208861607 6.609338925e-05 29508 
6.4825 0.006389070042 6.686520444e-05 30697 
6.4835 0.006291549633 6.6200178e-05 30368 
6.4845 0.006208082842 6.615389764e-05 30053 
6.4855 0.006212260558 6.631468369e-05 29884 
6.4865 0.00632801943 6.685814475e-05 30126 
6.4875 0.006407834672 6.723387884e-05 30599 
6.4885 0.006197122596 6.584836922e-05 29931 
6.4895 0.006376991021 6.695418213e-05 30225 
6.4905 0.006106219682 6.533223275e-05 29616 
6.4915 0.006404300616 6.715150013e-05 30357 
6.4925 0.006183539965 6.576963405e-05 29927 
6.4935 0.006257931141 6.649835639e-05 29814 
6.4945 0.006311200016 6.660075374e-05 29948 
6.4955 0.00618752154 6.583662652e-05 29705 
6.4965 0.006265516298 6.645576945e-05 29576 
6.4975 0.006218306173 6.632262956e-05 29507 
6.4985 0.006327360654 6.69105261e-05 30226 
6.4995 0.006411792943 6.743491865e-05 30350 
