# Format: McCode with text headers
# URL: http://www.mccode.org
# Creator:  3.5.2, git
# Instrument: templateSANS2.instr
# Ncount: 833333
# Trace: no
# Gravitation: no
# Seed: 1728480816611043
# Directory: R_scan/5
# Nodes: 12
# Param: lambda=6
# Param: dlambda=0.6
# Param: r=300
# Param: PHI=0.001
# Param: Delta_Rho=6e+10
# Param: frac_dir=0.03
# Param: frac_inc=0.01
# Param: slit1=0.02
# Param: slit2=0.02
# Param: LC=3
# Param: LD=3
# Date: Wed Oct  9 15:33:39 2024 (1728480819)
# type: array_1d(1000)
# Source: templateSANS2 (templateSANS2.instr)
# component: Ldetector
# position: 0 0 6.2
# title: Wavelength monitor
# Ncount: 9999996
# filename: Edet.dat
# statistics: X0=6.02713; dX=0.287671;
# signal: Min=0.0161393; Max=0.0233607; Mean=0.0196364;
# values: 19.6364 0.00490958 5.52314e+07
# xvar: L
# yvar: (I,I_err)
# xlabel: Wavelength [AA]
# ylabel: Intensity
# xlimits: 5.5 6.5
# variables: L I I_err N
5.5005 0.01665614416 0.0001309819798 55775 
5.5015 0.01658165322 0.0001305324722 55778 
5.5025 0.01661400205 0.0001305482731 55587 
5.5035 0.01673810225 0.0001313280903 55596 
5.5045 0.01633216109 0.0001298136945 54608 
5.5055 0.01617027675 0.0001291514623 54191 
5.5065 0.01646273481 0.0001306042803 55052 
5.5075 0.01662523252 0.0001311906316 55155 
5.5085 0.01629978143 0.0001295919287 54764 
5.5095 0.01686747705 0.0001319084759 56153 
5.5105 0.01645435245 0.0001302222597 55100 
5.5115 0.01613925212 0.0001292893188 53959 
5.5125 0.0165632253 0.0001311301888 55115 
5.5135 0.01668542387 0.0001313022678 55631 
5.5145 0.01684440945 0.0001321961872 55880 
5.5155 0.01650657247 0.0001309897594 54727 
5.5165 0.01654143476 0.0001308782752 55423 
5.5175 0.01647474685 0.0001308547544 54905 
5.5185 0.01685608988 0.0001322160988 55874 
5.5195 0.01669074425 0.0001314262302 55639 
5.5205 0.016540012 0.0001307342451 54824 
5.5215 0.01653491761 0.0001313273754 54708 
5.5225 0.01716821908 0.0001336767295 56715 
5.5235 0.01695116367 0.0001329433211 55556 
5.5245 0.01718466977 0.0001339689328 56446 
5.5255 0.0170096769 0.0001331584092 55930 
5.5265 0.0163250875 0.0001305466946 53910 
5.5275 0.0163949401 0.0001306547073 54240 
5.5285 0.01694473819 0.000132602272 56583 
5.5295 0.01677802349 0.0001322164924 55412 
5.5305 0.01674034775 0.0001319329885 55136 
5.5315 0.01645398239 0.0001308304059 54903 
5.5325 0.01665109274 0.0001313622192 55738 
5.5335 0.01705316187 0.0001336880247 55917 
5.5345 0.01654331873 0.0001310064318 55111 
5.5355 0.01668615341 0.0001318747915 55514 
5.5365 0.0166263214 0.0001316428786 55467 
5.5375 0.01659349418 0.0001316777693 54946 
5.5385 0.01671950869 0.0001320150014 54921 
5.5395 0.01690896076 0.0001331443587 55104 
5.5405 0.01714761191 0.0001342764225 55989 
5.5415 0.01675465647 0.00013244178 54800 
5.5425 0.01675288533 0.000132707052 54792 
5.5435 0.01701797549 0.000133784436 55577 
5.5445 0.01716658248 0.0001339096359 56251 
5.5455 0.01686075829 0.0001325182562 56369 
5.5465 0.01702642305 0.0001340544825 55703 
5.5475 0.01669816869 0.0001322095615 55144 
5.5485 0.01664980667 0.0001319851614 55057 
5.5495 0.01695386865 0.0001332056177 55908 
5.5505 0.01668294689 0.0001324990939 54560 
5.5515 0.01670019029 0.0001322929625 54808 
5.5525 0.01699202193 0.000133572498 55685 
5.5535 0.01700734221 0.0001336871325 55649 
5.5545 0.01679475752 0.0001327526283 54832 
5.5555 0.01686837786 0.0001336471437 54908 
5.5565 0.01725671197 0.0001348003423 56004 
5.5575 0.01689157949 0.0001332639553 55117 
5.5585 0.01672047963 0.0001325461246 55116 
5.5595 0.01705903936 0.0001341355195 55623 
5.5605 0.01660218121 0.0001318761737 54814 
5.5615 0.01730826015 0.0001350019356 56565 
5.5625 0.01648614306 0.0001315285914 54421 
5.5635 0.01687736245 0.0001335758662 54996 
5.5645 0.0170040541 0.0001343593029 55244 
5.5655 0.01678529773 0.0001333646059 54393 
5.5665 0.01695853043 0.0001335014284 55618 
5.5675 0.0168676573 0.0001332866692 55134 
5.5685 0.01678516654 0.0001330279122 55173 
5.5695 0.01677128162 0.0001327417392 55256 
5.5705 0.01702087159 0.000134214435 55538 
5.5715 0.01708949715 0.0001343706492 55526 
5.5725 0.01699292716 0.000134111296 55239 
5.5735 0.01709872808 0.0001345631942 55339 
5.5745 0.01675185725 0.0001335675538 54239 
5.5755 0.01677576139 0.0001329352384 55006 
5.5765 0.01686715435 0.0001333944942 55456 
5.5775 0.01719610519 0.0001350737764 55885 
5.5785 0.01696553001 0.0001343473829 55346 
5.5795 0.01726922298 0.0001354015899 55668 
5.5805 0.01741326046 0.000135959217 56400 
5.5815 0.01680577914 0.0001332891821 54953 
5.5825 0.01695224693 0.0001343447277 54908 
5.5835 0.01747022849 0.0001363135129 56233 
5.5845 0.01690640374 0.000133796936 55161 
5.5855 0.01663946312 0.0001328881997 54646 
5.5865 0.01682062 0.0001335106175 54884 
5.5875 0.01682786476 0.0001341692384 53887 
5.5885 0.01739798879 0.0001362379083 55692 
5.5895 0.01695478602 0.0001342100035 54671 
5.5905 0.01721547439 0.0001354944562 55660 
5.5915 0.01702315297 0.0001345365868 55231 
5.5925 0.01724344954 0.0001353610951 55881 
5.5935 0.01655109352 0.0001327182656 54110 
5.5945 0.01690719627 0.0001344113651 54445 
5.5955 0.01739342726 0.000136464803 56042 
5.5965 0.01729568805 0.0001358166244 56095 
5.5975 0.01733135027 0.0001361860932 55376 
5.5985 0.017183841 0.000135370675 55480 
5.5995 0.01727549917 0.0001359282014 55626 
5.6005 0.01753570498 0.0001368942337 56599 
5.6015 0.01723055437 0.0001362917956 54943 
5.6025 0.01690594137 0.0001340236426 54898 
5.6035 0.01697722344 0.0001349700666 54688 
5.6045 0.01690402072 0.0001342574142 54763 
5.6055 0.01684919543 0.0001338097608 54500 
5.6065 0.01724386396 0.0001361992722 54608 
5.6075 0.01760231168 0.0001373589981 55988 
5.6085 0.01754800965 0.0001371668467 55947 
5.6095 0.01732526349 0.0001365789061 55299 
5.6105 0.01712095372 0.0001356736999 54586 
5.6115 0.01713237753 0.0001356367236 54903 
5.6125 0.01753641625 0.0001371957055 55501 
5.6135 0.01703433282 0.0001352502474 54392 
5.6145 0.01702146881 0.0001352670649 54411 
5.6155 0.0173493571 0.0001362052997 56093 
5.6165 0.01714667945 0.0001359439211 54822 
5.6175 0.01731475236 0.0001363417827 55617 
5.6185 0.01701827941 0.0001349460643 55090 
5.6195 0.01703707776 0.0001354778368 54649 
5.6205 0.01707037536 0.0001353768476 55168 
5.6215 0.01735598627 0.0001368687019 55402 
5.6225 0.01680249375 0.0001347080708 53654 
5.6235 0.01734357464 0.0001367457548 55129 
5.6245 0.01722728949 0.000136008356 55017 
5.6255 0.01675205371 0.0001342972644 53264 
5.6265 0.01734069227 0.0001366664934 55440 
5.6275 0.01722071543 0.0001362001335 54777 
5.6285 0.01742114081 0.0001371398245 55429 
5.6295 0.01709972656 0.0001356046679 55059 
5.6305 0.0173796947 0.0001369409911 55289 
5.6315 0.01722092696 0.0001364004371 55319 
5.6325 0.01751904374 0.0001376822867 55586 
5.6335 0.01702123301 0.0001354430039 54138 
5.6345 0.01750556687 0.0001375525562 55647 
5.6355 0.01706827384 0.0001357520873 54210 
5.6365 0.01729632853 0.0001368001356 55165 
5.6375 0.01736678809 0.000137286978 55343 
5.6385 0.0173974642 0.0001371746609 55370 
5.6395 0.01734958654 0.0001373656998 55007 
5.6405 0.01759858203 0.0001381193899 55495 
5.6415 0.01742456744 0.0001376526936 55172 
5.6425 0.01755325193 0.000137908201 55429 
5.6435 0.01759932944 0.0001383019952 55482 
5.6445 0.01713099064 0.00013602765 54870 
5.6455 0.01739767102 0.0001375632644 55209 
5.6465 0.01690844664 0.0001358241548 53260 
5.6475 0.01762627713 0.0001382943115 55501 
5.6485 0.01753523442 0.0001379988448 55823 
5.6495 0.01732810571 0.0001371510179 54839 
5.6505 0.01777677457 0.0001390752152 55856 
5.6515 0.01743100115 0.0001377098216 55095 
5.6525 0.01732841508 0.0001373523908 54695 
5.6535 0.01761490741 0.0001387756687 55284 
5.6545 0.01749269961 0.0001380534067 55379 
5.6555 0.0175117037 0.0001375327952 55644 
5.6565 0.01723378563 0.0001367740097 54980 
5.6575 0.01731394955 0.0001375832218 54460 
5.6585 0.01752627311 0.0001383293496 54978 
5.6595 0.01759054652 0.0001387500938 55305 
5.6605 0.01760383182 0.0001386103155 55325 
5.6615 0.01771241787 0.0001393898106 55585 
5.6625 0.01743075172 0.000137860606 54778 
5.6635 0.01757596331 0.0001387760008 55119 
5.6645 0.01716155369 0.0001366725011 54613 
5.6655 0.01740796578 0.0001374042919 55156 
5.6665 0.01768959755 0.0001392372453 55407 
5.6675 0.01762075559 0.0001389514614 55202 
5.6685 0.0173576565 0.0001378156061 54744 
5.6695 0.017413492 0.0001378676181 55067 
5.6705 0.01719168903 0.000137012559 54654 
5.6715 0.01772528335 0.0001395679018 54975 
5.6725 0.01755424766 0.0001388681266 54841 
5.6735 0.01761477602 0.0001392333285 55101 
5.6745 0.01720317973 0.0001372585991 54594 
5.6755 0.01803456839 0.0001408192128 56487 
5.6765 0.01751137908 0.0001388344958 54664 
5.6775 0.01744774344 0.0001386647252 54671 
5.6785 0.01738156872 0.0001381174626 54501 
5.6795 0.01748821444 0.0001382684372 54977 
5.6805 0.01730760056 0.0001377775618 54790 
5.6815 0.01747590715 0.0001386181932 54928 
5.6825 0.0176682238 0.0001390985561 55422 
5.6835 0.01779247935 0.0001398926462 55630 
5.6845 0.01756544367 0.0001392797042 54482 
5.6855 0.01796201343 0.00014077968 55381 
5.6865 0.01803324983 0.0001410862445 55896 
5.6875 0.01754710052 0.0001391239442 55011 
5.6885 0.01738726948 0.0001384015326 54206 
5.6895 0.01785492524 0.000140545298 55509 
5.6905 0.01759179149 0.000139312154 54924 
5.6915 0.01829610862 0.0001425613483 56263 
5.6925 0.01774856258 0.0001403435434 54586 
5.6935 0.0175247866 0.0001388473732 54959 
5.6945 0.01788208671 0.0001405491524 55414 
5.6955 0.01771019759 0.0001397246493 55383 
5.6965 0.01787064789 0.0001405075308 55113 
5.6975 0.01753580711 0.0001391121636 54363 
5.6985 0.01784649195 0.0001407825961 55251 
5.6995 0.01779431261 0.0001402045767 56038 
5.7005 0.01767269058 0.0001401884849 54668 
5.7015 0.01783968107 0.0001405401461 55301 
5.7025 0.01782681381 0.0001406930834 55264 
5.7035 0.01742826306 0.000139171592 54095 
5.7045 0.01783473934 0.0001406926475 54936 
5.7055 0.01745045243 0.0001390149109 54807 
5.7065 0.01794371837 0.0001414482657 54997 
5.7075 0.01799225923 0.0001415544231 55396 
5.7085 0.01824327362 0.0001424909464 56154 
5.7095 0.01812382709 0.0001420371342 56202 
5.7105 0.01762312163 0.0001402457674 54205 
5.7115 0.01724483585 0.00013836232 53495 
5.7125 0.01798642687 0.0001412897245 55648 
5.7135 0.0181836388 0.0001419279538 56433 
5.7145 0.01791328325 0.0001411364395 55610 
5.7155 0.01804693329 0.0001420457046 55366 
5.7165 0.01756374957 0.0001396412902 54618 
5.7175 0.01795927136 0.0001416650174 55104 
5.7185 0.01765306492 0.0001402051546 54637 
5.7195 0.01800230758 0.0001417950484 55229 
5.7205 0.01796705148 0.0001413534913 55908 
5.7215 0.01765867335 0.0001400618088 54794 
5.7225 0.01753648311 0.0001398607343 53795 
5.7235 0.0178309622 0.0001410687572 54545 
5.7245 0.01799888919 0.0001421375486 55085 
5.7255 0.01771885171 0.000141089545 54104 
5.7265 0.017985396 0.0001422698742 55025 
5.7275 0.01776653701 0.0001411253561 54905 
5.7285 0.01772100055 0.0001406510608 54329 
5.7295 0.01777317543 0.000141009207 54897 
5.7305 0.01788077937 0.0001413558037 54960 
5.7315 0.0178812496 0.000141523488 54929 
5.7325 0.01780854392 0.0001413456282 54957 
5.7335 0.01804273834 0.0001421906167 54718 
5.7345 0.01764223165 0.0001400852785 54968 
5.7355 0.01788092393 0.0001415487728 54511 
5.7365 0.01800288031 0.0001421663782 54983 
5.7375 0.01841818627 0.0001439753361 56186 
5.7385 0.01791154589 0.0001421054931 54579 
5.7395 0.01834711371 0.0001435927328 55813 
5.7405 0.01787637368 0.000141730938 54362 
5.7415 0.01787865503 0.0001413367308 55000 
5.7425 0.01771160998 0.0001411108347 54458 
5.7435 0.01756281233 0.0001403243184 54020 
5.7445 0.01805550577 0.0001425883801 54635 
5.7455 0.01767554988 0.000140981645 54215 
5.7465 0.01796745912 0.0001423446749 55009 
5.7475 0.01794366398 0.0001419030748 55338 
5.7485 0.01754531161 0.0001400774262 54506 
5.7495 0.01811742288 0.0001426714643 55197 
5.7505 0.01832121968 0.0001441094544 55531 
5.7515 0.01788729582 0.0001420433324 54909 
5.7525 0.01812553411 0.0001433658094 54829 
5.7535 0.01765146483 0.0001409604919 54032 
5.7545 0.01775207965 0.000141404584 54211 
5.7555 0.01823696177 0.0001433754218 55531 
5.7565 0.01779314427 0.0001416172124 54720 
5.7575 0.01813015769 0.0001429205592 55114 
5.7585 0.01782601339 0.0001422614074 54243 
5.7595 0.01802824459 0.0001426710721 55227 
5.7605 0.01812120173 0.0001429333429 55461 
5.7615 0.01825126617 0.0001440991551 55288 
5.7625 0.01791721365 0.0001418542388 54698 
5.7635 0.01836227515 0.0001442173733 55364 
5.7645 0.01796454034 0.0001424475558 54633 
5.7655 0.01848730731 0.0001448582542 55544 
5.7665 0.01806651537 0.0001432455535 54752 
5.7675 0.01827457105 0.0001439893201 55181 
5.7685 0.01830685415 0.0001439638583 55272 
5.7695 0.01765260828 0.000141183382 54572 
5.7705 0.01822223089 0.0001434882211 55469 
5.7715 0.01809201345 0.000143734755 54227 
5.7725 0.01841828942 0.000145103529 55259 
5.7735 0.01803087739 0.0001431032306 54652 
5.7745 0.0184379238 0.0001442969091 55740 
5.7755 0.01825922948 0.0001438595034 55496 
5.7765 0.01801349385 0.000143554195 54219 
5.7775 0.01812603732 0.0001436841611 54542 
5.7785 0.01848225458 0.0001450976015 56275 
5.7795 0.01791148884 0.0001426439483 54657 
5.7805 0.01842400325 0.000145215627 54847 
5.7815 0.01817467939 0.0001438546543 54946 
5.7825 0.01846792246 0.0001453287624 55736 
5.7835 0.0182905313 0.0001443567153 55015 
5.7845 0.01849909849 0.000145490443 55460 
5.7855 0.01834359829 0.0001446737076 55060 
5.7865 0.0181888336 0.0001439784538 54948 
5.7875 0.01804131347 0.0001433065972 54442 
5.7885 0.01793450335 0.0001429715813 54134 
5.7895 0.01862923434 0.0001457272465 56090 
5.7905 0.01831173516 0.000144975282 54740 
5.7915 0.01795886389 0.0001433328583 54028 
5.7925 0.01819598197 0.000144195648 54533 
5.7935 0.01773628124 0.0001418888739 54235 
5.7945 0.01822020645 0.0001445159129 54566 
5.7955 0.01866815841 0.0001462945821 55550 
5.7965 0.01880804452 0.0001471530172 56025 
5.7975 0.01853875505 0.0001463036665 54894 
5.7985 0.01843627679 0.0001454552537 55109 
5.7995 0.01882666776 0.0001472574278 55635 
5.8005 0.01832522509 0.0001448591678 55151 
5.8015 0.01830962926 0.0001450085501 54499 
5.8025 0.01829318753 0.0001446143403 55797 
5.8035 0.01826123392 0.0001449539078 54522 
5.8045 0.01890243091 0.000147206495 56332 
5.8055 0.0186718933 0.0001465178063 55788 
5.8065 0.01805308167 0.000143792175 54225 
5.8075 0.01822929978 0.0001446573356 54196 
5.8085 0.01830350913 0.0001450516762 54913 
5.8095 0.01832570038 0.0001450090832 55202 
5.8105 0.0184086573 0.0001455037601 55001 
5.8115 0.01836798858 0.0001451821729 54622 
5.8125 0.01852432031 0.0001457896462 55374 
5.8135 0.01793716012 0.0001432760184 54422 
5.8145 0.01835112184 0.0001451684439 54973 
5.8155 0.01810206876 0.0001442511564 53884 
5.8165 0.01787326604 0.0001434632365 53497 
5.8175 0.01825103025 0.0001443838387 55148 
5.8185 0.01837764147 0.0001451073196 55354 
5.8195 0.0183964106 0.0001451921763 55359 
5.8205 0.0183509892 0.0001451267531 55044 
5.8215 0.01860248154 0.0001458730198 55768 
5.8225 0.01874866259 0.0001473426985 55171 
5.8235 0.01865432005 0.0001463856086 55444 
5.8245 0.01863267277 0.0001462804764 55522 
5.8255 0.01871065619 0.000146834797 55043 
5.8265 0.01827035415 0.0001446678603 55005 
5.8275 0.01828669604 0.0001448795212 54768 
5.8285 0.01863973705 0.0001465394444 55340 
5.8295 0.01851248502 0.0001455586735 55543 
5.8305 0.0182896155 0.0001447351863 55618 
5.8315 0.01831880033 0.0001445990178 55175 
5.8325 0.01831793094 0.0001449222738 54799 
5.8335 0.01842357404 0.0001453276231 55075 
5.8345 0.01846000343 0.0001457075389 55099 
5.8355 0.01887109304 0.0001472437302 56219 
5.8365 0.01866235024 0.0001466383177 55648 
5.8375 0.01865616211 0.000146512234 56027 
5.8385 0.01859187299 0.000146153043 55527 
5.8395 0.01851006522 0.0001456304647 55440 
5.8405 0.01873089106 0.0001473340937 55376 
5.8415 0.01857554034 0.0001462355741 55964 
5.8425 0.01864047867 0.0001465249206 55344 
5.8435 0.018700999 0.0001467233404 55929 
5.8445 0.01875992698 0.0001476525512 55004 
5.8455 0.01882140146 0.0001473758264 56069 
5.8465 0.0189064749 0.0001478293943 56023 
5.8475 0.01867165087 0.0001465603935 56315 
5.8485 0.01852241124 0.000146448769 55111 
5.8495 0.01847387561 0.0001460197604 55178 
5.8505 0.01867841098 0.00014711107 55037 
5.8515 0.01841790074 0.0001457904997 54738 
5.8525 0.01853698332 0.0001461349342 55255 
5.8535 0.01866536983 0.0001466985437 55285 
5.8545 0.01851260535 0.0001461912533 54927 
5.8555 0.01860282688 0.0001468111692 54843 
5.8565 0.01858822217 0.00014690644 54673 
5.8575 0.01855485209 0.0001466253116 55036 
5.8585 0.01875754872 0.0001475183784 55488 
5.8595 0.01916155361 0.0001487608415 56623 
5.8605 0.01886779159 0.0001478161705 56131 
5.8615 0.01887288988 0.0001481638748 55424 
5.8625 0.01846802752 0.0001461974154 54897 
5.8635 0.01902808512 0.0001492159205 55907 
5.8645 0.01883026496 0.0001480456298 55186 
5.8655 0.01869595259 0.000147286673 55318 
5.8665 0.01915633004 0.0001493717223 56177 
5.8675 0.01893457433 0.0001483478938 56131 
5.8685 0.01859118168 0.000146914492 55042 
5.8695 0.01864687254 0.000147220891 55139 
5.8705 0.01875536066 0.0001476581959 55551 
5.8715 0.01895348346 0.0001483185015 56437 
5.8725 0.01873369317 0.0001479857935 55193 
5.8735 0.01881900947 0.0001477992211 55845 
5.8745 0.01863020544 0.0001474033727 54702 
5.8755 0.01872476881 0.0001474050006 55290 
5.8765 0.0186422987 0.000147359582 54656 
5.8775 0.01848428632 0.0001465699933 54632 
5.8785 0.01834024813 0.0001461807372 54283 
5.8795 0.01930685227 0.0001505029786 56066 
5.8805 0.01917658379 0.000149731643 56081 
5.8815 0.01903141975 0.0001488788663 55845 
5.8825 0.0188131636 0.0001479568484 55057 
5.8835 0.01904062706 0.0001493289699 55964 
5.8845 0.01903886315 0.0001491259456 55878 
5.8855 0.01887075014 0.0001490412175 55490 
5.8865 0.01931779841 0.0001503924456 56473 
5.8875 0.01841753411 0.0001466773391 54768 
5.8885 0.01880905423 0.0001484480569 54918 
5.8895 0.01904253197 0.0001496632032 55434 
5.8905 0.01858813617 0.0001472750123 54936 
5.8915 0.01855823637 0.0001471259374 54634 
5.8925 0.01906185905 0.0001495122858 56044 
5.8935 0.01892323586 0.000148528245 55901 
5.8945 0.01923838741 0.0001506754237 55966 
5.8955 0.0192232631 0.0001502199264 55822 
5.8965 0.01853910737 0.0001473563974 54402 
5.8975 0.01890918347 0.0001484723143 55487 
5.8985 0.01871342258 0.0001480033092 55122 
5.8995 0.01876540164 0.0001484667043 54778 
5.9005 0.01897651334 0.0001491591712 55982 
5.9015 0.01877934225 0.0001489232627 54302 
5.9025 0.01867417507 0.0001479039053 54888 
5.9035 0.01917912709 0.0001502555573 55668 
5.9045 0.0193396661 0.0001507501675 56329 
5.9055 0.01842411867 0.0001470634541 54140 
5.9065 0.0185267373 0.0001473509 54491 
5.9075 0.01875470951 0.0001485090618 55094 
5.9085 0.01875060983 0.0001487480833 54771 
5.9095 0.01930812684 0.0001509326416 55811 
5.9105 0.01905988575 0.0001496916683 55657 
5.9115 0.01893260939 0.0001493665705 55119 
5.9125 0.01903986738 0.000149855401 55305 
5.9135 0.01931066881 0.0001509201089 55976 
5.9145 0.01921704212 0.000150695523 56042 
5.9155 0.01914418729 0.0001501301978 55735 
5.9165 0.01947933635 0.0001517503361 56273 
5.9175 0.0189689562 0.0001494723418 54914 
5.9185 0.01904339384 0.0001500441675 55497 
5.9195 0.01859326653 0.0001479975166 54123 
5.9205 0.01858594137 0.0001483998926 53535 
5.9215 0.01876377915 0.0001487192328 54581 
5.9225 0.019051124 0.0001501718693 55314 
5.9235 0.01924958746 0.0001508985008 55640 
5.9245 0.01924301677 0.0001507939018 55571 
5.9255 0.01888395026 0.0001492569985 54378 
5.9265 0.0195165186 0.0001521550662 56049 
5.9275 0.01959827083 0.0001526315859 55976 
5.9285 0.0190842472 0.0001503593093 55294 
5.9295 0.01929764792 0.000151333646 55939 
5.9305 0.01944613713 0.000151850846 56282 
5.9315 0.01906908182 0.0001499767055 55463 
5.9325 0.01866302408 0.0001487956455 54250 
5.9335 0.01901724647 0.0001502987712 54801 
5.9345 0.01905749389 0.0001502250531 55022 
5.9355 0.01884846723 0.0001500597706 54127 
5.9365 0.01957283862 0.0001531751287 55659 
5.9375 0.01936147089 0.0001514538257 55902 
5.9385 0.01936862053 0.0001513026856 56373 
5.9395 0.01948712118 0.0001524399585 56372 
5.9405 0.01908569271 0.0001503361255 55117 
5.9415 0.01911111649 0.0001508881042 54786 
5.9425 0.0195214849 0.0001526874606 55868 
5.9435 0.01876093099 0.0001494611178 54182 
5.9445 0.01922268577 0.0001509523665 55499 
5.9455 0.01936539263 0.0001517854242 55632 
5.9465 0.01905874048 0.0001509044336 54698 
5.9475 0.01920027901 0.0001511690376 55073 
5.9485 0.0195975795 0.0001528417651 56010 
5.9495 0.01875622881 0.0001493477056 54088 
5.9505 0.01894171615 0.0001504460258 54486 
5.9515 0.01971389228 0.0001533911536 56606 
5.9525 0.01908913863 0.0001506924459 55281 
5.9535 0.01874062689 0.0001489168763 54689 
5.9545 0.01877132746 0.0001497585865 54135 
5.9555 0.01943537199 0.000152391845 55526 
5.9565 0.01927114882 0.000151647294 55251 
5.9575 0.01957394764 0.0001531825414 55654 
5.9585 0.01935930107 0.0001518193659 55625 
5.9595 0.01980101252 0.0001540914022 56615 
5.9605 0.01977346789 0.000153970175 56183 
5.9615 0.01954004954 0.0001533049563 55889 
5.9625 0.01947867061 0.0001530280307 55291 
5.9635 0.01944658602 0.0001525677851 55789 
5.9645 0.01960090263 0.0001531533977 55843 
5.9655 0.01880329347 0.0001502279174 53929 
5.9665 0.01939554909 0.0001527497868 54937 
5.9675 0.01943617533 0.0001525736036 55476 
5.9685 0.01949602189 0.000152877608 56009 
5.9695 0.01916475659 0.0001512216816 55372 
5.9705 0.01957463554 0.000153557346 55279 
5.9715 0.01892978587 0.0001501299876 55236 
5.9725 0.01911863546 0.0001509032722 55025 
5.9735 0.01955766254 0.0001533589826 55765 
5.9745 0.01944315401 0.0001529597815 55432 
5.9755 0.01958979079 0.0001533272386 55403 
5.9765 0.01946992005 0.0001530007164 55389 
5.9775 0.01889579826 0.0001503907735 54232 
5.9785 0.01962566149 0.0001538095283 55907 
5.9795 0.01955576592 0.0001533415521 55674 
5.9805 0.01991094939 0.0001550733768 56301 
5.9815 0.01900208948 0.0001515741905 53743 
5.9825 0.01908494876 0.0001517609046 54618 
5.9835 0.01927519459 0.0001520999181 55115 
5.9845 0.01966583705 0.000154193675 55850 
5.9855 0.01948899962 0.0001536258961 55147 
5.9865 0.01969273432 0.0001545278074 55299 
5.9875 0.0200563669 0.000155835013 56594 
5.9885 0.01932876867 0.0001527141209 54643 
5.9895 0.01954400295 0.0001534209744 55806 
5.9905 0.01955618991 0.0001540364443 55430 
5.9915 0.0196168161 0.0001540170242 55362 
5.9925 0.0197814994 0.0001553180828 55325 
5.9935 0.01969603422 0.0001545872143 55644 
5.9945 0.01900877519 0.0001515071038 53557 
5.9955 0.01946065964 0.0001538724548 54880 
5.9965 0.01932682849 0.0001528930251 54781 
5.9975 0.01967571135 0.0001545910134 55442 
5.9985 0.01942919501 0.0001531706618 54878 
5.9995 0.01908714037 0.0001519276596 54318 
6.0005 0.01936233306 0.0001530301284 54314 
6.0015 0.0196669204 0.0001541666839 55938 
6.0025 0.01897290902 0.0001514740786 54143 
6.0035 0.01939801224 0.0001529534943 55323 
6.0045 0.01984206359 0.0001553037461 56037 
6.0055 0.01973427495 0.0001548539653 55223 
6.0065 0.01989969319 0.000155762654 55707 
6.0075 0.01994642997 0.0001558362283 55928 
6.0085 0.01995713254 0.0001559846579 56118 
6.0095 0.01989073986 0.0001558728425 55471 
6.0105 0.01938319248 0.0001533226508 54912 
6.0115 0.01950653091 0.0001539461109 54803 
6.0125 0.01958892497 0.0001546117374 55093 
6.0135 0.01984659629 0.0001557132762 55593 
6.0145 0.01969550451 0.0001548300996 55331 
6.0155 0.01975183792 0.0001548651128 55543 
6.0165 0.01950736641 0.0001541698326 55179 
6.0175 0.01989607747 0.0001557762207 55849 
6.0185 0.01925221981 0.0001534816959 53764 
6.0195 0.01973198752 0.0001548501317 55607 
6.0205 0.02004739211 0.0001563338431 56560 
6.0215 0.01973482291 0.0001556709372 55260 
6.0225 0.01919445173 0.0001526415748 55050 
6.0235 0.01987218648 0.0001558495621 55480 
6.0245 0.01961789153 0.0001546219198 55174 
6.0255 0.01978840907 0.0001554941424 55489 
6.0265 0.01995253391 0.0001563758206 55344 
6.0275 0.02024337731 0.0001573738532 56777 
6.0285 0.01991991431 0.0001560549686 55573 
6.0295 0.01980837828 0.0001555702032 55243 
6.0305 0.01946005399 0.0001541086019 55075 
6.0315 0.01969015111 0.0001550271209 55382 
6.0325 0.01990505373 0.0001560957193 55589 
6.0335 0.01975658767 0.0001552222513 55784 
6.0345 0.02002653877 0.0001566612001 55992 
6.0355 0.0191459458 0.000152824086 53554 
6.0365 0.01947759608 0.000154399963 54593 
6.0375 0.01993236688 0.0001570322499 54364 
6.0385 0.01995881622 0.0001565958215 55528 
6.0395 0.01951985671 0.0001550815369 54508 
6.0405 0.02016563223 0.0001576092413 55957 
6.0415 0.02008539869 0.0001571284469 55715 
6.0425 0.01935414348 0.0001541380762 54076 
6.0435 0.01975624827 0.0001555463651 54931 
6.0445 0.02032278619 0.0001584370825 56281 
6.0455 0.02032034281 0.0001583038096 55820 
6.0465 0.02022334859 0.0001577776619 55950 
6.0475 0.01961904461 0.0001554299661 54468 
6.0485 0.01980965719 0.000156162888 55159 
6.0495 0.02009907736 0.0001572971872 55629 
6.0505 0.01974550137 0.000155911789 54648 
6.0515 0.02054703876 0.0001594618147 56621 
6.0525 0.02006536549 0.0001570832478 56271 
6.0535 0.01920012769 0.0001535483877 53810 
6.0545 0.01964644786 0.000155523024 54883 
6.0555 0.01977465209 0.0001564155921 54928 
6.0565 0.02015157523 0.0001582360449 55337 
6.0575 0.0198371372 0.000156539561 55103 
6.0585 0.02020452648 0.0001581414867 56094 
6.0595 0.01960188788 0.0001553786989 54669 
6.0605 0.01976343752 0.0001557213782 55255 
6.0615 0.01997409344 0.0001567925609 55529 
6.0625 0.0200462777 0.0001572219568 55351 
6.0635 0.01981602536 0.000156692502 55035 
6.0645 0.01983573412 0.0001570112367 54712 
6.0655 0.02012775849 0.0001575665187 55903 
6.0665 0.01993189505 0.000156928721 55037 
6.0675 0.01991749531 0.0001570904572 54767 
6.0685 0.01972396548 0.0001564281599 54668 
6.0695 0.02017747068 0.0001583177523 55240 
6.0705 0.01976016188 0.000156682738 54524 
6.0715 0.02001370517 0.0001576593006 54749 
6.0725 0.02020791854 0.0001585111155 55642 
6.0735 0.01997671946 0.0001571895533 55262 
6.0745 0.01970561015 0.0001560315079 54973 
6.0755 0.01995882864 0.0001571524124 55390 
6.0765 0.02016003395 0.0001583789508 55155 
6.0775 0.0201524146 0.0001585764645 55233 
6.0785 0.02033641399 0.0001588898596 55658 
6.0795 0.01979296915 0.0001569251264 54557 
6.0805 0.02019774699 0.0001583761798 55640 
6.0815 0.0201374412 0.0001583986792 55343 
6.0825 0.01998740559 0.0001571965591 55509 
6.0835 0.02008745706 0.0001581908319 55193 
6.0845 0.02058989439 0.0001601169125 56169 
6.0855 0.02006152595 0.0001579372671 55237 
6.0865 0.02050553896 0.0001595778577 56366 
6.0875 0.0202518812 0.0001586216242 55477 
6.0885 0.02009088857 0.0001580781759 55447 
6.0895 0.02025001842 0.0001591654263 54931 
6.0905 0.02001161763 0.0001577205657 55171 
6.0915 0.02012611399 0.0001586015259 55497 
6.0925 0.02070964225 0.0001605970616 56550 
6.0935 0.02069943592 0.0001611435829 56014 
6.0945 0.02018281927 0.0001591506607 54584 
6.0955 0.02008609152 0.000158451568 54840 
6.0965 0.02009553274 0.0001583561837 55183 
6.0975 0.02014707698 0.00015857719 54853 
6.0985 0.02029867501 0.0001594784028 55400 
6.0995 0.02045506128 0.0001599955112 56147 
6.1005 0.02005443949 0.0001580185233 55711 
6.1015 0.01998372771 0.0001580625095 54973 
6.1025 0.02037096989 0.0001596175176 55679 
6.1035 0.02008438687 0.0001584793839 54454 
6.1045 0.020152511 0.0001591653139 54995 
6.1055 0.02029634933 0.0001594595759 55390 
6.1065 0.02009690017 0.0001585222904 54912 
6.1075 0.02020653828 0.0001589862262 55105 
6.1085 0.02047365809 0.0001600627758 56055 
6.1095 0.02077266551 0.0001617393616 56406 
6.1105 0.01979868254 0.0001570134508 54555 
6.1115 0.02060168391 0.0001607181656 56153 
6.1125 0.02044002708 0.0001604144625 55634 
6.1135 0.02039106588 0.0001601589688 55550 
6.1145 0.02034580265 0.0001600185681 54818 
6.1155 0.02020610503 0.000159623048 54924 
6.1165 0.02043583086 0.0001604700337 55493 
6.1175 0.02029821616 0.0001596557999 55105 
6.1185 0.0201460414 0.0001593200861 55037 
6.1195 0.02035585047 0.0001600996542 55267 
6.1205 0.02052161695 0.0001607766177 55482 
6.1215 0.02045484538 0.0001605496838 55325 
6.1225 0.02074676575 0.0001620438048 56009 
6.1235 0.02020650517 0.0001598060919 54638 
6.1245 0.02071491744 0.0001616070376 55888 
6.1255 0.02013811587 0.0001597781884 53855 
6.1265 0.0202226747 0.0001600130288 54634 
6.1275 0.02050027896 0.0001605665567 56136 
6.1285 0.02012294283 0.0001593015363 54705 
6.1295 0.02056983476 0.0001609961057 55346 
6.1305 0.02057800611 0.0001612770917 55823 
6.1315 0.02035942342 0.0001598666591 55644 
6.1325 0.0205007971 0.0001607863826 55498 
6.1335 0.02088469612 0.0001626303818 56383 
6.1345 0.02054663777 0.0001610003175 55703 
6.1355 0.02056141993 0.0001612886324 55959 
6.1365 0.02056281449 0.0001614230523 55471 
6.1375 0.02043233052 0.0001609657216 54977 
6.1385 0.02084405583 0.0001627791884 55942 
6.1395 0.02115375546 0.0001635609037 56901 
6.1405 0.02066678569 0.0001622901556 55076 
6.1415 0.02055458007 0.0001617244738 54748 
6.1425 0.02079765201 0.0001626886325 55268 
6.1435 0.02030841916 0.000160726223 54663 
6.1445 0.02093227074 0.00016301276 55996 
6.1455 0.02054581985 0.0001616878581 55547 
6.1465 0.02032064133 0.0001602349 55307 
6.1475 0.02022550822 0.0001598863095 54884 
6.1485 0.02081457159 0.0001624428778 56206 
6.1495 0.02054260018 0.0001613794449 55240 
6.1505 0.02087671792 0.0001628550704 56262 
6.1515 0.02060954527 0.0001617073708 55361 
6.1525 0.02091278239 0.0001630069604 55741 
6.1535 0.02047264212 0.0001610311287 55440 
6.1545 0.02071365466 0.0001628269769 55169 
6.1555 0.02073085065 0.0001624185229 55940 
6.1565 0.02065820134 0.0001622516215 55615 
6.1575 0.02020213013 0.0001600276254 54730 
6.1585 0.02073371899 0.0001627078204 55243 
6.1595 0.02030378215 0.0001610421333 54220 
6.1605 0.02085767975 0.0001633963918 55304 
6.1615 0.02052400545 0.0001619305911 55181 
6.1625 0.02103105934 0.0001635547542 56014 
6.1635 0.02067758142 0.0001625157177 55294 
6.1645 0.02075515296 0.0001624448739 55559 
6.1655 0.02087970085 0.0001631842938 55776 
6.1665 0.02091243836 0.0001628626754 56453 
6.1675 0.02037775667 0.0001611211487 54803 
6.1685 0.02083231963 0.0001629631851 56471 
6.1695 0.02064833973 0.0001624718207 55046 
6.1705 0.02064269791 0.0001622636721 55759 
6.1715 0.02037876777 0.0001615013123 54689 
6.1725 0.02106467079 0.0001642304261 56127 
6.1735 0.02088350897 0.0001632750239 55990 
6.1745 0.0202821669 0.0001606883629 54584 
6.1755 0.02034787684 0.0001615529959 54523 
6.1765 0.02077215067 0.000163010011 55638 
6.1775 0.02081614853 0.0001632575542 55278 
6.1785 0.02060414116 0.0001626101345 54848 
6.1795 0.02091873536 0.0001636406733 55855 
6.1805 0.02071913327 0.0001630829963 54589 
6.1815 0.02069358776 0.0001631211652 54982 
6.1825 0.02123111386 0.0001651851178 56674 
6.1835 0.02073940054 0.0001628819567 55631 
6.1845 0.02053135987 0.000162200001 55233 
6.1855 0.02075637673 0.0001633993546 55255 
6.1865 0.02042013464 0.0001620014924 54333 
6.1875 0.02075725167 0.0001633214313 55419 
6.1885 0.02062849 0.0001630121787 54623 
6.1895 0.02084306938 0.0001639708005 54988 
6.1905 0.02121832599 0.0001645443296 56589 
6.1915 0.02073787166 0.0001635020304 54858 
6.1925 0.02146326136 0.0001663739507 56006 
6.1935 0.02073526491 0.0001635150943 55257 
6.1945 0.02100882356 0.0001647113967 55480 
6.1955 0.02061313682 0.0001633798073 54149 
6.1965 0.02096103812 0.000164292197 55138 
6.1975 0.02065354264 0.0001630062815 55256 
6.1985 0.02105292329 0.0001648198048 56032 
6.1995 0.02051230883 0.0001625674674 54524 
6.2005 0.02102576411 0.0001646360212 55457 
6.2015 0.02080358224 0.0001640292001 55319 
6.2025 0.02043505927 0.0001621323152 54364 
6.2035 0.02093574075 0.0001644518805 55429 
6.2045 0.02075349565 0.0001638658642 54494 
6.2055 0.0208208406 0.0001640595415 55167 
6.2065 0.02094892682 0.0001646237441 55359 
6.2075 0.02111613703 0.000165846891 55082 
6.2085 0.02110327737 0.0001654000022 55598 
6.2095 0.02102882935 0.0001646396883 55329 
6.2105 0.02126103545 0.0001663154806 55493 
6.2115 0.02113534098 0.0001661735685 55019 
6.2125 0.02098033768 0.0001650734896 55219 
6.2135 0.02111021505 0.0001654413443 55764 
6.2145 0.0205881138 0.0001631639018 54463 
6.2155 0.02086054926 0.0001645002013 55088 
6.2165 0.02103730458 0.0001651235982 55221 
6.2175 0.02098399156 0.000165160689 55108 
6.2185 0.02113555281 0.0001658924312 55806 
6.2195 0.02103040195 0.0001650784878 55479 
6.2205 0.02141059864 0.000166456627 56400 
6.2215 0.02123988112 0.0001662221573 55609 
6.2225 0.02104569039 0.0001659413882 54853 
6.2235 0.0212827287 0.0001665783026 55850 
6.2245 0.02130118732 0.0001661182867 56110 
6.2255 0.02077629182 0.0001641332399 54758 
6.2265 0.0208589007 0.000164865251 54992 
6.2275 0.02121918247 0.0001661935848 55700 
6.2285 0.02133226203 0.0001670088054 55875 
6.2295 0.0209189616 0.0001654073191 54582 
6.2305 0.02089751432 0.0001647233949 54918 
6.2315 0.02111713642 0.000166101011 55277 
6.2325 0.02160137047 0.0001682821473 55855 
6.2335 0.02085951876 0.0001648573068 54963 
6.2345 0.02112093612 0.0001659542546 55655 
6.2355 0.02085611612 0.0001648380874 54882 
6.2365 0.02103362346 0.0001659622441 55138 
6.2375 0.02118079041 0.0001661169368 55503 
6.2385 0.02096912715 0.0001654036967 54739 
6.2395 0.02104857216 0.0001658124304 55288 
6.2405 0.0215187085 0.000167990075 56067 
6.2415 0.02128543955 0.0001671926758 55116 
6.2425 0.02135540197 0.0001668366997 55722 
6.2435 0.02149804235 0.0001679091439 55525 
6.2445 0.02062081117 0.0001640590197 54762 
6.2455 0.02149017051 0.0001677062028 55984 
6.2465 0.02091053526 0.0001653229437 54912 
6.2475 0.02109785558 0.0001658360173 55743 
6.2485 0.0211813428 0.0001664598849 55390 
6.2495 0.02142569155 0.0001676545653 55684 
6.2505 0.0207928015 0.0001648560407 54295 
6.2515 0.02114402017 0.0001665883411 55125 
6.2525 0.02157876248 0.000168231995 56036 
6.2535 0.02166592652 0.0001685381397 56432 
6.2545 0.02150445741 0.0001685852609 55846 
6.2555 0.02139370809 0.0001679001381 55209 
6.2565 0.02104400244 0.000165779396 55271 
6.2575 0.02148355089 0.0001677411529 56458 
6.2585 0.02127823177 0.0001674066971 54763 
6.2595 0.02154276969 0.0001685408368 55551 
6.2605 0.02104916076 0.0001664534976 54700 
6.2615 0.02111792229 0.0001668887241 54609 
6.2625 0.02109877395 0.0001665564813 54692 
6.2635 0.02116372687 0.0001671169693 54898 
6.2645 0.0215725162 0.000167951471 56050 
6.2655 0.02156783028 0.0001688622847 55448 
6.2665 0.02132409261 0.0001679321327 54955 
6.2675 0.02135617064 0.0001677797388 55133 
6.2685 0.02154882886 0.0001687536788 55484 
6.2695 0.02115443144 0.000166746386 54885 
6.2705 0.02119719772 0.0001670039622 54755 
6.2715 0.02106898003 0.0001667389445 54850 
6.2725 0.02172531388 0.0001693381049 56110 
6.2735 0.02204250478 0.000171295629 56009 
6.2745 0.02102171405 0.0001666632698 54554 
6.2755 0.02116034522 0.0001671847991 55053 
6.2765 0.02173401698 0.000169283808 56040 
6.2775 0.02193447835 0.000170619527 56118 
6.2785 0.0217105675 0.0001695436291 55575 
6.2795 0.02159399416 0.0001690436408 56145 
6.2805 0.0211490632 0.0001669941156 54880 
6.2815 0.02155141603 0.0001689167525 55545 
6.2825 0.0213971682 0.0001682754132 55485 
6.2835 0.02196323742 0.000170498222 56613 
6.2845 0.02136766285 0.0001681940435 55280 
6.2855 0.02152718374 0.0001687308204 55431 
6.2865 0.02176747112 0.0001698592384 55909 
6.2875 0.02179739177 0.0001697881079 56582 
6.2885 0.0217620822 0.0001700754065 55493 
6.2895 0.02132376887 0.0001684308376 54711 
6.2905 0.02110864661 0.0001673077686 54450 
6.2915 0.02156039713 0.0001688050962 55261 
6.2925 0.02125621756 0.00016803709 54722 
6.2935 0.02173700388 0.0001698050356 55643 
6.2945 0.02122812152 0.0001676249184 54729 
6.2955 0.02077528799 0.0001658324007 53893 
6.2965 0.02111837663 0.0001676747072 54220 
6.2975 0.02158158622 0.000169754223 54627 
6.2985 0.02165644025 0.0001697285016 55352 
6.2995 0.02131560185 0.0001683967905 54801 
6.3005 0.02158740788 0.0001692135546 55486 
6.3015 0.02126218325 0.0001679272999 54644 
6.3025 0.02202162823 0.0001714045577 56330 
6.3035 0.02153276368 0.0001698304346 54660 
6.3045 0.02163727307 0.0001700114485 55402 
6.3055 0.02179364743 0.0001701164785 56055 
6.3065 0.02169051783 0.0001706557452 54946 
6.3075 0.02195744819 0.0001716814434 55493 
6.3085 0.02173589349 0.0001704664533 55533 
6.3095 0.0220193109 0.0001714454663 56108 
6.3105 0.02153142374 0.0001696424056 54801 
6.3115 0.02115672707 0.0001679683835 53950 
6.3125 0.02129286897 0.0001688638627 55100 
6.3135 0.02164501675 0.0001698950563 55166 
6.3145 0.02151423068 0.0001693753111 55244 
6.3155 0.02151610787 0.0001696862324 54922 
6.3165 0.02195673604 0.0001712833959 55579 
6.3175 0.022232527 0.0001728518847 56460 
6.3185 0.02206892683 0.000171332151 56432 
6.3195 0.02209627128 0.0001722981906 55992 
6.3205 0.02218597201 0.0001725992548 56325 
6.3215 0.02104809334 0.0001680457554 53761 
6.3225 0.02197122181 0.0001713374799 55961 
6.3235 0.02178898107 0.0001708284531 55510 
6.3245 0.02142240685 0.0001699800649 53896 
6.3255 0.02222877768 0.000173269858 55898 
6.3265 0.02182459127 0.0001717899562 54927 
6.3275 0.0215568067 0.0001701684242 55024 
6.3285 0.02177020212 0.0001711625963 54868 
6.3295 0.02199478639 0.0001722011628 55264 
6.3305 0.02199848199 0.0001717275878 55728 
6.3315 0.02131969758 0.0001693179334 54103 
6.3325 0.02132736094 0.0001696499608 53892 
6.3335 0.02208550116 0.0001725701384 56024 
6.3345 0.02173969744 0.0001710605566 55309 
6.3355 0.02169842343 0.0001710837447 54582 
6.3365 0.0214407567 0.0001700686161 54149 
6.3375 0.02129479147 0.000169216984 54405 
6.3385 0.02167488024 0.0001708700454 55161 
6.3395 0.02187528524 0.0001718463798 55312 
6.3405 0.02217007192 0.0001731897498 55642 
6.3415 0.02136334539 0.000169636685 54304 
6.3425 0.02158038459 0.0001707198829 54567 
6.3435 0.02171225238 0.00017068598 55410 
6.3445 0.02200552609 0.0001725804703 55524 
6.3455 0.02175275591 0.000171172194 55075 
6.3465 0.02203009643 0.0001721129738 55836 
6.3475 0.02178613778 0.0001712092557 54840 
6.3485 0.02225633685 0.0001736841565 55727 
6.3495 0.02160729884 0.0001706527387 54756 
6.3505 0.02219289446 0.0001734336986 55632 
6.3515 0.02188998488 0.0001724338834 54496 
6.3525 0.0219272551 0.0001720043852 55845 
6.3535 0.02184893193 0.0001723378454 54837 
6.3545 0.0218524553 0.0001720216261 54962 
6.3555 0.02178034755 0.0001714846513 55229 
6.3565 0.02242821284 0.0001745683171 56223 
6.3575 0.02181088483 0.0001720796829 54865 
6.3585 0.02164409369 0.0001715933302 54009 
6.3595 0.02165558808 0.000171314715 54601 
6.3605 0.02204578119 0.0001727798296 55795 
6.3615 0.02165406122 0.0001712086059 54614 
6.3625 0.02191609599 0.0001724911536 55574 
6.3635 0.021862887 0.0001720213334 55410 
6.3645 0.02258094203 0.000175220329 56691 
6.3655 0.02222380537 0.0001743202716 55200 
6.3665 0.02246362689 0.0001746249711 56106 
6.3675 0.02185691862 0.0001721221629 55201 
6.3685 0.02201793909 0.0001735289132 54577 
6.3695 0.02197933916 0.0001732596181 54678 
6.3705 0.02264387667 0.0001758408804 55870 
6.3715 0.02104289446 0.0001689890739 53506 
6.3725 0.0222685622 0.0001741387543 55182 
6.3735 0.02214068514 0.0001734815601 55763 
6.3745 0.02232419035 0.0001743803802 56291 
6.3755 0.02173135711 0.0001721292951 54662 
6.3765 0.02190279827 0.0001726836805 55215 
6.3775 0.02216850865 0.0001741579761 55274 
6.3785 0.02228778281 0.0001744587082 55974 
6.3795 0.02163272401 0.0001718136576 53778 
6.3805 0.02195584839 0.0001730585331 54982 
6.3815 0.02218641865 0.0001739112296 55347 
6.3825 0.02238357096 0.0001747639913 55465 
6.3835 0.02203236077 0.0001736019184 54864 
6.3845 0.02178707023 0.0001722982335 54653 
6.3855 0.02232249043 0.0001748445196 55866 
6.3865 0.02207414697 0.0001734760678 55223 
6.3875 0.02210519697 0.0001740248767 55262 
6.3885 0.02199295514 0.0001733659056 54948 
6.3895 0.02208173695 0.0001742063901 54860 
6.3905 0.02286509094 0.0001766905503 56500 
6.3915 0.0225664275 0.0001759997985 55748 
6.3925 0.02241334055 0.0001752765564 55405 
6.3935 0.02182612796 0.0001726348813 55117 
6.3945 0.02181944639 0.0001731801242 54664 
6.3955 0.02211923469 0.0001739349104 54825 
6.3965 0.02199105897 0.0001740674091 54413 
6.3975 0.02159190942 0.0001716793176 54260 
6.3985 0.02238007805 0.0001754650378 55301 
6.3995 0.0224582054 0.0001755035825 55286 
6.4005 0.02204148173 0.0001737062405 54809 
6.4015 0.02197895954 0.0001733639032 54915 
6.4025 0.02232224668 0.0001750933845 55609 
6.4035 0.02278799583 0.0001765716559 56523 
6.4045 0.02256419068 0.0001760392601 55865 
6.4055 0.02198125524 0.0001730117196 55311 
6.4065 0.02248630203 0.0001762446658 55419 
6.4075 0.02265137752 0.0001766953743 56328 
6.4085 0.02258248849 0.0001763020038 55663 
6.4095 0.02190334435 0.0001736062387 54257 
6.4105 0.02236773188 0.0001755475645 55781 
6.4115 0.02202398587 0.0001739819656 54563 
6.4125 0.02217052429 0.0001751348746 54621 
6.4135 0.02206288775 0.0001743357985 54925 
6.4145 0.02247186955 0.0001759410317 55326 
6.4155 0.02175404938 0.0001734294964 53988 
6.4165 0.02284712897 0.0001777171902 56084 
6.4175 0.02237757583 0.0001751796871 55565 
6.4185 0.02219243516 0.0001743464241 55199 
6.4195 0.02233305142 0.0001755677814 55290 
6.4205 0.0218423608 0.0001731089709 54731 
6.4215 0.02209951487 0.0001745865149 54887 
6.4225 0.02249544331 0.0001764285228 55676 
6.4235 0.02228275921 0.0001755090835 54736 
6.4245 0.02190286075 0.000173760579 54224 
6.4255 0.02286579817 0.0001781955887 55996 
6.4265 0.02283728689 0.000178225505 55408 
6.4275 0.02221260305 0.0001751126373 54790 
6.4285 0.02258971496 0.0001769543412 55567 
6.4295 0.02174556331 0.000173379948 53870 
6.4305 0.02220447853 0.0001751463926 54602 
6.4315 0.02205940779 0.0001743220034 54714 
6.4325 0.02277627053 0.0001777155219 55635 
6.4335 0.02244810702 0.0001763791978 54934 
6.4345 0.02288491463 0.0001780204139 55936 
6.4355 0.02238829421 0.0001761489148 54838 
6.4365 0.0226062091 0.000177340867 55068 
6.4375 0.02267302021 0.0001772807684 55586 
6.4385 0.02187143778 0.0001745014123 53944 
6.4395 0.02271626927 0.000177602473 55735 
6.4405 0.02284838589 0.0001781463855 55846 
6.4415 0.02247911874 0.0001768121372 54988 
6.4425 0.02195846153 0.0001743248886 54414 
6.4435 0.02235393231 0.0001760819623 55024 
6.4445 0.02269699259 0.0001779784645 55397 
6.4455 0.02307885714 0.000179818422 55727 
6.4465 0.02277442903 0.0001779703258 55615 
6.4475 0.02263742001 0.0001778265392 54996 
6.4485 0.02296618865 0.000179101813 55544 
6.4495 0.02268225566 0.0001775813172 55620 
6.4505 0.0225912891 0.000177375934 55388 
6.4515 0.02223119981 0.0001764201211 54087 
6.4525 0.02219710077 0.0001755650534 54703 
6.4535 0.02263669253 0.0001774943975 55420 
6.4545 0.02222084024 0.0001757657662 54210 
6.4555 0.02272571305 0.0001781995561 55320 
6.4565 0.02274118183 0.0001781374639 55459 
6.4575 0.02239301776 0.0001766429345 54831 
6.4585 0.02279186791 0.0001783915985 55556 
6.4595 0.02313857587 0.0001797071424 56124 
6.4605 0.02308258009 0.000180157954 56005 
6.4615 0.02285036816 0.0001786975097 55665 
6.4625 0.02290704998 0.0001786747346 55873 
6.4635 0.02245998636 0.000177071044 54909 
6.4645 0.02267838851 0.00017791836 55368 
6.4655 0.02247941894 0.0001773588509 54553 
6.4665 0.02271624419 0.0001788356231 54893 
6.4675 0.02253431251 0.0001770633968 54889 
6.4685 0.02240050508 0.0001769587524 54505 
6.4695 0.02237663763 0.000177104641 54503 
6.4705 0.02236579834 0.0001770439926 54211 
6.4715 0.02304489377 0.0001791590956 56245 
6.4725 0.02302219235 0.000179642594 55803 
6.4735 0.02293948324 0.0001790273512 55834 
6.4745 0.02315088071 0.0001803590547 56121 
6.4755 0.02213537594 0.000176041887 54324 
6.4765 0.02276165026 0.0001786710892 55051 
6.4775 0.02189940008 0.0001748997796 53667 
6.4785 0.02302203408 0.0001798938862 55559 
6.4795 0.02316251839 0.0001803787708 56042 
6.4805 0.02321356396 0.0001807030805 55963 
6.4815 0.02322686686 0.0001805971672 56448 
6.4825 0.0223550239 0.0001767373398 54272 
6.4835 0.02262013393 0.0001784073342 54935 
6.4845 0.02319503146 0.0001809180988 55752 
6.4855 0.02277174109 0.0001792445081 54716 
6.4865 0.02276678745 0.0001786189845 55134 
6.4875 0.02275455229 0.0001791582904 55110 
6.4885 0.02292369609 0.0001794749804 55305 
6.4895 0.02336070095 0.0001817027088 56040 
6.4905 0.02264898946 0.0001791851598 54792 
6.4915 0.02321151428 0.0001815070534 55828 
6.4925 0.02251296477 0.0001777726127 54437 
6.4935 0.02281875924 0.0001795044586 55156 
6.4945 0.02282426031 0.0001790258026 55410 
6.4955 0.02270985471 0.0001790794788 54826 
6.4965 0.02281066671 0.000179644335 54766 
6.4975 0.02269320387 0.0001789248886 54419 
6.4985 0.02298957005 0.0001804786326 55658 
6.4995 0.02288231359 0.000180155485 55009 
