# Format: McCode with text headers
# URL: http://www.mccode.org
# Creator:  3.5.2, git
# Instrument: templateSANS2.instr
# Ncount: 833333
# Trace: no
# Gravitation: no
# Seed: 1728480905653337
# Directory: LC_scan/4
# Nodes: 12
# Param: lambda=6
# Param: dlambda=0.6
# Param: r=150
# Param: PHI=0.001
# Param: Delta_Rho=6e+10
# Param: frac_dir=0.03
# Param: frac_inc=0.01
# Param: slit1=0.02
# Param: slit2=0.02
# Param: LC=5
# Param: LD=3
# Date: Wed Oct  9 15:35:08 2024 (1728480908)
# type: array_1d(1000)
# Source: templateSANS2 (templateSANS2.instr)
# component: Ldetector
# position: 0 0 8.2
# title: Wavelength monitor
# Ncount: 9999996
# filename: Edet.dat
# statistics: X0=6.02686; dX=0.28766;
# signal: Min=0.00851909; Max=0.0122326; Mean=0.0102976;
# values: 10.2976 0.00250795 5.72307e+07
# xvar: L
# yvar: (I,I_err)
# xlabel: Wavelength [AA]
# ylabel: Intensity
# xlimits: 5.5 6.5
# variables: L I I_err N
5.5005 0.008623783888 6.646587934e-05 57248 
5.5015 0.008623915532 6.644786871e-05 56957 
5.5025 0.008913534637 6.76431092e-05 58283 
5.5035 0.008605710307 6.634670575e-05 57049 
5.5045 0.008560916632 6.624700772e-05 56538 
5.5055 0.008658021101 6.665756842e-05 57251 
5.5065 0.008521153135 6.612358352e-05 55881 
5.5075 0.008811564439 6.72025765e-05 58008 
5.5085 0.008710236311 6.688528476e-05 57177 
5.5095 0.008846617592 6.733127799e-05 58083 
5.5105 0.008790523359 6.725270729e-05 57880 
5.5115 0.008674815915 6.661435202e-05 57017 
5.5125 0.008536670415 6.619593564e-05 56411 
5.5135 0.009025459468 6.822340291e-05 59063 
5.5145 0.008841442065 6.733501942e-05 58456 
5.5155 0.008865802271 6.770980965e-05 58032 
5.5165 0.008876751265 6.772347807e-05 57595 
5.5175 0.008903652013 6.767341283e-05 58283 
5.5185 0.008762382454 6.723155698e-05 57414 
5.5195 0.008608876765 6.655561774e-05 56718 
5.5205 0.008855646518 6.759085921e-05 57731 
5.5215 0.008757480747 6.701491972e-05 57443 
5.5225 0.008710096754 6.690027579e-05 57108 
5.5235 0.008713245471 6.709714094e-05 57050 
5.5245 0.008867654913 6.773147883e-05 58039 
5.5255 0.008558914753 6.634075978e-05 56272 
5.5265 0.008776032925 6.736831361e-05 57003 
5.5275 0.008519091676 6.635318894e-05 55845 
5.5285 0.008762060684 6.747019123e-05 56764 
5.5295 0.008709929008 6.695429468e-05 57257 
5.5305 0.008945211545 6.803559717e-05 58879 
5.5315 0.008747661864 6.729060242e-05 57207 
5.5325 0.008897753512 6.788246287e-05 57896 
5.5335 0.00868535324 6.702959219e-05 56992 
5.5345 0.00891629071 6.790526867e-05 58719 
5.5355 0.00865243484 6.693950454e-05 56417 
5.5365 0.008726133006 6.713211814e-05 57313 
5.5375 0.008899757676 6.777644133e-05 58152 
5.5385 0.008709736402 6.710730698e-05 57029 
5.5395 0.008734711506 6.719922984e-05 57306 
5.5405 0.008673464349 6.688188319e-05 56968 
5.5415 0.008684390399 6.704018083e-05 56616 
5.5425 0.008834687861 6.770027328e-05 57631 
5.5435 0.009041401081 6.86302824e-05 58114 
5.5445 0.008844550519 6.799746217e-05 56893 
5.5455 0.0087240679 6.718946482e-05 57438 
5.5465 0.008997941422 6.847687805e-05 58062 
5.5475 0.008674847456 6.700347548e-05 56757 
5.5485 0.008911705814 6.828487308e-05 57357 
5.5495 0.008826928257 6.783548402e-05 57498 
5.5505 0.008845308464 6.786127326e-05 57529 
5.5515 0.008819363 6.782524907e-05 57234 
5.5525 0.008708934291 6.745112719e-05 56344 
5.5535 0.008857997956 6.808313638e-05 57147 
5.5545 0.008851281597 6.798359516e-05 57348 
5.5555 0.008803782483 6.757661866e-05 57322 
5.5565 0.008938680709 6.811600672e-05 58173 
5.5575 0.008913039758 6.813072125e-05 57301 
5.5585 0.009054646439 6.887394462e-05 58567 
5.5595 0.008918265185 6.810034802e-05 57886 
5.5605 0.008978870649 6.862466115e-05 57628 
5.5615 0.009029368495 6.882490064e-05 57768 
5.5625 0.008781704895 6.780751517e-05 56760 
5.5635 0.009073255659 6.919278996e-05 57901 
5.5645 0.008968522698 6.863516072e-05 57786 
5.5655 0.008758149171 6.7636191e-05 56630 
5.5665 0.00897760658 6.88164624e-05 57133 
5.5675 0.008748315967 6.775839866e-05 56634 
5.5685 0.008990821498 6.882227169e-05 57546 
5.5695 0.008859729128 6.845556919e-05 56205 
5.5705 0.008850124764 6.823933742e-05 56327 
5.5715 0.00864972833 6.726336877e-05 55961 
5.5725 0.008997131209 6.874470694e-05 57668 
5.5735 0.008833718469 6.815125348e-05 56697 
5.5745 0.008816074841 6.797842954e-05 56969 
5.5755 0.009036348292 6.905877549e-05 57523 
5.5765 0.00897317846 6.859535153e-05 57385 
5.5775 0.00892701871 6.845814971e-05 56978 
5.5785 0.008900045067 6.833125504e-05 56976 
5.5795 0.00907988578 6.915933081e-05 58428 
5.5805 0.008985704707 6.88789731e-05 56859 
5.5815 0.008958043198 6.866618911e-05 57411 
5.5825 0.008921932043 6.863965146e-05 57004 
5.5835 0.008848373418 6.841658821e-05 56533 
5.5845 0.009192005156 6.968514839e-05 58855 
5.5855 0.008842921461 6.825830721e-05 56765 
5.5865 0.008871999641 6.834370256e-05 56991 
5.5875 0.008780062959 6.796247206e-05 56459 
5.5885 0.008977086804 6.906562604e-05 56728 
5.5895 0.008866501599 6.858950122e-05 56283 
5.5905 0.00892921612 6.862424652e-05 57234 
5.5915 0.00916924115 6.976991716e-05 58473 
5.5925 0.008995706208 6.883100447e-05 57486 
5.5935 0.009146903854 6.959547172e-05 58843 
5.5945 0.009171747898 6.96133434e-05 58429 
5.5955 0.008796032059 6.805512319e-05 56006 
5.5965 0.008894231621 6.872690915e-05 57005 
5.5975 0.009102981954 6.939515627e-05 57930 
5.5985 0.009132483092 6.976481447e-05 57462 
5.5995 0.00908832564 6.956972338e-05 57622 
5.6005 0.008904422154 6.862221409e-05 56668 
5.6015 0.008817187274 6.831649192e-05 56521 
5.6025 0.009148354365 6.979301842e-05 57918 
5.6035 0.009070590875 6.938600126e-05 57634 
5.6045 0.008918756371 6.895926168e-05 56811 
5.6055 0.009185663116 7.001410348e-05 57711 
5.6065 0.00908751047 6.961477427e-05 57512 
5.6075 0.009031678338 6.925431796e-05 57577 
5.6085 0.008785007557 6.809401202e-05 56665 
5.6095 0.008984570541 6.923469082e-05 56797 
5.6105 0.009003916458 6.945916911e-05 56408 
5.6115 0.008811282263 6.85422229e-05 55914 
5.6125 0.008979334933 6.909390451e-05 57077 
5.6135 0.009012730554 6.930091977e-05 56733 
5.6145 0.009033912001 6.932679417e-05 57214 
5.6155 0.009281991909 7.043959616e-05 57710 
5.6165 0.009013833553 6.963411681e-05 56334 
5.6175 0.009224366844 7.02915249e-05 57542 
5.6185 0.009224621878 7.014977125e-05 57953 
5.6195 0.008978534333 6.93282127e-05 56616 
5.6205 0.009032091635 6.950111835e-05 56796 
5.6215 0.008947152433 6.917461741e-05 56799 
5.6225 0.009129522536 7.001251177e-05 57200 
5.6235 0.009072253351 6.958404477e-05 57154 
5.6245 0.00903621507 6.957500781e-05 56536 
5.6255 0.008935031434 6.914492752e-05 56587 
5.6265 0.009057952085 6.969728545e-05 56918 
5.6275 0.009007178474 6.912195981e-05 57214 
5.6285 0.009355383861 7.098611101e-05 58020 
5.6295 0.008995004615 6.967452657e-05 56434 
5.6305 0.009141662039 6.983964661e-05 57568 
5.6315 0.009252171334 7.051483576e-05 57689 
5.6325 0.009104036052 6.980595398e-05 57160 
5.6335 0.009022063223 6.94787233e-05 56977 
5.6345 0.008861758352 6.891791973e-05 55589 
5.6355 0.009276045576 7.042673803e-05 58220 
5.6365 0.009121994621 7.002670731e-05 57213 
5.6375 0.008985503743 6.94487431e-05 57090 
5.6385 0.008977030411 6.93682056e-05 56705 
5.6395 0.009327111621 7.098260013e-05 57878 
5.6405 0.008960146117 6.929553704e-05 56750 
5.6415 0.009257013305 7.07823827e-05 57191 
5.6425 0.009162839728 7.053068207e-05 57130 
5.6435 0.009114040536 7.01874176e-05 56906 
5.6445 0.009120842473 7.013990627e-05 56787 
5.6455 0.009040885859 6.98407748e-05 56562 
5.6465 0.00901831904 6.975116253e-05 56483 
5.6475 0.008998491789 6.961905147e-05 56359 
5.6485 0.009057674717 6.979487163e-05 57228 
5.6495 0.009064981714 6.990126739e-05 56705 
5.6505 0.009075464673 7.007742822e-05 56727 
5.6515 0.009324297075 7.123602573e-05 57143 
5.6525 0.009084254182 7.024308298e-05 55973 
5.6535 0.009057571248 6.999642575e-05 56780 
5.6545 0.009058478496 7.007911588e-05 56617 
5.6555 0.009169041087 7.038512617e-05 57359 
5.6565 0.009091392287 7.017443917e-05 56515 
5.6575 0.009330247257 7.131202378e-05 57466 
5.6585 0.009166227163 7.04927862e-05 57699 
5.6595 0.009292710011 7.09343776e-05 57926 
5.6605 0.009193727401 7.052179531e-05 57267 
5.6615 0.009206720345 7.069307506e-05 57260 
5.6625 0.009242605009 7.070456023e-05 57760 
5.6635 0.009248543878 7.082770914e-05 57505 
5.6645 0.009269806812 7.106047366e-05 57223 
5.6655 0.009178349001 7.061204747e-05 57376 
5.6665 0.009145469736 7.060208834e-05 56587 
5.6675 0.009140791291 7.045183298e-05 56802 
5.6685 0.009060862379 6.996998751e-05 57324 
5.6695 0.009216802057 7.072337783e-05 57275 
5.6705 0.009112000427 7.044915601e-05 56492 
5.6715 0.009388942387 7.170297225e-05 57415 
5.6725 0.009275943998 7.116052825e-05 57144 
5.6735 0.009297313622 7.125581722e-05 57375 
5.6745 0.009215372821 7.0652923e-05 57363 
5.6755 0.009035216723 6.997859295e-05 56498 
5.6765 0.009032042313 7.010900738e-05 56303 
5.6775 0.009090267248 7.04649657e-05 56300 
5.6785 0.009110093207 7.059366992e-05 56683 
5.6795 0.009359193664 7.162470618e-05 57294 
5.6805 0.009414493803 7.189849283e-05 57838 
5.6815 0.009447333122 7.190717564e-05 57965 
5.6825 0.009037335062 7.024327311e-05 56324 
5.6835 0.009043554078 7.037695196e-05 55659 
5.6845 0.009267478138 7.115177377e-05 57641 
5.6855 0.009496374807 7.230900624e-05 57613 
5.6865 0.009438929657 7.197669774e-05 57455 
5.6875 0.009283905982 7.126592843e-05 57103 
5.6885 0.009128839468 7.076557181e-05 56225 
5.6895 0.009125648036 7.050705837e-05 56209 
5.6905 0.009280408725 7.129762078e-05 57081 
5.6915 0.009285758612 7.121171068e-05 57330 
5.6925 0.009282413801 7.147322752e-05 56634 
5.6935 0.009237909705 7.123675346e-05 57035 
5.6945 0.009340477881 7.177621305e-05 57219 
5.6955 0.00936902211 7.186232981e-05 57352 
5.6965 0.009419605656 7.201043671e-05 57700 
5.6975 0.009582270563 7.258576624e-05 58562 
5.6985 0.00922338376 7.128322505e-05 56514 
5.6995 0.009568896177 7.256438923e-05 58744 
5.7005 0.009491948326 7.237584589e-05 57668 
5.7015 0.009075036968 7.054042025e-05 56295 
5.7025 0.009259205818 7.13763656e-05 56501 
5.7035 0.009283574179 7.138861274e-05 56859 
5.7045 0.009407953401 7.207181128e-05 57281 
5.7055 0.009384855066 7.193013086e-05 57222 
5.7065 0.009351516961 7.172151133e-05 57382 
5.7075 0.009318761773 7.173619696e-05 56783 
5.7085 0.009220512588 7.123072744e-05 56254 
5.7095 0.009203706681 7.12206618e-05 56206 
5.7105 0.009290057776 7.140414097e-05 56842 
5.7115 0.009388552929 7.215037943e-05 57250 
5.7125 0.009171090419 7.121796601e-05 56118 
5.7135 0.00948432119 7.246364603e-05 57633 
5.7145 0.009349696041 7.191795709e-05 57045 
5.7155 0.009069704075 7.071950902e-05 56010 
5.7165 0.009241945989 7.131403172e-05 56785 
5.7175 0.009261362514 7.16295586e-05 56144 
5.7185 0.009383054009 7.19813874e-05 57541 
5.7195 0.009342234078 7.18592367e-05 56819 
5.7205 0.009170064115 7.126942821e-05 56038 
5.7215 0.009218702884 7.142158102e-05 56060 
5.7225 0.009585633423 7.303128864e-05 58150 
5.7235 0.009284577557 7.185508966e-05 56284 
5.7245 0.009456048546 7.234409813e-05 57107 
5.7255 0.009328468023 7.187187346e-05 57336 
5.7265 0.00962140676 7.325386652e-05 57808 
5.7275 0.009371920763 7.225649781e-05 56514 
5.7285 0.009603125504 7.299059654e-05 58412 
5.7295 0.009241891584 7.159730545e-05 56279 
5.7305 0.009435288664 7.227581323e-05 57186 
5.7315 0.009263845794 7.191015518e-05 55790 
5.7325 0.00940740424 7.225585955e-05 57102 
5.7335 0.009289894632 7.178948486e-05 57056 
5.7345 0.009276001072 7.18936554e-05 55979 
5.7355 0.009215956581 7.167043347e-05 56013 
5.7365 0.009316242057 7.191697501e-05 56844 
5.7375 0.009346238791 7.204580328e-05 56780 
5.7385 0.00944079828 7.267438799e-05 57014 
5.7395 0.009553804936 7.316048747e-05 57279 
5.7405 0.009422327382 7.26340559e-05 56362 
5.7415 0.009500391178 7.313835585e-05 56545 
5.7425 0.009369403746 7.23017728e-05 56881 
5.7435 0.009512797473 7.283607519e-05 56795 
5.7445 0.009501248543 7.294171766e-05 56866 
5.7455 0.009456474301 7.266993703e-05 56757 
5.7465 0.009307816646 7.206623311e-05 56282 
5.7475 0.009321695488 7.217836009e-05 56218 
5.7485 0.009407503082 7.250293339e-05 56849 
5.7495 0.009370755689 7.227149151e-05 56517 
5.7505 0.009453161434 7.277403768e-05 56790 
5.7515 0.009373784123 7.231176411e-05 56413 
5.7525 0.009656053693 7.351887901e-05 58025 
5.7535 0.00960612453 7.345485306e-05 57509 
5.7545 0.009502162179 7.287389898e-05 57232 
5.7555 0.009485880717 7.288884986e-05 57114 
5.7565 0.009429917838 7.277150441e-05 56928 
5.7575 0.009468161243 7.312136561e-05 56561 
5.7585 0.009340966256 7.229208183e-05 56945 
5.7595 0.009530116192 7.31912676e-05 56891 
5.7605 0.009581071848 7.346679548e-05 56834 
5.7615 0.009394211011 7.26810063e-05 56699 
5.7625 0.009679666651 7.396189286e-05 57614 
5.7635 0.009583821015 7.358065484e-05 57005 
5.7645 0.009493712987 7.30578468e-05 56597 
5.7655 0.009629164972 7.383625461e-05 57592 
5.7665 0.009480280901 7.332155833e-05 56236 
5.7675 0.009466472885 7.301750498e-05 56953 
5.7685 0.009558772987 7.362398176e-05 56381 
5.7695 0.009456322497 7.282826196e-05 57079 
5.7705 0.00966244098 7.391486357e-05 57125 
5.7715 0.009509157971 7.316492533e-05 56770 
5.7725 0.009790778535 7.456066214e-05 57841 
5.7735 0.009528818914 7.339724665e-05 56566 
5.7745 0.00955104026 7.342958193e-05 56644 
5.7755 0.009550514168 7.325811735e-05 57339 
5.7765 0.009579248792 7.346849459e-05 57530 
5.7775 0.00950339267 7.323447916e-05 56918 
5.7785 0.009539001585 7.346933883e-05 57087 
5.7795 0.009821085795 7.455998984e-05 58260 
5.7805 0.009548423926 7.345850258e-05 56683 
5.7815 0.009307306443 7.24033968e-05 56311 
5.7825 0.009666275684 7.382840897e-05 57539 
5.7835 0.009450738685 7.324814948e-05 56291 
5.7845 0.009729109381 7.432215777e-05 57815 
5.7855 0.00953261962 7.365254251e-05 56496 
5.7865 0.009773272084 7.453392166e-05 58008 
5.7875 0.009626269236 7.381075033e-05 57245 
5.7885 0.009485417547 7.337679021e-05 56603 
5.7895 0.009607272357 7.391333305e-05 56797 
5.7905 0.009819522518 7.48490587e-05 57735 
5.7915 0.009630634407 7.378561438e-05 57625 
5.7925 0.009491913384 7.347419754e-05 56598 
5.7935 0.009438325448 7.31856619e-05 56440 
5.7945 0.009565307596 7.367685364e-05 57100 
5.7955 0.009425588274 7.32368643e-05 55580 
5.7965 0.009504718747 7.349441132e-05 56437 
5.7975 0.009568710822 7.376326655e-05 56471 
5.7985 0.009459724389 7.316822552e-05 56241 
5.7995 0.009627823437 7.432170734e-05 56256 
5.8005 0.009594850119 7.383883189e-05 57377 
5.8015 0.009492883299 7.333697465e-05 56588 
5.8025 0.009632584493 7.396374459e-05 56761 
5.8035 0.009389596045 7.317454989e-05 55873 
5.8045 0.009724662992 7.444065593e-05 57718 
5.8055 0.009688651375 7.453679588e-05 57024 
5.8065 0.009722494426 7.446835326e-05 57412 
5.8075 0.009523113974 7.374408916e-05 56945 
5.8085 0.009709959609 7.446841358e-05 57151 
5.8095 0.009576667205 7.395496096e-05 56415 
5.8105 0.009632466636 7.41043536e-05 56656 
5.8115 0.009520876615 7.352605596e-05 56591 
5.8125 0.009641943034 7.422626661e-05 57032 
5.8135 0.009667273345 7.451953624e-05 56601 
5.8145 0.009587962662 7.396816609e-05 56736 
5.8155 0.009796597583 7.467496582e-05 57889 
5.8165 0.009499022768 7.359272707e-05 56051 
5.8175 0.00964636083 7.41555437e-05 56805 
5.8185 0.009709861954 7.417875188e-05 57920 
5.8195 0.009612817669 7.404482385e-05 57181 
5.8205 0.009624419782 7.416636765e-05 56820 
5.8215 0.009420020601 7.318093006e-05 56182 
5.8225 0.009601445864 7.416815776e-05 56629 
5.8235 0.00989784482 7.527470317e-05 57348 
5.8245 0.009811409439 7.485864877e-05 57728 
5.8255 0.009612575685 7.393755629e-05 57252 
5.8265 0.009852295177 7.502688287e-05 57915 
5.8275 0.009800777183 7.478449527e-05 57829 
5.8285 0.009707700335 7.433944784e-05 57219 
5.8295 0.009698350997 7.434112776e-05 57045 
5.8305 0.009669207065 7.40897082e-05 57677 
5.8315 0.009872439376 7.510712989e-05 57861 
5.8325 0.009572714825 7.397318057e-05 56658 
5.8335 0.00957985623 7.384189997e-05 56982 
5.8345 0.009690292231 7.434111619e-05 57207 
5.8355 0.009748155163 7.456777989e-05 58047 
5.8365 0.00993459849 7.563187693e-05 58113 
5.8375 0.009813427137 7.491941905e-05 57477 
5.8385 0.009810511392 7.478666223e-05 58026 
5.8395 0.009707223497 7.449797825e-05 57139 
5.8405 0.009732465501 7.459809969e-05 57487 
5.8415 0.009437841947 7.335471082e-05 56741 
5.8425 0.009852524924 7.515874563e-05 57441 
5.8435 0.009845099479 7.507101142e-05 58363 
5.8445 0.009603186115 7.406021684e-05 56750 
5.8455 0.009570473251 7.399465934e-05 56416 
5.8465 0.009767482495 7.496062496e-05 56700 
5.8475 0.009599236915 7.393995184e-05 57028 
5.8485 0.009580457015 7.394582499e-05 56626 
5.8495 0.009889085705 7.541822128e-05 58263 
5.8505 0.009570333812 7.39217812e-05 56836 
5.8515 0.009975307951 7.583376363e-05 58199 
5.8525 0.009737843097 7.493734315e-05 56734 
5.8535 0.009858256133 7.524961114e-05 57665 
5.8545 0.009673567664 7.467995038e-05 56480 
5.8555 0.009868896909 7.526346334e-05 57890 
5.8565 0.009881617638 7.547990837e-05 57475 
5.8575 0.00995376677 7.589357688e-05 57307 
5.8585 0.009897759378 7.558618646e-05 57740 
5.8595 0.009950890495 7.553369177e-05 58525 
5.8605 0.009892254578 7.552941068e-05 57654 
5.8615 0.00989119765 7.550077349e-05 57797 
5.8625 0.009901285096 7.563727742e-05 57614 
5.8635 0.009936181061 7.572313834e-05 58315 
5.8645 0.009936715121 7.56040608e-05 58030 
5.8655 0.009860346921 7.531541866e-05 58149 
5.8665 0.009501337597 7.377791073e-05 56055 
5.8675 0.009650593459 7.446961398e-05 55986 
5.8685 0.00984469721 7.545579989e-05 57111 
5.8695 0.009849651229 7.533857404e-05 58082 
5.8705 0.01014363634 7.673448446e-05 58401 
5.8715 0.009887405524 7.561254107e-05 57809 
5.8725 0.009932074059 7.585447813e-05 57851 
5.8735 0.009891296095 7.559077618e-05 57935 
5.8745 0.009828567774 7.544903886e-05 57358 
5.8755 0.009861486209 7.53731909e-05 57813 
5.8765 0.009920916099 7.577966466e-05 57824 
5.8775 0.009560987379 7.447024111e-05 56026 
5.8785 0.01004262389 7.647641452e-05 57897 
5.8795 0.009649737554 7.458253743e-05 56242 
5.8805 0.009831688352 7.543847071e-05 57274 
5.8815 0.009861684693 7.553906037e-05 57274 
5.8825 0.01004966651 7.645498228e-05 57937 
5.8835 0.01010462686 7.671849811e-05 58076 
5.8845 0.01006877855 7.637557653e-05 58216 
5.8855 0.01001034164 7.64360522e-05 57288 
5.8865 0.009854528634 7.571596059e-05 57369 
5.8875 0.009896101931 7.566629951e-05 57550 
5.8885 0.00998924488 7.630019521e-05 57658 
5.8895 0.009928941365 7.597214717e-05 57591 
5.8905 0.009892692842 7.579771886e-05 57467 
5.8915 0.009769566132 7.526610087e-05 56858 
5.8925 0.009703174614 7.493208146e-05 56535 
5.8935 0.009906308952 7.59743767e-05 57263 
5.8945 0.009982932288 7.639252754e-05 57084 
5.8955 0.009997355196 7.642004355e-05 57202 
5.8965 0.009706214114 7.511277448e-05 56701 
5.8975 0.009949893004 7.63120521e-05 57339 
5.8985 0.00972006719 7.525515293e-05 56100 
5.8995 0.009966817411 7.61339893e-05 57988 
5.9005 0.0100206431 7.647831999e-05 58003 
5.9015 0.009863684173 7.613468153e-05 56499 
5.9025 0.00996264879 7.638997874e-05 57065 
5.9035 0.0100343313 7.648011816e-05 57661 
5.9045 0.009921419646 7.616926177e-05 56957 
5.9055 0.01015330665 7.724088767e-05 58254 
5.9065 0.01004012553 7.64704761e-05 58168 
5.9075 0.009807588501 7.585857758e-05 56830 
5.9085 0.01017549225 7.733188078e-05 57991 
5.9095 0.01007035952 7.6902917e-05 57303 
5.9105 0.0100321691 7.659185244e-05 57666 
5.9115 0.009978599738 7.622962847e-05 57821 
5.9125 0.0098323187 7.601980915e-05 56305 
5.9135 0.009693035296 7.51931656e-05 55723 
5.9145 0.009984898452 7.639245405e-05 57261 
5.9155 0.01017544394 7.729150764e-05 58585 
5.9165 0.009890340556 7.628645615e-05 56833 
5.9175 0.009773156235 7.578022254e-05 56095 
5.9185 0.01018377219 7.750982896e-05 57643 
5.9195 0.01000410603 7.659517603e-05 57658 
5.9205 0.01031243386 7.787254608e-05 58633 
5.9215 0.009947209629 7.664892761e-05 56495 
5.9225 0.009824239864 7.591872686e-05 56829 
5.9235 0.009962136952 7.641302099e-05 57351 
5.9245 0.009830273127 7.608062861e-05 56851 
5.9255 0.009971300924 7.666350621e-05 56730 
5.9265 0.009927502478 7.631836488e-05 57115 
5.9275 0.01001327421 7.680062583e-05 57655 
5.9285 0.00995479924 7.66014899e-05 56991 
5.9295 0.01008767296 7.699916824e-05 58268 
5.9305 0.009952561318 7.642889139e-05 56797 
5.9315 0.01003623063 7.675164597e-05 57478 
5.9325 0.0100561871 7.707246231e-05 57351 
5.9335 0.01005900288 7.687224176e-05 57548 
5.9345 0.01001840499 7.675411181e-05 57316 
5.9355 0.01010660079 7.73475943e-05 57353 
5.9365 0.009977034016 7.68745065e-05 57013 
5.9375 0.01017664236 7.765898067e-05 57843 
5.9385 0.01007631212 7.713814648e-05 57490 
5.9395 0.01003354466 7.718090324e-05 56731 
5.9405 0.01005741027 7.714529251e-05 57230 
5.9415 0.01000201213 7.695863992e-05 56957 
5.9425 0.009919913961 7.654795525e-05 56676 
5.9435 0.00994392502 7.681747519e-05 56884 
5.9445 0.0102296267 7.802464151e-05 57824 
5.9455 0.0101074259 7.7537345e-05 57440 
5.9465 0.01019839092 7.803018347e-05 57283 
5.9475 0.01032825746 7.828955781e-05 58250 
5.9485 0.01020525668 7.799299248e-05 57566 
5.9495 0.01009085064 7.733475861e-05 57775 
5.9505 0.0100883297 7.749245842e-05 57150 
5.9515 0.01011252777 7.750397032e-05 57246 
5.9525 0.01015204616 7.770257061e-05 57560 
5.9535 0.009990722709 7.712084906e-05 56923 
5.9545 0.0102680837 7.780002965e-05 58920 
5.9555 0.01019200422 7.787870141e-05 57820 
5.9565 0.01027992172 7.821895489e-05 58051 
5.9575 0.01000880876 7.68068483e-05 57327 
5.9585 0.01009421487 7.745436811e-05 57160 
5.9595 0.01020974079 7.811711734e-05 57284 
5.9605 0.01020864967 7.808890256e-05 57706 
5.9615 0.01039202492 7.882303651e-05 58586 
5.9625 0.01028223916 7.811830655e-05 58460 
5.9635 0.0101152493 7.772112506e-05 57089 
5.9645 0.01031047898 7.851855507e-05 57504 
5.9655 0.01021018576 7.801717439e-05 58003 
5.9665 0.01011049773 7.747887653e-05 57336 
5.9675 0.01019351804 7.831874008e-05 56848 
5.9685 0.01014800259 7.766694331e-05 57380 
5.9695 0.0101110249 7.782114135e-05 57011 
5.9705 0.01032983985 7.866989369e-05 57628 
5.9715 0.01025724269 7.817920044e-05 58105 
5.9725 0.01020832514 7.822532477e-05 57739 
5.9735 0.01031292362 7.846190718e-05 58333 
5.9745 0.01048276739 7.936760623e-05 58790 
5.9755 0.01035275627 7.887129257e-05 57350 
5.9765 0.009908830376 7.669096571e-05 56614 
5.9775 0.01016373553 7.798700582e-05 57025 
5.9785 0.01017626778 7.786084192e-05 57463 
5.9795 0.01011080033 7.775423048e-05 57701 
5.9805 0.01024706459 7.85098372e-05 57330 
5.9815 0.01045608672 7.932574903e-05 58330 
5.9825 0.01027052264 7.862566436e-05 57312 
5.9835 0.01019994674 7.809329026e-05 57514 
5.9845 0.01023870321 7.830655941e-05 57726 
5.9855 0.01020345668 7.838115819e-05 56819 
5.9865 0.01032974286 7.885346574e-05 57778 
5.9875 0.0100651942 7.752725916e-05 57254 
5.9885 0.01023165551 7.844216505e-05 57337 
5.9895 0.01020272834 7.842882124e-05 57184 
5.9905 0.01014285418 7.815136814e-05 56531 
5.9915 0.01021556422 7.847530244e-05 56847 
5.9925 0.009999104448 7.744654731e-05 56291 
5.9935 0.01036334188 7.891272648e-05 58361 
5.9945 0.01025124487 7.84720741e-05 57321 
5.9955 0.009991584871 7.759655903e-05 55686 
5.9965 0.01001611324 7.759602751e-05 56182 
5.9975 0.01038681446 7.919258579e-05 57423 
5.9985 0.0105192984 7.956545463e-05 58242 
5.9995 0.01038676073 7.922509121e-05 57524 
6.0005 0.01020176246 7.8187026e-05 57593 
6.0015 0.01019385855 7.848137237e-05 57167 
6.0025 0.01030082883 7.88918916e-05 57176 
6.0035 0.01046063329 7.922475325e-05 58795 
6.0045 0.01039382742 7.943342622e-05 57388 
6.0055 0.0102625408 7.871109051e-05 57187 
6.0065 0.01031790723 7.889349911e-05 57676 
6.0075 0.01032210725 7.890322426e-05 57751 
6.0085 0.01030377571 7.890111376e-05 57106 
6.0095 0.01023230816 7.855911957e-05 57063 
6.0105 0.01024404413 7.882346444e-05 56908 
6.0115 0.01025091677 7.877106901e-05 57742 
6.0125 0.01033373638 7.907133893e-05 57836 
6.0135 0.01037436733 7.929569713e-05 57589 
6.0145 0.01014026598 7.815872237e-05 57031 
6.0155 0.01031505389 7.901282219e-05 57570 
6.0165 0.01025171997 7.872541154e-05 57423 
6.0175 0.01029883626 7.887974599e-05 57631 
6.0185 0.01020832326 7.86358375e-05 57086 
6.0195 0.01018737953 7.844819893e-05 56712 
6.0205 0.01020375939 7.881068638e-05 56532 
6.0215 0.01029043347 7.921124849e-05 56500 
6.0225 0.01058567902 8.027342322e-05 58601 
6.0235 0.01052605732 7.997786128e-05 58348 
6.0245 0.01049737953 7.990186097e-05 57784 
6.0255 0.01028252697 7.905280642e-05 57394 
6.0265 0.01019262009 7.857943865e-05 57005 
6.0275 0.01024680976 7.898004184e-05 57008 
6.0285 0.01063308806 8.061343588e-05 58915 
6.0295 0.01018759953 7.863709701e-05 56450 
6.0305 0.01019051396 7.859015453e-05 56702 
6.0315 0.01037853819 7.963673322e-05 57246 
6.0325 0.01056081139 8.024240146e-05 58246 
6.0335 0.01042000315 7.95905704e-05 57462 
6.0345 0.01017788616 7.866237716e-05 56370 
6.0355 0.01050010179 8.017853825e-05 57216 
6.0365 0.0104213716 7.967750781e-05 57695 
6.0375 0.01038233479 7.946003059e-05 57695 
6.0385 0.01040847135 7.998015268e-05 57002 
6.0395 0.01023603901 7.89671376e-05 56273 
6.0405 0.01032650685 7.934899631e-05 57249 
6.0415 0.01044717179 7.987395716e-05 57712 
6.0425 0.01037016568 7.978585233e-05 57328 
6.0435 0.01037179363 7.952869886e-05 57143 
6.0445 0.0106155308 8.065994063e-05 57544 
6.0455 0.01057603815 8.054167407e-05 58206 
6.0465 0.01044712395 7.999990309e-05 57208 
6.0475 0.0104961119 8.025840253e-05 57620 
6.0485 0.01039856517 7.988963182e-05 57129 
6.0495 0.01018574934 7.880395794e-05 56902 
6.0505 0.01040931215 7.998563214e-05 57716 
6.0515 0.01045071529 7.996342613e-05 57696 
6.0525 0.01032726396 7.959881674e-05 56488 
6.0535 0.01050568116 8.031580435e-05 57605 
6.0545 0.0104083324 8.008852959e-05 56690 
6.0555 0.010262887 7.944944558e-05 56293 
6.0565 0.01043014129 7.985291562e-05 57474 
6.0575 0.0106752185 8.096082187e-05 58177 
6.0585 0.01047936976 8.025215361e-05 57193 
6.0595 0.01049058294 8.01559192e-05 58141 
6.0605 0.01041814619 7.99466269e-05 57110 
6.0615 0.01074481013 8.145743839e-05 58025 
6.0625 0.01060677758 8.074634434e-05 57897 
6.0635 0.01057740538 8.089147276e-05 56877 
6.0645 0.01026059344 7.943559795e-05 56312 
6.0655 0.01056173684 8.068380622e-05 57837 
6.0665 0.01066861607 8.121431797e-05 57695 
6.0675 0.01060560484 8.112435656e-05 57380 
6.0685 0.01058887081 8.081638642e-05 58113 
6.0695 0.01074338862 8.148813985e-05 58365 
6.0705 0.0105765522 8.072657919e-05 57796 
6.0715 0.01021568278 7.91749619e-05 56431 
6.0725 0.01033846874 7.978079235e-05 56567 
6.0735 0.01048559658 8.049096501e-05 57475 
6.0745 0.01058704284 8.094306975e-05 57807 
6.0755 0.01051564947 8.061128825e-05 57121 
6.0765 0.01039449863 8.002983846e-05 56982 
6.0775 0.01044006084 8.026222084e-05 57029 
6.0785 0.0108344831 8.177972081e-05 58869 
6.0795 0.01061740312 8.087189677e-05 57957 
6.0805 0.0105246944 8.064929041e-05 57253 
6.0815 0.01074737477 8.158678034e-05 58233 
6.0825 0.01064364387 8.1239168e-05 57398 
6.0835 0.01052374307 8.064856373e-05 58035 
6.0845 0.01050950922 8.061918037e-05 57182 
6.0855 0.01045235623 8.052184983e-05 57060 
6.0865 0.01039320938 8.016780107e-05 56932 
6.0875 0.01056066776 8.082852181e-05 57631 
6.0885 0.01045398528 8.042313729e-05 57370 
6.0895 0.01035913934 7.988174872e-05 57324 
6.0905 0.01051041798 8.08277928e-05 56840 
6.0915 0.01049475241 8.088262105e-05 56645 
6.0925 0.01059141986 8.108138131e-05 57478 
6.0935 0.01090845556 8.247728024e-05 58298 
6.0945 0.01047343303 8.088147429e-05 56461 
6.0955 0.01050209087 8.059877103e-05 57453 
6.0965 0.01073909321 8.170313827e-05 58197 
6.0975 0.01058666799 8.112889489e-05 57036 
6.0985 0.01047077423 8.050391761e-05 57246 
6.0995 0.01033912093 7.99595942e-05 56486 
6.1005 0.01069215777 8.172213557e-05 57413 
6.1015 0.01035360734 8.006569242e-05 56561 
6.1025 0.01057926125 8.118085617e-05 57125 
6.1035 0.01068823407 8.161277434e-05 57685 
6.1045 0.01067700798 8.16231039e-05 57513 
6.1055 0.0106167984 8.133684194e-05 57818 
6.1065 0.01074511054 8.18647439e-05 57773 
6.1075 0.0107223806 8.190512708e-05 57541 
6.1085 0.01071036152 8.168712571e-05 57677 
6.1095 0.01059359645 8.153559041e-05 56271 
6.1105 0.01052701365 8.136775824e-05 56303 
6.1115 0.01071015331 8.203225788e-05 57652 
6.1125 0.01081750744 8.221436024e-05 58519 
6.1135 0.0106266849 8.159151739e-05 57401 
6.1145 0.01057111452 8.155060456e-05 56336 
6.1155 0.01090223344 8.255683019e-05 58103 
6.1165 0.01057216422 8.14014003e-05 56865 
6.1175 0.01092414866 8.264784738e-05 58742 
6.1185 0.01040462166 8.088907859e-05 55399 
6.1195 0.01074908429 8.223615019e-05 57652 
6.1205 0.01047942078 8.081397561e-05 56287 
6.1215 0.01065650596 8.193424331e-05 57175 
6.1225 0.01043233898 8.099756378e-05 56156 
6.1235 0.01095740157 8.310956748e-05 58109 
6.1245 0.01063187905 8.169579307e-05 57125 
6.1255 0.01066325793 8.177593869e-05 57200 
6.1265 0.0107799699 8.238596857e-05 57363 
6.1275 0.01064607823 8.198514339e-05 56714 
6.1285 0.01076831106 8.241946285e-05 57204 
6.1295 0.01071121639 8.215135996e-05 56950 
6.1305 0.01077083305 8.246371687e-05 57241 
6.1315 0.01086593815 8.269779644e-05 58277 
6.1325 0.01079094374 8.26385843e-05 56872 
6.1335 0.01053299247 8.139639837e-05 56257 
6.1345 0.01064757963 8.205466287e-05 56777 
6.1355 0.01070529888 8.214930487e-05 57182 
6.1365 0.01104193268 8.335437838e-05 58592 
6.1375 0.01051699106 8.138680901e-05 56370 
6.1385 0.01081793714 8.280520244e-05 57308 
6.1395 0.01051107657 8.111587106e-05 56610 
6.1405 0.01092750673 8.288669065e-05 58674 
6.1415 0.01083600514 8.301930599e-05 57145 
6.1425 0.01079720608 8.249160717e-05 57835 
6.1435 0.01083138961 8.268851324e-05 57951 
6.1445 0.01070286457 8.221586815e-05 56679 
6.1455 0.01079783234 8.261264873e-05 57828 
6.1465 0.01087297934 8.306149169e-05 57260 
6.1475 0.01082135054 8.268579738e-05 57722 
6.1485 0.01090138645 8.295485676e-05 57865 
6.1495 0.01056720335 8.179053653e-05 56191 
6.1505 0.01068800548 8.237907444e-05 56929 
6.1515 0.01080291221 8.264144794e-05 57390 
6.1525 0.01071435036 8.225940853e-05 57098 
6.1535 0.01070686098 8.238485555e-05 56608 
6.1545 0.01074536141 8.259850464e-05 56963 
6.1555 0.01077100387 8.25961784e-05 57263 
6.1565 0.01085126287 8.27654523e-05 57521 
6.1575 0.01093791752 8.35021505e-05 57675 
6.1585 0.01086881692 8.277820724e-05 57928 
6.1595 0.01070577585 8.251287003e-05 56728 
6.1605 0.01086591609 8.323227377e-05 57173 
6.1615 0.01089324204 8.337494753e-05 57644 
6.1625 0.01093447416 8.325723501e-05 57556 
6.1635 0.010666774 8.247763343e-05 56299 
6.1645 0.01079479847 8.259217727e-05 57260 
6.1655 0.01080852236 8.273750563e-05 57508 
6.1665 0.01075594901 8.274856129e-05 56633 
6.1675 0.0110389843 8.408201749e-05 57591 
6.1685 0.01087943287 8.330929348e-05 57263 
6.1695 0.01093279593 8.348007484e-05 57826 
6.1705 0.01102982934 8.394814233e-05 57781 
6.1715 0.01099303475 8.364026694e-05 57895 
6.1725 0.01067157759 8.236771926e-05 56795 
6.1735 0.01100986242 8.383604553e-05 58141 
6.1745 0.0106046137 8.210435318e-05 56008 
6.1755 0.01091891059 8.354430417e-05 57618 
6.1765 0.01097971519 8.393812296e-05 57528 
6.1775 0.0109286597 8.354020381e-05 57518 
6.1785 0.01091890303 8.370510815e-05 56758 
6.1795 0.01086540759 8.355293228e-05 56658 
6.1805 0.01098195901 8.406433511e-05 57205 
6.1815 0.01115679387 8.444285325e-05 58924 
6.1825 0.01098874692 8.380822174e-05 57957 
6.1835 0.01085930714 8.330394101e-05 56767 
6.1845 0.01080028419 8.314312277e-05 56744 
6.1855 0.01099486061 8.376059429e-05 58437 
6.1865 0.01076353675 8.291941021e-05 56704 
6.1875 0.01098583856 8.398279208e-05 57269 
6.1885 0.01078066277 8.314415645e-05 56581 
6.1895 0.01072432379 8.277660306e-05 56635 
6.1905 0.01059591974 8.215362561e-05 56249 
6.1915 0.01108184202 8.443137154e-05 57698 
6.1925 0.01076519238 8.305939642e-05 56270 
6.1935 0.01088474127 8.363545854e-05 57005 
6.1945 0.01088824158 8.361467215e-05 57091 
6.1955 0.01086283208 8.326968272e-05 57610 
6.1965 0.01101665809 8.393661952e-05 57914 
6.1975 0.01127526209 8.534769371e-05 58272 
6.1985 0.01099239559 8.411534764e-05 57496 
6.1995 0.01104657376 8.437366211e-05 57402 
6.2005 0.01083341523 8.335544334e-05 56822 
6.2015 0.01106843603 8.430688424e-05 58024 
6.2025 0.01115344388 8.490334396e-05 57813 
6.2035 0.01109831889 8.438663906e-05 58156 
6.2045 0.01089921255 8.367189793e-05 57316 
6.2055 0.01101941313 8.426702237e-05 57646 
6.2065 0.01090783795 8.351446113e-05 57362 
6.2075 0.01084261487 8.360458467e-05 56854 
6.2085 0.01107034595 8.445371494e-05 58419 
6.2095 0.01095515246 8.41266905e-05 56827 
6.2105 0.01117023852 8.495677986e-05 58273 
6.2115 0.01112437621 8.508557153e-05 57319 
6.2125 0.0111348524 8.46379251e-05 58066 
6.2135 0.01115826148 8.497859309e-05 58035 
6.2145 0.01125086731 8.53156449e-05 58107 
6.2155 0.01128588461 8.547839358e-05 58178 
6.2165 0.01103255353 8.444124703e-05 57447 
6.2175 0.01120469543 8.53278377e-05 57783 
6.2185 0.01104675248 8.455235253e-05 57501 
6.2195 0.01103804507 8.450976783e-05 57401 
6.2205 0.01107137915 8.482720697e-05 57436 
6.2215 0.01118068201 8.494611356e-05 58259 
6.2225 0.0109669331 8.417672762e-05 57104 
6.2235 0.01101436667 8.452821048e-05 56988 
6.2245 0.01133276443 8.579423616e-05 58633 
6.2255 0.01126856707 8.541840837e-05 58269 
6.2265 0.01105729782 8.476112099e-05 57090 
6.2275 0.01104635012 8.451979999e-05 57521 
6.2285 0.01101576105 8.453789962e-05 57146 
6.2295 0.01077155453 8.352466561e-05 55865 
6.2305 0.01079495661 8.384121142e-05 56311 
6.2315 0.01096766856 8.433098268e-05 57389 
6.2325 0.01105019373 8.493044075e-05 56398 
6.2335 0.01114141402 8.52188152e-05 57282 
6.2345 0.01096603347 8.442255635e-05 57143 
6.2355 0.01132372166 8.599170317e-05 58061 
6.2365 0.01124542975 8.533367658e-05 58247 
6.2375 0.01114954504 8.526133486e-05 57376 
6.2385 0.01135563766 8.618560478e-05 58237 
6.2395 0.01086717025 8.426256251e-05 56341 
6.2405 0.0111697734 8.516127963e-05 57944 
6.2415 0.01110484741 8.507688281e-05 57244 
6.2425 0.01138660074 8.635403429e-05 58695 
6.2435 0.01106238458 8.506332109e-05 57099 
6.2445 0.01107161462 8.506908512e-05 56983 
6.2455 0.01109874759 8.488678709e-05 57317 
6.2465 0.01107636695 8.504931053e-05 56785 
6.2475 0.01079678585 8.388644048e-05 55987 
6.2485 0.01131228188 8.604398307e-05 58266 
6.2495 0.01087789409 8.417960624e-05 56399 
6.2505 0.01089787486 8.418135069e-05 56838 
6.2515 0.01137738648 8.625733231e-05 58275 
6.2525 0.01148948657 8.695256781e-05 58787 
6.2535 0.01092245754 8.423581263e-05 57045 
6.2545 0.01095584125 8.445982499e-05 56370 
6.2555 0.01121353923 8.587213691e-05 57103 
6.2565 0.01114245059 8.539515803e-05 57245 
6.2575 0.01131265944 8.592136812e-05 58256 
6.2585 0.01145314036 8.672461004e-05 58236 
6.2595 0.01101187066 8.519421349e-05 56019 
6.2605 0.01122444678 8.568803423e-05 57756 
6.2615 0.01137769783 8.664225638e-05 57953 
6.2625 0.01102187855 8.525859424e-05 55865 
6.2635 0.01126027519 8.585744216e-05 57473 
6.2645 0.01107627433 8.536483716e-05 56785 
6.2655 0.01126919364 8.617328233e-05 57017 
6.2665 0.0111477511 8.563436703e-05 56973 
6.2675 0.01116251064 8.551162808e-05 57176 
6.2685 0.01141731345 8.671798629e-05 57937 
6.2695 0.01118873047 8.562092448e-05 57275 
6.2705 0.01100538537 8.500837194e-05 56477 
6.2715 0.01108226744 8.53127108e-05 57115 
6.2725 0.01111913113 8.547154815e-05 56795 
6.2735 0.01113651914 8.550663495e-05 57272 
6.2745 0.01123703805 8.613943186e-05 57556 
6.2755 0.01116664948 8.52155087e-05 58096 
6.2765 0.01140389805 8.687915825e-05 57541 
6.2775 0.01120440924 8.584910976e-05 57536 
6.2785 0.01116385556 8.579182437e-05 57401 
6.2795 0.01138650532 8.661980177e-05 57801 
6.2805 0.01094327951 8.497841725e-05 56233 
6.2815 0.01117230253 8.575366809e-05 56783 
6.2825 0.01138724814 8.695280366e-05 57536 
6.2835 0.01129511287 8.624176368e-05 57778 
6.2845 0.01126581787 8.60210016e-05 58025 
6.2855 0.01120364821 8.604819415e-05 57121 
6.2865 0.01121959566 8.591233649e-05 56967 
6.2875 0.01132961976 8.66520078e-05 57427 
6.2885 0.01146038764 8.719881851e-05 57953 
6.2895 0.01104091124 8.552807323e-05 56875 
6.2905 0.01105308827 8.53507234e-05 56835 
6.2915 0.01146588199 8.715946711e-05 58187 
6.2925 0.01121712694 8.62574013e-05 57266 
6.2935 0.011389852 8.694827621e-05 57302 
6.2945 0.01135718649 8.669887941e-05 57362 
6.2955 0.01111415692 8.599132657e-05 55857 
6.2965 0.01145172029 8.705154663e-05 58464 
6.2975 0.01130140142 8.652121422e-05 57592 
6.2985 0.01138819495 8.691512382e-05 57617 
6.2995 0.01108838039 8.556265071e-05 56907 
6.3005 0.01125932076 8.624834512e-05 57745 
6.3015 0.01150960595 8.738625366e-05 58012 
6.3025 0.01114836055 8.566539754e-05 57137 
6.3035 0.01140696 8.72027553e-05 57455 
6.3045 0.01124838707 8.638982112e-05 57094 
6.3055 0.01156052372 8.785775321e-05 57769 
6.3065 0.01125404681 8.641044912e-05 56911 
6.3075 0.01114898661 8.604239294e-05 56330 
6.3085 0.01105399053 8.559091857e-05 56197 
6.3095 0.01140541737 8.702723111e-05 57704 
6.3105 0.011286914 8.671180557e-05 57194 
6.3115 0.01134028282 8.684310601e-05 57230 
6.3125 0.01128227953 8.69458105e-05 56731 
6.3135 0.01122117545 8.643433684e-05 56921 
6.3145 0.01119430056 8.631055169e-05 56637 
6.3155 0.01136923379 8.699770966e-05 56879 
6.3165 0.01146008766 8.736074925e-05 58125 
6.3175 0.01124039251 8.667653379e-05 56780 
6.3185 0.01111391088 8.610212312e-05 56601 
6.3195 0.01119822564 8.648181018e-05 55980 
6.3205 0.01143305278 8.72832047e-05 57679 
6.3215 0.01131978828 8.650245126e-05 57846 
6.3225 0.01137402008 8.694121532e-05 57951 
6.3235 0.01145031686 8.74758096e-05 57649 
6.3245 0.01131932667 8.702206155e-05 57002 
6.3255 0.01136769812 8.73932442e-05 57053 
6.3265 0.01138576054 8.707052093e-05 57296 
6.3275 0.01159811429 8.83003267e-05 57927 
6.3285 0.01176985968 8.885966829e-05 58703 
6.3295 0.01125248443 8.687073824e-05 56498 
6.3305 0.0115213053 8.791424325e-05 57528 
6.3315 0.01149579425 8.790360872e-05 56888 
6.3325 0.01158211616 8.810695842e-05 57760 
6.3335 0.01117955391 8.639253387e-05 55990 
6.3345 0.01147897069 8.766787251e-05 57974 
6.3355 0.0115702677 8.818103541e-05 58102 
6.3365 0.01146435165 8.764440069e-05 57372 
6.3375 0.0112088912 8.677816699e-05 56158 
6.3385 0.01134254195 8.731398081e-05 56283 
6.3395 0.01122474059 8.648708913e-05 56955 
6.3405 0.01164119917 8.870769748e-05 57738 
6.3415 0.01144148522 8.791186252e-05 56775 
6.3425 0.01145431997 8.760026308e-05 57398 
6.3435 0.0112699305 8.710300542e-05 55901 
6.3445 0.01146023835 8.775762619e-05 57229 
6.3455 0.01151004173 8.789952353e-05 57559 
6.3465 0.01153381934 8.816747437e-05 57572 
6.3475 0.01159826056 8.858600418e-05 57510 
6.3485 0.01161472423 8.852570233e-05 57583 
6.3495 0.01149782484 8.801769614e-05 57527 
6.3505 0.01147092593 8.779828134e-05 57533 
6.3515 0.01151695652 8.813676758e-05 57111 
6.3525 0.01126438475 8.717071729e-05 56435 
6.3535 0.01153623815 8.828161152e-05 57245 
6.3545 0.01155408169 8.828030047e-05 57109 
6.3555 0.01135645907 8.756485566e-05 56993 
6.3565 0.01145241037 8.791346386e-05 56773 
6.3575 0.01154636988 8.828954536e-05 57384 
6.3585 0.01153786566 8.819774223e-05 57117 
6.3595 0.01170943253 8.882897206e-05 58441 
6.3605 0.01120906971 8.672622109e-05 56639 
6.3615 0.01146423094 8.813962184e-05 56844 
6.3625 0.01141518424 8.756255527e-05 57104 
6.3635 0.01162862879 8.877545151e-05 57612 
6.3645 0.0114709298 8.797189858e-05 57330 
6.3655 0.01165241329 8.888234949e-05 57562 
6.3665 0.01143871374 8.794663717e-05 57054 
6.3675 0.01131371409 8.742603521e-05 56300 
6.3685 0.01165733066 8.904121348e-05 56920 
6.3695 0.01163732052 8.871975527e-05 57630 
6.3705 0.01159619589 8.846501718e-05 57451 
6.3715 0.01184043944 8.972920068e-05 58228 
6.3725 0.0115167474 8.842330697e-05 57007 
6.3735 0.01159438636 8.873566709e-05 57305 
6.3745 0.01145411871 8.796705291e-05 57098 
6.3755 0.01141407382 8.80519041e-05 56437 
6.3765 0.01152246865 8.854078834e-05 56801 
6.3775 0.01149291295 8.815510056e-05 57191 
6.3785 0.01137257619 8.775296519e-05 56697 
6.3795 0.01154319 8.871930139e-05 56888 
6.3805 0.01146328822 8.799774995e-05 57216 
6.3815 0.01132802992 8.780441788e-05 56187 
6.3825 0.01201216936 9.051578754e-05 58776 
6.3835 0.01159570191 8.880883161e-05 57425 
6.3845 0.01149282863 8.844682168e-05 56357 
6.3855 0.01146133039 8.841113267e-05 56704 
6.3865 0.01164293207 8.922400646e-05 57505 
6.3875 0.01140683739 8.803687292e-05 56167 
6.3885 0.01160964543 8.930601741e-05 57063 
6.3895 0.01145972198 8.82014608e-05 56788 
6.3905 0.01179909694 8.986084771e-05 57444 
6.3915 0.01146309616 8.853131838e-05 56729 
6.3925 0.01160826333 8.906906264e-05 56802 
6.3935 0.0115802978 8.899424835e-05 56959 
6.3945 0.01155006446 8.878728655e-05 56965 
6.3955 0.01172836789 8.945113786e-05 57961 
6.3965 0.01185618615 8.987018901e-05 58880 
6.3975 0.01177947294 8.995102044e-05 57398 
6.3985 0.0116162656 8.913676923e-05 57159 
6.3995 0.01150186449 8.88385956e-05 57010 
6.4005 0.01187177926 9.003091042e-05 58111 
6.4015 0.01161369066 8.927772429e-05 56858 
6.4025 0.01179364262 9.006985233e-05 57088 
6.4035 0.01173303068 8.966605474e-05 57469 
6.4045 0.01159283836 8.907652667e-05 56891 
6.4055 0.01143996312 8.837891568e-05 56388 
6.4065 0.01173623188 8.959210605e-05 57512 
6.4075 0.01159804306 8.943484365e-05 56170 
6.4085 0.01163313471 8.938233168e-05 56924 
6.4095 0.01139551738 8.831216506e-05 56527 
6.4105 0.01186586459 9.029251734e-05 57969 
6.4115 0.01173037489 8.970526605e-05 57397 
6.4125 0.01149940379 8.890982083e-05 56084 
6.4135 0.01170941124 8.980759836e-05 57142 
6.4145 0.01168281845 8.943344782e-05 57215 
6.4155 0.01163082481 8.937815773e-05 57571 
6.4165 0.01179674858 9.027312901e-05 57407 
6.4175 0.01155222978 8.908904204e-05 56821 
6.4185 0.01167524063 8.935688928e-05 57353 
6.4195 0.01169771845 8.968161577e-05 56864 
6.4205 0.01185862913 9.037667491e-05 57832 
6.4215 0.01166321882 8.962331696e-05 56780 
6.4225 0.01147620797 8.883402608e-05 56537 
6.4235 0.01177627371 8.995214378e-05 57474 
6.4245 0.0116459183 8.942990104e-05 56766 
6.4255 0.01153611182 8.9022214e-05 56396 
6.4265 0.01156408192 8.895293053e-05 57374 
6.4275 0.0118478677 9.032883399e-05 57394 
6.4285 0.01178825155 9.018670379e-05 57559 
6.4295 0.01167142252 8.980026465e-05 57105 
6.4305 0.01190298279 9.050038562e-05 57450 
6.4315 0.01163128068 8.954389852e-05 56954 
6.4325 0.01183035238 9.036358515e-05 57437 
6.4335 0.01190077966 9.063237606e-05 57957 
6.4345 0.01185231712 9.066809167e-05 57790 
6.4355 0.01164314764 8.976249456e-05 56319 
6.4365 0.01158668269 8.951581266e-05 56698 
6.4375 0.01172273263 8.995072818e-05 57116 
6.4385 0.01168998618 8.97781267e-05 56782 
6.4395 0.01173223965 9.017217203e-05 56745 
6.4405 0.01158307734 8.930458678e-05 56349 
6.4415 0.01196133393 9.104989287e-05 57725 
6.4425 0.01181545262 9.040794408e-05 57697 
6.4435 0.01167309032 8.982304662e-05 56802 
6.4445 0.01175593403 9.024209273e-05 57024 
6.4455 0.01179094468 9.027262163e-05 57294 
6.4465 0.01189961087 9.079420802e-05 58049 
6.4475 0.01179560173 9.044434518e-05 57032 
6.4485 0.01193331933 9.10025389e-05 57139 
6.4495 0.01217262076 9.205960042e-05 58436 
6.4505 0.01193606463 9.107220696e-05 57389 
6.4515 0.01179418746 9.057953627e-05 56814 
6.4525 0.01195378321 9.131462221e-05 57167 
6.4535 0.01170509026 9.012846638e-05 56629 
6.4545 0.01186939359 9.075133198e-05 57129 
6.4555 0.01214175336 9.201760821e-05 58235 
6.4565 0.01200998581 9.159046332e-05 57437 
6.4575 0.01177001767 9.043361684e-05 57181 
6.4585 0.01188445044 9.119141425e-05 56931 
6.4595 0.01171507978 9.012644501e-05 56759 
6.4605 0.0117594065 9.031194666e-05 56923 
6.4615 0.01190676774 9.108814941e-05 57407 
6.4625 0.0118988294 9.090962246e-05 57715 
6.4635 0.01184065264 9.105939146e-05 56413 
6.4645 0.01186928486 9.127133814e-05 56452 
6.4655 0.01186732318 9.103355609e-05 57217 
6.4665 0.01196128781 9.126736684e-05 57882 
6.4675 0.01176776959 9.084922197e-05 56826 
6.4685 0.01212188074 9.207997912e-05 57946 
6.4695 0.01186294035 9.090826009e-05 56660 
6.4705 0.01208016164 9.186905737e-05 57452 
6.4715 0.01172918688 9.038660235e-05 56942 
6.4725 0.01181944265 9.096056983e-05 56909 
6.4735 0.01198782093 9.163347114e-05 57508 
6.4745 0.01193009813 9.124418425e-05 57173 
6.4755 0.01212611119 9.204879388e-05 57623 
6.4765 0.01195083614 9.162659787e-05 56633 
6.4775 0.01181958509 9.053977046e-05 57319 
6.4785 0.01191415096 9.130057867e-05 57229 
6.4795 0.01193962318 9.16173393e-05 57047 
6.4805 0.01197183195 9.162181081e-05 57408 
6.4815 0.0120385173 9.212139321e-05 56563 
6.4825 0.01184790242 9.108948284e-05 56637 
6.4835 0.01206044489 9.181057296e-05 57878 
6.4845 0.01180705187 9.108011887e-05 56045 
6.4855 0.01201031891 9.181942258e-05 57637 
6.4865 0.01190180792 9.136292558e-05 56859 
6.4875 0.01177651586 9.096414469e-05 56579 
6.4885 0.01198909477 9.192984043e-05 56918 
6.4895 0.01205282108 9.197729133e-05 57384 
6.4905 0.0115147883 8.987462279e-05 55352 
6.4915 0.01171699619 9.054905065e-05 56051 
6.4925 0.01208558616 9.223642562e-05 57553 
6.4935 0.01177419607 9.092207373e-05 56461 
6.4945 0.0119764784 9.168253603e-05 57296 
6.4955 0.01192901971 9.145416729e-05 56980 
6.4965 0.01188525232 9.149055396e-05 56927 
6.4975 0.01223258659 9.290463724e-05 58097 
6.4985 0.01218268289 9.276317017e-05 57506 
6.4995 0.01175362619 9.096790774e-05 56453 
