# Format: McCode with text headers
# URL: http://www.mccode.org
# Creator:  3.5.2, git
# Instrument: templateSANS2.instr
# Ncount: 833333
# Trace: no
# Gravitation: no
# Seed: 1728480819622037
# Directory: R_scan/6
# Nodes: 12
# Param: lambda=6
# Param: dlambda=0.6
# Param: r=350
# Param: PHI=0.001
# Param: Delta_Rho=6e+10
# Param: frac_dir=0.03
# Param: frac_inc=0.01
# Param: slit1=0.02
# Param: slit2=0.02
# Param: LC=3
# Param: LD=3
# Date: Wed Oct  9 15:33:42 2024 (1728480822)
# type: array_1d(1000)
# Source: templateSANS2 (templateSANS2.instr)
# component: Ldetector
# position: 0 0 6.2
# title: Wavelength monitor
# Ncount: 9999996
# filename: Edet.dat
# statistics: X0=6.02749; dX=0.287665;
# signal: Min=0.018643; Max=0.0275586; Mean=0.0228498;
# values: 22.8498 0.0057228 5.52205e+07
# xvar: L
# yvar: (I,I_err)
# xlabel: Wavelength [AA]
# ylabel: Intensity
# xlimits: 5.5 6.5
# variables: L I I_err N
5.5005 0.01960629023 0.0001534762581 56911 
5.5015 0.01924415772 0.0001521108203 55498 
5.5025 0.01982828294 0.0001551535646 56139 
5.5035 0.01930712725 0.0001521527312 55935 
5.5045 0.01938740802 0.0001527256104 56144 
5.5055 0.01952947367 0.0001537019599 55908 
5.5065 0.018642999 0.0001499063971 53922 
5.5075 0.01895548387 0.0001510075325 54452 
5.5085 0.01933153228 0.0001533392016 54775 
5.5095 0.01947057562 0.0001534716674 55819 
5.5105 0.01905545842 0.0001515428238 54813 
5.5115 0.01928555845 0.0001524042957 55790 
5.5125 0.01915539548 0.000152106924 54536 
5.5135 0.01899590127 0.0001517035746 54159 
5.5145 0.01903555136 0.0001515577886 54745 
5.5155 0.01922291706 0.0001522524397 55027 
5.5165 0.01941284374 0.0001535686017 54895 
5.5175 0.01968818426 0.0001545338727 55584 
5.5185 0.0192789426 0.0001526586003 55312 
5.5195 0.01867864287 0.000150227244 53937 
5.5205 0.01905717581 0.0001518982576 54439 
5.5215 0.01961354376 0.0001543183559 56065 
5.5225 0.01972162957 0.0001550737342 55871 
5.5235 0.01933741852 0.0001529105986 55614 
5.5245 0.0192051302 0.000153069073 54347 
5.5255 0.01965334045 0.0001545711743 55601 
5.5265 0.01938064108 0.0001534680661 55401 
5.5275 0.01929616196 0.0001528812944 55646 
5.5285 0.019328289 0.0001535912414 55294 
5.5295 0.01890095791 0.0001513336765 54259 
5.5305 0.01902675922 0.0001521897477 54173 
5.5315 0.01976465983 0.0001547733396 56309 
5.5325 0.01914629452 0.0001528620328 54430 
5.5335 0.01954009188 0.0001546476277 54993 
5.5345 0.01956546793 0.0001540005321 56014 
5.5355 0.01940907951 0.0001536516137 55253 
5.5365 0.01957717056 0.0001548131485 55163 
5.5375 0.01923238409 0.0001528997096 54961 
5.5385 0.0193537342 0.0001533905022 55168 
5.5395 0.0198267446 0.0001556871706 56284 
5.5405 0.01950902962 0.0001542740017 55333 
5.5415 0.01960117224 0.0001549205656 55645 
5.5425 0.01980987861 0.0001554055519 56081 
5.5435 0.01977556077 0.0001557317777 55725 
5.5445 0.01940173731 0.000154114588 55002 
5.5455 0.01970978005 0.0001549193795 55645 
5.5465 0.01946191998 0.0001540209568 55057 
5.5475 0.01936900023 0.0001539634787 54519 
5.5485 0.01939478843 0.0001541213166 54630 
5.5495 0.01929597455 0.0001532054244 55270 
5.5505 0.01974081052 0.0001560077587 55318 
5.5515 0.01963834443 0.0001551047421 55703 
5.5525 0.01954076195 0.00015465858 54908 
5.5535 0.02002103598 0.0001567914755 56072 
5.5545 0.01962979816 0.0001552711083 55476 
5.5555 0.01979932029 0.0001558037144 55780 
5.5565 0.01942691333 0.000154183149 55389 
5.5575 0.01901134191 0.000152201125 54157 
5.5585 0.01942483645 0.0001543357724 54994 
5.5595 0.02014850393 0.0001575860994 56743 
5.5605 0.01959972018 0.0001555090893 54755 
5.5615 0.01974781377 0.0001556221963 55120 
5.5625 0.01940697841 0.0001547170325 54171 
5.5635 0.01965856518 0.0001557824423 54798 
5.5645 0.01988709587 0.0001563795247 55658 
5.5655 0.01982885148 0.0001568195112 55009 
5.5665 0.01950716373 0.0001554069643 54425 
5.5675 0.01946914888 0.0001547610899 54568 
5.5685 0.01975834866 0.0001559718805 55210 
5.5695 0.02006629598 0.0001578794484 55393 
5.5705 0.01941053424 0.000154901409 54492 
5.5715 0.02005459104 0.0001575148815 55646 
5.5725 0.01970610626 0.0001559866664 55187 
5.5735 0.01995721483 0.0001574514199 55175 
5.5745 0.01934010528 0.0001544909186 54140 
5.5755 0.01970137566 0.0001561252396 54995 
5.5765 0.0201825022 0.0001584016606 56113 
5.5775 0.01954788422 0.0001551456937 55395 
5.5785 0.01986631419 0.0001571798543 54978 
5.5795 0.01978530003 0.0001566742968 55445 
5.5805 0.02006570414 0.0001576297455 55810 
5.5815 0.01969873856 0.0001559218009 54960 
5.5825 0.01971061236 0.0001561909364 54739 
5.5835 0.01986826398 0.000156769001 55691 
5.5845 0.01989407954 0.000157039766 55646 
5.5855 0.01965407162 0.0001560308486 54489 
5.5865 0.01994618462 0.0001572251746 55704 
5.5875 0.02001803521 0.0001579734704 55050 
5.5885 0.01943531979 0.0001553066422 54476 
5.5895 0.01927906343 0.000154277165 54025 
5.5905 0.0196520797 0.0001564417945 54653 
5.5915 0.02014672924 0.0001581679222 56292 
5.5925 0.01969210893 0.0001560806645 54908 
5.5935 0.01968131568 0.0001568288162 54098 
5.5945 0.01993693085 0.0001575875386 55623 
5.5955 0.02030773062 0.0001592183309 55668 
5.5965 0.02018601177 0.0001587301942 55845 
5.5975 0.01981072159 0.0001572172605 54774 
5.5985 0.01932653745 0.0001552547306 53545 
5.5995 0.02035588043 0.0001594063877 56124 
5.6005 0.0199572605 0.0001578203022 55136 
5.6015 0.02000127118 0.0001579605895 55220 
5.6025 0.02018575915 0.0001588586891 55658 
5.6035 0.02015040567 0.0001587474888 55221 
5.6045 0.02004204157 0.0001587899787 55223 
5.6055 0.02001948344 0.0001586698717 54679 
5.6065 0.01989892976 0.0001576851341 55111 
5.6075 0.02009393164 0.0001588837668 55022 
5.6085 0.0201696645 0.0001584149656 55877 
5.6095 0.01990640558 0.0001575225182 54952 
5.6105 0.01957250452 0.0001563035633 54583 
5.6115 0.02009994936 0.0001587189456 55187 
5.6125 0.0197929719 0.0001577931539 54783 
5.6135 0.01990960409 0.0001576650153 55498 
5.6145 0.01982767634 0.0001575341368 54604 
5.6155 0.02035015057 0.0001597210979 55906 
5.6165 0.02008335225 0.0001587435987 55707 
5.6175 0.02017287306 0.0001594878273 55270 
5.6185 0.01979061038 0.0001573637327 54826 
5.6195 0.02009942405 0.0001588455296 55403 
5.6205 0.02003460681 0.0001586150694 55134 
5.6215 0.02027936176 0.0001595003611 56153 
5.6225 0.01998279094 0.0001586836269 55055 
5.6235 0.02016826706 0.0001592632007 55300 
5.6245 0.01989587001 0.0001581622109 54504 
5.6255 0.019709237 0.0001572177522 54573 
5.6265 0.01981450923 0.0001578666325 54651 
5.6275 0.01979736466 0.0001578469079 54538 
5.6285 0.02042199146 0.0001604205847 55865 
5.6295 0.02026522263 0.0001599976068 55290 
5.6305 0.01986572318 0.0001583919588 54340 
5.6315 0.02018871997 0.0001595825788 55587 
5.6325 0.01980135794 0.0001581549196 54355 
5.6335 0.01993974655 0.0001587924918 54219 
5.6345 0.02032948576 0.0001603073412 55330 
5.6355 0.01933771757 0.0001557274351 53601 
5.6365 0.01984096864 0.0001576081269 54727 
5.6375 0.01975471324 0.0001578633677 53786 
5.6385 0.02009304453 0.0001592734717 55224 
5.6395 0.02030686367 0.0001603323558 55551 
5.6405 0.02022678586 0.0001600377294 55506 
5.6415 0.02015210934 0.000159673029 54911 
5.6425 0.01988373351 0.0001583562801 55104 
5.6435 0.02015406206 0.000159765577 54934 
5.6445 0.02057405991 0.0001617619756 55601 
5.6455 0.01963265199 0.0001585529306 53202 
5.6465 0.01955733394 0.0001573745827 53811 
5.6475 0.02009981894 0.0001594238567 54694 
5.6485 0.02036126614 0.0001606735102 55229 
5.6495 0.01957573036 0.0001574395044 53856 
5.6505 0.02046182939 0.000161324522 55614 
5.6515 0.02032472685 0.000161166203 55070 
5.6525 0.0204929057 0.0001619242026 55297 
5.6535 0.02051596818 0.0001617867048 54834 
5.6545 0.01965976821 0.0001580892278 53685 
5.6555 0.02029614751 0.0001606614325 55092 
5.6565 0.02054434885 0.0001620587388 55400 
5.6575 0.02007036315 0.0001597146385 54825 
5.6585 0.02035234682 0.0001614212998 54668 
5.6595 0.02013775191 0.0001601716605 54454 
5.6605 0.02051180017 0.000161844068 55158 
5.6615 0.02004640334 0.0001602464398 54268 
5.6625 0.02018861993 0.0001602609268 54644 
5.6635 0.02061164043 0.0001626502291 54961 
5.6645 0.02051959608 0.0001620256388 55337 
5.6655 0.02000986337 0.0001599929355 53911 
5.6665 0.02081434493 0.0001632546564 55594 
5.6675 0.02004432679 0.0001597810091 54328 
5.6685 0.02035226578 0.0001610873862 55436 
5.6695 0.02013980741 0.0001604078435 54850 
5.6705 0.02044651345 0.0001617301956 55364 
5.6715 0.02038018349 0.0001617682403 54632 
5.6725 0.02060833007 0.0001624854036 55593 
5.6735 0.02017418496 0.0001608994679 54095 
5.6745 0.02040813772 0.0001617639601 54818 
5.6755 0.02035150019 0.0001615968456 55393 
5.6765 0.02008989609 0.000159947429 54286 
5.6775 0.02070068846 0.0001625718071 55908 
5.6785 0.02067024335 0.0001630833096 55618 
5.6795 0.01995205658 0.0001597419918 54098 
5.6805 0.02040271082 0.0001615804481 55420 
5.6815 0.02045028109 0.0001620526388 54798 
5.6825 0.02072265349 0.0001634034313 55378 
5.6835 0.02069231183 0.0001630873997 55402 
5.6845 0.02067415288 0.0001628113994 55705 
5.6855 0.02047938781 0.0001618742758 55520 
5.6865 0.02032818175 0.0001613193594 55125 
5.6875 0.01975212068 0.0001590963268 53579 
5.6885 0.0204776621 0.0001622135699 54954 
5.6895 0.02092152601 0.00016437131 55032 
5.6905 0.02080116374 0.0001637781654 55743 
5.6915 0.0203999354 0.0001618891305 54795 
5.6925 0.02035904135 0.0001614534874 55035 
5.6935 0.02068746083 0.0001633697133 55408 
5.6945 0.02043373616 0.0001622210118 54719 
5.6955 0.01996607577 0.0001603893009 53732 
5.6965 0.02027630295 0.0001614821882 54422 
5.6975 0.02059347528 0.0001628742582 54991 
5.6985 0.02064679727 0.000163331164 54901 
5.6995 0.02059867541 0.0001631471613 54806 
5.7005 0.02025204647 0.0001616687334 54288 
5.7015 0.02076392103 0.0001639937834 55080 
5.7025 0.02083422844 0.0001644684998 55475 
5.7035 0.02070643095 0.0001638464606 54906 
5.7045 0.02015996937 0.0001618910917 54068 
5.7055 0.02050058378 0.0001629134734 54797 
5.7065 0.02073882054 0.0001638348464 55724 
5.7075 0.02096283315 0.0001648589844 55797 
5.7085 0.02024843401 0.0001622511392 53824 
5.7095 0.02047345395 0.0001625837191 54899 
5.7105 0.0202847607 0.0001620599479 54158 
5.7115 0.02098480996 0.0001655256137 55672 
5.7125 0.02084063973 0.0001643698624 55485 
5.7135 0.02089191899 0.000165024279 55195 
5.7145 0.02072669417 0.0001637057498 55502 
5.7155 0.02024807011 0.0001621978727 53824 
5.7165 0.02073541793 0.0001642317561 55187 
5.7175 0.02106487547 0.0001655320567 55423 
5.7185 0.02082800799 0.0001646366449 55342 
5.7195 0.02076387983 0.0001641806987 55110 
5.7205 0.02080964775 0.0001645734365 55104 
5.7215 0.02142234106 0.0001676651781 56311 
5.7225 0.02099735152 0.0001653681302 55415 
5.7235 0.02113341037 0.0001661891281 55967 
5.7245 0.02076103515 0.0001647266842 54629 
5.7255 0.02031324605 0.0001622646134 54354 
5.7265 0.0208507308 0.0001650446932 55156 
5.7275 0.02086648268 0.0001653407647 55185 
5.7285 0.02040514386 0.0001633773942 53912 
5.7295 0.02091716185 0.0001652365344 54971 
5.7305 0.02122826108 0.000166607341 56042 
5.7315 0.02185140677 0.0001694736527 56755 
5.7325 0.02137123591 0.0001672901709 56671 
5.7335 0.02094269946 0.0001655469584 55218 
5.7345 0.02050061943 0.0001638781305 54077 
5.7355 0.02112264199 0.0001667896431 55186 
5.7365 0.02074870664 0.0001646515899 55286 
5.7375 0.02093834994 0.0001664612171 54176 
5.7385 0.02145307293 0.0001677681224 55835 
5.7395 0.02101222609 0.0001657846116 55260 
5.7405 0.02097328578 0.000165743562 55241 
5.7415 0.02035086648 0.00016339364 53999 
5.7425 0.02067411974 0.0001646944045 54462 
5.7435 0.02068788035 0.000164483354 54608 
5.7445 0.02027919935 0.0001634529162 53739 
5.7455 0.02086873225 0.0001652403112 55104 
5.7465 0.02163049446 0.000168968715 56344 
5.7475 0.02091113647 0.0001659479953 54937 
5.7485 0.02060073183 0.0001644094269 54797 
5.7495 0.02132486298 0.0001675895461 55747 
5.7505 0.02093262498 0.0001662575277 54650 
5.7515 0.02086898281 0.000165798323 54805 
5.7525 0.02069780546 0.0001653572813 54096 
5.7535 0.02160960688 0.0001691422454 55742 
5.7545 0.02134404406 0.0001676659241 55812 
5.7555 0.02106293976 0.0001664553947 55384 
5.7565 0.02067310591 0.0001647434752 54763 
5.7575 0.02053378605 0.0001642326832 53778 
5.7585 0.02094839455 0.0001662446413 54875 
5.7595 0.02076317399 0.0001649103135 55115 
5.7605 0.02060731292 0.0001650043308 54033 
5.7615 0.02087246556 0.0001660511275 54736 
5.7625 0.02111108867 0.0001673397098 54912 
5.7635 0.02116681133 0.0001675277802 54826 
5.7645 0.02120957721 0.0001673065934 55407 
5.7655 0.02116642721 0.0001675830356 54864 
5.7665 0.0212846771 0.0001675805359 55468 
5.7675 0.02106100234 0.0001667686916 55346 
5.7685 0.02126873907 0.0001682842906 54620 
5.7695 0.0211672125 0.000167630103 55221 
5.7705 0.02100515278 0.0001665558001 54949 
5.7715 0.02083413664 0.0001655935849 54285 
5.7725 0.02132786541 0.0001680384542 55391 
5.7735 0.02141918483 0.000168907155 55292 
5.7745 0.02127856836 0.0001681394542 55282 
5.7755 0.02104170071 0.0001673434721 54804 
5.7765 0.02139064373 0.0001683058617 55719 
5.7775 0.02129549515 0.0001687380791 55113 
5.7785 0.02150759405 0.000169284825 55751 
5.7795 0.02152447834 0.0001693223386 55572 
5.7805 0.0213769823 0.000168389984 55369 
5.7815 0.02082538473 0.000166250986 54153 
5.7825 0.02131484584 0.0001681856332 55202 
5.7835 0.02087221655 0.000166779882 54032 
5.7845 0.02122498146 0.0001675099819 55685 
5.7855 0.02106983735 0.0001674590408 54743 
5.7865 0.02083106999 0.0001661928263 54722 
5.7875 0.02142656775 0.0001691878894 55615 
5.7885 0.02108966647 0.0001678762953 54106 
5.7895 0.02026755827 0.0001642044876 52976 
5.7905 0.02152864547 0.0001700173474 55198 
5.7915 0.02076223737 0.0001664448626 53661 
5.7925 0.0215833837 0.0001700996858 55477 
5.7935 0.02161758898 0.0001701412756 55556 
5.7945 0.02193425125 0.0001718235427 55956 
5.7955 0.02149301769 0.0001694261152 55799 
5.7965 0.0211402271 0.0001681985944 54404 
5.7975 0.02173684744 0.0001705238465 55733 
5.7985 0.02155735137 0.00016979563 55679 
5.7995 0.02124311314 0.0001686315821 55116 
5.8005 0.02120121499 0.0001683857896 54641 
5.8015 0.02143025168 0.0001692374167 55398 
5.8025 0.02188472153 0.0001712778862 55777 
5.8035 0.02120128407 0.0001684748454 54873 
5.8045 0.02131961429 0.0001692259628 55022 
5.8055 0.02151582666 0.0001697594398 55720 
5.8065 0.02174538882 0.0001711690081 55478 
5.8075 0.02152262442 0.0001696647835 55301 
5.8085 0.02152654454 0.0001700817119 55427 
5.8095 0.02113404689 0.0001681865024 54403 
5.8105 0.02138604934 0.0001694640947 54697 
5.8115 0.02188399972 0.0001713545275 55816 
5.8125 0.02184509194 0.0001713473321 55926 
5.8135 0.02098291105 0.0001675711665 53827 
5.8145 0.02086742575 0.0001671059695 54044 
5.8155 0.0214516272 0.0001695521652 55223 
5.8165 0.02164489878 0.0001703937779 55113 
5.8175 0.02160345294 0.0001708302567 55213 
5.8185 0.02177143855 0.0001708288796 56162 
5.8195 0.02208115725 0.0001724576824 56266 
5.8205 0.02199187484 0.0001715371243 56508 
5.8215 0.02169234549 0.000170551741 55707 
5.8225 0.02134870434 0.0001691413242 54920 
5.8235 0.02107269308 0.0001680735568 54468 
5.8245 0.02132618467 0.0001692870616 54585 
5.8255 0.02213449255 0.0001725021614 56584 
5.8265 0.02139071713 0.0001693452275 55423 
5.8275 0.02144569498 0.000169918021 54890 
5.8285 0.02170030122 0.0001706354536 56217 
5.8295 0.0215487217 0.0001696165601 56028 
5.8305 0.02110850629 0.0001678492759 54515 
5.8315 0.02133975883 0.0001693656237 54561 
5.8325 0.0214834896 0.0001695771188 55773 
5.8335 0.02184306662 0.0001711652788 55884 
5.8345 0.02122947673 0.0001682759532 54767 
5.8355 0.02170654692 0.0001704091339 56081 
5.8365 0.02127405054 0.000168949727 54976 
5.8375 0.02123766425 0.0001688736775 54712 
5.8385 0.02171185257 0.0001709342923 55443 
5.8395 0.02162640884 0.0001705824832 54982 
5.8405 0.0214844644 0.0001697800028 55078 
5.8415 0.02143148367 0.0001696815425 55293 
5.8425 0.02116076097 0.0001685873702 54703 
5.8435 0.02176142509 0.0001715935244 55384 
5.8445 0.0218835007 0.0001720166183 55882 
5.8455 0.02129029508 0.0001691182142 55011 
5.8465 0.02170302084 0.0001710024908 55190 
5.8475 0.02210119995 0.0001729051517 55728 
5.8485 0.02176573768 0.0001712520621 55296 
5.8495 0.02161988735 0.0001706313388 55341 
5.8505 0.02158385391 0.0001706537368 55046 
5.8515 0.02159035574 0.0001700977039 55449 
5.8525 0.02158151466 0.0001703219034 55500 
5.8535 0.02114696079 0.0001689271769 54035 
5.8545 0.0210399791 0.0001679157009 54234 
5.8555 0.02141362941 0.0001703569892 54426 
5.8565 0.02168631612 0.0001709959569 55655 
5.8575 0.02193622217 0.0001720459459 56004 
5.8585 0.02226855178 0.0001735973593 56603 
5.8595 0.02140199871 0.0001697090677 54855 
5.8605 0.02147269395 0.0001706057602 54561 
5.8615 0.02158503914 0.0001707090461 55218 
5.8625 0.02126329757 0.000169225233 54503 
5.8635 0.02190485776 0.0001723776959 55533 
5.8645 0.02197143187 0.0001727878899 56198 
5.8655 0.02258567256 0.0001749517586 57329 
5.8665 0.0218362463 0.0001719852551 55622 
5.8675 0.02141906706 0.000170470439 54171 
5.8685 0.02252931534 0.0001750891841 56480 
5.8695 0.02131914913 0.0001696252694 55165 
5.8705 0.02211339018 0.000173275935 55957 
5.8715 0.02177669776 0.0001722391082 55017 
5.8725 0.02164662366 0.0001711739001 55175 
5.8735 0.02165166029 0.0001716392954 54905 
5.8745 0.02194858021 0.0001726796008 55907 
5.8755 0.02170971582 0.0001716295676 55306 
5.8765 0.02126552515 0.0001701011884 53781 
5.8775 0.02187699988 0.0001726223037 54774 
5.8785 0.02161203601 0.0001713767996 54461 
5.8795 0.02184808194 0.0001721682552 55046 
5.8805 0.02189843025 0.0001725819083 55828 
5.8815 0.02163960714 0.0001716848751 54942 
5.8825 0.0215003379 0.0001716294856 54835 
5.8835 0.02191524292 0.0001732648926 55171 
5.8845 0.02215431373 0.000173953474 56410 
5.8855 0.02226529543 0.0001742924254 56128 
5.8865 0.02201944427 0.0001737799712 55444 
5.8875 0.02189280854 0.0001731165421 55299 
5.8885 0.02183683203 0.0001721980707 55733 
5.8895 0.02206088632 0.0001732006813 55802 
5.8905 0.02186993962 0.0001733303331 54578 
5.8915 0.02221024669 0.0001743069579 55935 
5.8925 0.02181911838 0.0001726332517 54859 
5.8935 0.02227243429 0.0001744301634 55535 
5.8945 0.02194655053 0.000173384144 54765 
5.8955 0.02204459081 0.0001734217613 55332 
5.8965 0.02218790022 0.0001738350995 56170 
5.8975 0.02215477397 0.0001743312408 55560 
5.8985 0.02171265874 0.0001725101194 54905 
5.8995 0.02210063939 0.0001737220803 55783 
5.9005 0.02223523403 0.0001747693864 55626 
5.9015 0.02194040687 0.0001735098217 54880 
5.9025 0.02216098071 0.0001744086414 55554 
5.9035 0.02169014076 0.0001726295698 54350 
5.9045 0.02206277793 0.0001740445738 55571 
5.9055 0.02221122646 0.0001749073704 55399 
5.9065 0.02217362939 0.000174133281 56085 
5.9075 0.02187596145 0.0001727432147 55695 
5.9085 0.02217283635 0.0001746921636 55202 
5.9095 0.02192158274 0.0001733234994 55442 
5.9105 0.02214560243 0.0001745232874 55184 
5.9115 0.02232290969 0.0001752075355 55421 
5.9125 0.02277092234 0.000177136099 56793 
5.9135 0.02221697672 0.0001748717754 55445 
5.9145 0.02238509418 0.0001759074511 55860 
5.9155 0.02248035953 0.0001761316059 55682 
5.9165 0.02167173103 0.0001725178714 54899 
5.9175 0.02264861776 0.0001770912358 56379 
5.9185 0.02279934087 0.0001770820451 57086 
5.9195 0.02191185555 0.0001737505087 55140 
5.9205 0.02168514124 0.0001725368396 54559 
5.9215 0.02192258032 0.0001734253042 54986 
5.9225 0.02192595968 0.0001738853719 55123 
5.9235 0.02188129759 0.0001737956156 54726 
5.9245 0.02250920405 0.000176031877 56375 
5.9255 0.0225235321 0.0001768252055 55750 
5.9265 0.02209799908 0.0001747400927 54699 
5.9275 0.02208232157 0.0001746927805 54749 
5.9285 0.02253705575 0.0001770397666 55674 
5.9295 0.02187344432 0.0001739281774 54560 
5.9305 0.0220313604 0.0001745029254 54770 
5.9315 0.02255981767 0.0001765970482 55853 
5.9325 0.02212999203 0.0001748338165 55483 
5.9335 0.02182770615 0.0001741835926 54144 
5.9345 0.0220376177 0.000174507899 55127 
5.9355 0.02224363863 0.0001752806996 55146 
5.9365 0.02169253996 0.0001729243525 54397 
5.9375 0.02209278823 0.0001748300226 55221 
5.9385 0.02198839582 0.0001752939323 53872 
5.9395 0.02191540789 0.0001741523955 54583 
5.9405 0.0226893707 0.0001775515558 55958 
5.9415 0.02241045641 0.0001762429787 55971 
5.9425 0.02255914887 0.0001770850195 55224 
5.9435 0.02228224634 0.0001761529475 55314 
5.9445 0.02290722298 0.000178392291 56262 
5.9455 0.0225647223 0.0001774386861 55226 
5.9465 0.02231210569 0.0001758188833 55218 
5.9475 0.02242762042 0.0001768287856 55227 
5.9485 0.02208877398 0.0001751411863 54857 
5.9495 0.02269268534 0.0001780837815 55713 
5.9505 0.02268530162 0.0001777050304 55833 
5.9515 0.02241539645 0.0001767679874 55270 
5.9525 0.02240761782 0.0001767673965 55436 
5.9535 0.02270593272 0.0001777748748 56316 
5.9545 0.02227736351 0.0001764586224 54572 
5.9555 0.02242148244 0.0001771039923 55367 
5.9565 0.02253465897 0.0001771782556 55486 
5.9575 0.02263039618 0.0001777364673 56007 
5.9585 0.02240611277 0.0001770580574 55083 
5.9595 0.02217350766 0.000175716887 54959 
5.9605 0.02237754786 0.0001769022151 55350 
5.9615 0.02257550029 0.0001776073928 55747 
5.9625 0.02200364557 0.0001754056221 54419 
5.9635 0.02254319933 0.0001773970887 55429 
5.9645 0.02262202754 0.0001779720603 55813 
5.9655 0.02251111085 0.0001771297943 55525 
5.9665 0.02263943379 0.0001783564198 55657 
5.9675 0.02272956849 0.0001783783551 55681 
5.9685 0.02260526784 0.0001778885059 55647 
5.9695 0.02294966509 0.000179083544 56283 
5.9705 0.02242082673 0.0001774143735 54940 
5.9715 0.02214124016 0.0001759336533 54858 
5.9725 0.0223145314 0.000176942269 54358 
5.9735 0.0228202919 0.0001790401631 55565 
5.9745 0.02196260178 0.0001750152042 54162 
5.9755 0.02287475576 0.0001789764986 55897 
5.9765 0.02279485883 0.0001787381831 55739 
5.9775 0.02276067356 0.0001795186465 55506 
5.9785 0.02282193794 0.0001794388604 55647 
5.9795 0.02266451774 0.0001785744038 55014 
5.9805 0.02240787757 0.0001770986169 55518 
5.9815 0.02273152043 0.0001790492812 55234 
5.9825 0.02296589815 0.0001802956789 55716 
5.9835 0.02276494712 0.0001790786583 55452 
5.9845 0.02245700043 0.0001775310288 54928 
5.9855 0.02265877566 0.0001787602916 55118 
5.9865 0.0224815208 0.0001775200607 55408 
5.9875 0.02282913153 0.000179813815 55113 
5.9885 0.02264396776 0.0001785994997 55035 
5.9895 0.02286092788 0.0001795675556 55635 
5.9905 0.0223808314 0.0001771797757 55587 
5.9915 0.02330827218 0.0001814680143 56693 
5.9925 0.02256288247 0.0001781438392 54990 
5.9935 0.022970688 0.0001797827068 56126 
5.9945 0.02286374534 0.0001796055167 55656 
5.9955 0.02278014724 0.0001796359283 55032 
5.9965 0.02263275157 0.0001789084246 54935 
5.9975 0.02220629405 0.0001770770532 54317 
5.9985 0.02274153436 0.0001794568736 55499 
5.9995 0.02297123608 0.0001803758376 55735 
6.0005 0.02269857144 0.0001796084815 54630 
6.0015 0.02250397064 0.000178638511 54241 
6.0025 0.0225875659 0.0001790926785 54918 
6.0035 0.0227866309 0.000179436008 55468 
6.0045 0.02325721185 0.0001819732144 56011 
6.0055 0.02313806285 0.000180850351 56284 
6.0065 0.02305859384 0.0001803268021 56307 
6.0075 0.02251765211 0.0001790349671 54283 
6.0085 0.02262470603 0.0001791108025 54674 
6.0095 0.02247261072 0.0001782796756 54443 
6.0105 0.02301582577 0.0001805734642 55481 
6.0115 0.02260123405 0.0001789958718 54801 
6.0125 0.02266593435 0.0001794512551 54964 
6.0135 0.02275316162 0.0001799335293 54956 
6.0145 0.02295819175 0.0001807203743 55076 
6.0155 0.02249647967 0.0001786326253 54258 
6.0165 0.02309195696 0.0001816498638 55557 
6.0175 0.02303890753 0.0001810440092 55717 
6.0185 0.0231034094 0.000181376289 55577 
6.0195 0.02250513233 0.000179192452 54519 
6.0205 0.0228031175 0.0001800889613 55535 
6.0215 0.02293258032 0.0001810793416 54698 
6.0225 0.02306892582 0.0001818748186 54270 
6.0235 0.02306932034 0.0001813307236 55816 
6.0245 0.0229538492 0.0001807610419 55533 
6.0255 0.0227997613 0.0001808209573 54056 
6.0265 0.02253807234 0.00017882376 54554 
6.0275 0.02282816866 0.0001799474035 55770 
6.0285 0.02336009321 0.0001828170404 55463 
6.0295 0.02310302965 0.0001819039418 55437 
6.0305 0.02310538847 0.0001819273479 54992 
6.0315 0.02335950649 0.0001833736627 55496 
6.0325 0.02292629041 0.0001811592039 54802 
6.0335 0.02339690868 0.0001829881379 56126 
6.0345 0.02291798408 0.0001809480114 54980 
6.0355 0.02261680639 0.0001795272305 54378 
6.0365 0.02333773927 0.0001830172143 55679 
6.0375 0.02295292638 0.0001817416739 55326 
6.0385 0.02316944816 0.0001823118036 55402 
6.0395 0.02304867197 0.0001811306467 55867 
6.0405 0.02322099474 0.0001826696412 55053 
6.0415 0.02333676342 0.0001830785238 55740 
6.0425 0.02308867599 0.0001821255598 55152 
6.0435 0.02349468324 0.0001833017011 55839 
6.0445 0.02356971741 0.0001843121559 55275 
6.0455 0.02305190652 0.0001817383125 55581 
6.0465 0.02329335448 0.0001831922671 55158 
6.0475 0.02257670981 0.000180199857 54686 
6.0485 0.02346210927 0.0001835439048 55497 
6.0495 0.02346682799 0.0001835454864 56378 
6.0505 0.02294017615 0.0001814943983 54821 
6.0515 0.0234467988 0.0001838341747 55664 
6.0525 0.02344952424 0.0001838128563 55763 
6.0535 0.02283354894 0.000181276274 54396 
6.0545 0.02323344074 0.000183168921 55285 
6.0555 0.02312909523 0.0001826433918 55050 
6.0565 0.02298868843 0.0001819102035 54514 
6.0575 0.02312043697 0.0001829535966 55201 
6.0585 0.02332339907 0.0001830550103 55872 
6.0595 0.02318587173 0.0001824076217 55620 
6.0605 0.02383903187 0.0001861548628 56020 
6.0615 0.02280313178 0.0001815589716 54474 
6.0625 0.02317612146 0.0001828353227 55069 
6.0635 0.02350719227 0.0001844310757 55525 
6.0645 0.02308372944 0.0001825490106 55095 
6.0655 0.02276815308 0.0001809273987 54976 
6.0665 0.02281834173 0.0001817756834 54060 
6.0675 0.02304224482 0.0001825316046 54870 
6.0685 0.02375250473 0.0001854773019 56299 
6.0695 0.02358085559 0.000185128357 54975 
6.0705 0.02359947367 0.0001847617621 56307 
6.0715 0.02335267928 0.0001841248106 55174 
6.0725 0.02296960618 0.0001820772894 54842 
6.0735 0.02360030412 0.0001850099734 55303 
6.0745 0.02336072428 0.0001842676627 54858 
6.0755 0.02342991999 0.0001843191344 55465 
6.0765 0.02312242032 0.0001829216585 54622 
6.0775 0.02337078181 0.0001841667398 55376 
6.0785 0.02337644321 0.0001841369879 55510 
6.0795 0.02351594892 0.0001847564167 55493 
6.0805 0.02308902336 0.0001832185108 54393 
6.0815 0.02304086943 0.0001832738724 54452 
6.0825 0.02336977673 0.0001836551732 55593 
6.0835 0.0235794953 0.0001854565888 55296 
6.0845 0.023283538 0.0001837914877 55356 
6.0855 0.02355260283 0.0001852217315 55110 
6.0865 0.02372691913 0.0001860846139 55827 
6.0875 0.02301456994 0.0001826999025 54393 
6.0885 0.02336837155 0.0001849105092 55279 
6.0895 0.02338410641 0.0001838066917 55516 
6.0905 0.02356492787 0.0001850781166 55632 
6.0915 0.02360653169 0.0001857640089 55593 
6.0925 0.02361754896 0.0001855805767 55721 
6.0935 0.02373715477 0.000186420633 56039 
6.0945 0.02371285835 0.0001859521836 56133 
6.0955 0.02370961994 0.0001858888291 55819 
6.0965 0.02381501835 0.0001862860303 56000 
6.0975 0.02338544863 0.000185249613 54347 
6.0985 0.02384670926 0.0001872368899 55391 
6.0995 0.02374744775 0.0001863533445 55340 
6.1005 0.02398168145 0.0001874642321 56156 
6.1015 0.02348064631 0.000185536131 54345 
6.1025 0.02366055939 0.0001863625607 55397 
6.1035 0.02398487503 0.0001879457714 55308 
6.1045 0.02371262519 0.0001866130007 55541 
6.1055 0.02322458023 0.0001843645631 54602 
6.1065 0.02351083165 0.0001857969981 55084 
6.1075 0.02352077158 0.0001855489018 54724 
6.1085 0.02410251059 0.00018866021 56036 
6.1095 0.02401585548 0.0001874241246 56112 
6.1105 0.02422752959 0.0001889374696 55713 
6.1115 0.02392670389 0.0001874903234 55909 
6.1125 0.02363620399 0.0001866318823 54764 
6.1135 0.02407791433 0.0001880503569 55989 
6.1145 0.02339255806 0.0001846296133 55122 
6.1155 0.02363270004 0.0001860638093 55204 
6.1165 0.02309874221 0.0001842901761 53870 
6.1175 0.02376809272 0.0001866889801 55663 
6.1185 0.02325427547 0.0001847931776 54276 
6.1195 0.02370782247 0.0001867845672 55210 
6.1205 0.02407100186 0.0001882556207 56056 
6.1215 0.02387692073 0.0001880136955 54970 
6.1225 0.02343103916 0.0001859753225 54445 
6.1235 0.02380549277 0.0001872314466 55402 
6.1245 0.02373007204 0.0001874452317 54903 
6.1255 0.02352592038 0.0001857152266 55271 
6.1265 0.02381398289 0.0001873445583 55596 
6.1275 0.02397469941 0.0001876428048 56008 
6.1285 0.02346135564 0.0001861678622 54446 
6.1295 0.02331771564 0.000184985565 54497 
6.1305 0.02364528412 0.0001865068089 55209 
6.1315 0.02434063389 0.0001895558686 56392 
6.1325 0.02387812178 0.0001876549012 55875 
6.1335 0.02390572426 0.000187958984 55619 
6.1345 0.02381242682 0.0001875772242 55496 
6.1355 0.02273541442 0.0001834099817 52715 
6.1365 0.02384834251 0.0001873613652 55383 
6.1375 0.02396917059 0.0001879830616 55462 
6.1385 0.02455667649 0.0001910457932 55932 
6.1395 0.02349317241 0.0001861159624 54597 
6.1405 0.02389132564 0.0001880287704 55781 
6.1415 0.02425362737 0.0001892015105 56509 
6.1425 0.02423664289 0.000189187444 55844 
6.1435 0.02394598279 0.0001883446732 55072 
6.1445 0.02362570297 0.0001871281429 54429 
6.1455 0.02458240418 0.0001913571167 56129 
6.1465 0.02380681406 0.0001878547183 55044 
6.1475 0.02424762082 0.0001896179057 56157 
6.1485 0.02415506458 0.0001890065353 55920 
6.1495 0.02400685274 0.0001886291159 55367 
6.1505 0.02420083502 0.0001899351066 55424 
6.1515 0.02448727842 0.0001912228329 55579 
6.1525 0.02368429282 0.0001870663793 55026 
6.1535 0.02391132357 0.0001884991704 55530 
6.1545 0.02380014528 0.0001880175185 55002 
6.1555 0.02417096225 0.0001894655213 55834 
6.1565 0.02364131275 0.000187346409 54684 
6.1575 0.02421089247 0.0001895441974 55873 
6.1585 0.02385857765 0.0001886480893 54950 
6.1595 0.02377473245 0.0001878454042 55135 
6.1605 0.02450991607 0.0001912403565 56089 
6.1615 0.02383909734 0.0001879521814 55516 
6.1625 0.02400668489 0.0001895153529 55184 
6.1635 0.0235896802 0.0001876375126 54306 
6.1645 0.02377330086 0.0001886130294 54533 
6.1655 0.02360025147 0.0001879237828 54279 
6.1665 0.02468500345 0.0001919661308 56359 
6.1675 0.02400960496 0.0001891259656 55823 
6.1685 0.02396142749 0.0001895162388 54674 
6.1695 0.02444879011 0.0001912057874 55769 
6.1705 0.02385798703 0.0001890805546 54360 
6.1715 0.02429958824 0.0001911683689 55196 
6.1725 0.02465754475 0.0001920932889 56784 
6.1735 0.02426408153 0.0001904730939 55560 
6.1745 0.02378074775 0.0001882410377 54748 
6.1755 0.02398777127 0.00018920712 55598 
6.1765 0.02446434629 0.0001913038797 55883 
6.1775 0.0247229728 0.0001929003354 56327 
6.1785 0.02428659846 0.0001911851663 55317 
6.1795 0.02390200108 0.000188927157 55061 
6.1805 0.02445876212 0.0001918361362 55912 
6.1815 0.02393139153 0.0001890703028 55086 
6.1825 0.02461092601 0.0001919365147 56168 
6.1835 0.02410446654 0.0001901087693 55283 
6.1845 0.02448042886 0.0001917112058 55596 
6.1855 0.02480662998 0.0001933321953 56382 
6.1865 0.02409975863 0.0001901054325 55022 
6.1875 0.02406630341 0.0001904117364 54647 
6.1885 0.02447884093 0.0001920995724 55462 
6.1895 0.02404884395 0.0001899577433 55186 
6.1905 0.02448398972 0.0001918122287 55976 
6.1915 0.02415059367 0.0001906862246 54868 
6.1925 0.0242401825 0.000191055344 54825 
6.1935 0.02444383786 0.0001926624801 54859 
6.1945 0.02412273692 0.0001905334584 54478 
6.1955 0.02467789935 0.0001934983267 55345 
6.1965 0.02404728751 0.0001909751877 54449 
6.1975 0.02438339008 0.0001914190394 55684 
6.1985 0.02464655882 0.0001928803447 55958 
6.1995 0.0240746264 0.0001905895828 54890 
6.2005 0.0241679111 0.0001906090793 54821 
6.2015 0.02454613183 0.000192279531 55939 
6.2025 0.02444805277 0.0001919999791 55828 
6.2035 0.02414927993 0.0001908906348 55098 
6.2045 0.02347665324 0.0001878073709 53958 
6.2055 0.02429051747 0.0001915103024 55240 
6.2065 0.02428002842 0.0001913697997 55360 
6.2075 0.02442921737 0.0001923564694 55133 
6.2085 0.02434231966 0.000191751636 55507 
6.2095 0.02384355706 0.0001894141582 54226 
6.2105 0.02463295307 0.000193426257 55559 
6.2115 0.02455530126 0.0001925649901 55722 
6.2125 0.02455652086 0.0001929774072 55261 
6.2135 0.02419123382 0.000191389841 54703 
6.2145 0.0247777566 0.000193676453 55926 
6.2155 0.02452273944 0.000192324834 55603 
6.2165 0.02420876929 0.0001912813804 55371 
6.2175 0.02437699273 0.0001922998985 55244 
6.2185 0.02488477775 0.0001942323878 55971 
6.2195 0.02529700336 0.0001964602588 56171 
6.2205 0.02477675666 0.0001942676731 55704 
6.2215 0.02429589802 0.0001920586507 54894 
6.2225 0.02492827542 0.0001944611775 55714 
6.2235 0.02412628257 0.0001914787737 54923 
6.2245 0.02436450353 0.0001918437554 54785 
6.2255 0.02479032053 0.0001936433338 55916 
6.2265 0.02518041489 0.0001957269537 56014 
6.2275 0.02437117522 0.0001926632538 54872 
6.2285 0.02428704689 0.0001919193124 54951 
6.2295 0.02422445937 0.0001917256935 55409 
6.2305 0.02454174592 0.0001935091082 55116 
6.2315 0.02467209432 0.0001938307063 55671 
6.2325 0.02409000352 0.0001912793625 54278 
6.2335 0.02481017265 0.0001949174953 55241 
6.2345 0.02425278624 0.0001916749095 55089 
6.2355 0.0244837858 0.0001930753413 54816 
6.2365 0.02458379201 0.0001936773544 55357 
6.2375 0.02465026384 0.0001943030244 55183 
6.2385 0.02500240402 0.0001951675818 56211 
6.2395 0.02469165539 0.0001939569691 55979 
6.2405 0.02431045539 0.0001926408149 54337 
6.2415 0.02401167018 0.0001909035671 54452 
6.2425 0.0247647297 0.0001942508311 55659 
6.2435 0.02466916661 0.0001934986139 55726 
6.2445 0.02460162378 0.0001937199268 55340 
6.2455 0.02445526603 0.0001928427736 55183 
6.2465 0.02492822392 0.0001950770405 55797 
6.2475 0.02440407138 0.0001928915518 54922 
6.2485 0.02532092791 0.0001969106413 56432 
6.2495 0.02444604081 0.0001937853755 54489 
6.2505 0.02427819631 0.0001926386025 54412 
6.2515 0.02529692535 0.0001966934036 56530 
6.2525 0.0250590664 0.0001957230551 56440 
6.2535 0.02454907653 0.0001947530667 54601 
6.2545 0.02483179574 0.0001950440292 55395 
6.2555 0.02466379421 0.0001945960545 54925 
6.2565 0.0251385976 0.0001955362621 56414 
6.2575 0.02469043285 0.0001948551049 55094 
6.2585 0.02433433952 0.0001932896645 54606 
6.2595 0.02436990501 0.0001932515889 54725 
6.2605 0.02457381317 0.0001941364954 55334 
6.2615 0.02443059565 0.000193465673 54578 
6.2625 0.02476086741 0.0001948741746 55175 
6.2635 0.02527122769 0.0001965899368 56040 
6.2645 0.02434982253 0.0001936585156 54181 
6.2655 0.02479058987 0.0001947235651 55220 
6.2665 0.0247584128 0.0001955719776 54382 
6.2675 0.02500537254 0.0001960447963 56046 
6.2685 0.02478912625 0.0001952603087 55205 
6.2695 0.02497777799 0.000195958211 55726 
6.2705 0.02486839153 0.0001957349229 55158 
6.2715 0.02441967397 0.0001940318911 54389 
6.2725 0.02502028408 0.0001966929327 54780 
6.2735 0.02482086323 0.0001955617114 54974 
6.2745 0.02493135473 0.0001960225916 55546 
6.2755 0.02468070895 0.0001950620863 55012 
6.2765 0.02474599416 0.0001954660226 54774 
6.2775 0.02442276751 0.0001942231322 54395 
6.2785 0.02499117442 0.0001967069957 55104 
6.2795 0.0250809238 0.000196887028 55352 
6.2805 0.02472529875 0.0001954978784 54714 
6.2815 0.02462875797 0.0001952209709 54695 
6.2825 0.02524297309 0.0001974201478 56013 
6.2835 0.02545675016 0.0001979206928 56370 
6.2845 0.02467073254 0.000195070224 54916 
6.2855 0.02503242316 0.0001970365147 54988 
6.2865 0.02497316927 0.0001966826049 55064 
6.2875 0.02569973392 0.0002003136165 56095 
6.2885 0.02506778396 0.0001967372027 55655 
6.2895 0.02461083516 0.0001956199033 54253 
6.2905 0.02542577179 0.0001986236554 56030 
6.2915 0.02509422467 0.0001974084738 55215 
6.2925 0.02520062475 0.0001977091966 55525 
6.2935 0.02550910637 0.0001990830152 55682 
6.2945 0.02502264182 0.0001971571079 55335 
6.2955 0.0247839624 0.0001961607113 54479 
6.2965 0.02505720395 0.0001972449169 55448 
6.2975 0.02485410986 0.0001963464906 54793 
6.2985 0.02469738768 0.0001957855244 54743 
6.2995 0.02588999569 0.0002003137943 56512 
6.3005 0.02486405694 0.0001961812885 55718 
6.3015 0.02517382784 0.0001980383925 55298 
6.3025 0.02519582834 0.0001980212539 55369 
6.3035 0.02459224825 0.0001957241206 54158 
6.3045 0.02551778569 0.0001994289695 55724 
6.3055 0.02505483522 0.000197275275 55117 
6.3065 0.02513931231 0.0001978789672 54680 
6.3075 0.02524653503 0.00019832458 55603 
6.3085 0.02466972225 0.0001958309332 54443 
6.3095 0.02547256699 0.0001991685156 55647 
6.3105 0.02474996849 0.0001964304254 54606 
6.3115 0.02491279497 0.0001967988999 54851 
6.3125 0.0248292492 0.0001964751236 54915 
6.3135 0.02518531284 0.0001983284738 54890 
6.3145 0.02521820289 0.0001982514862 54878 
6.3155 0.02551183227 0.0001994041268 55793 
6.3165 0.02557601015 0.0001994795122 56274 
6.3175 0.02539845818 0.0001994227047 55190 
6.3185 0.02580917508 0.0002010033079 56243 
6.3195 0.02487598718 0.000197301275 54767 
6.3205 0.02559943887 0.00020063449 55561 
6.3215 0.02435310712 0.0001951184832 53551 
6.3225 0.02492362531 0.0001971865892 54554 
6.3235 0.02555419337 0.0002004809106 55600 
6.3245 0.02527767209 0.0001987753757 55527 
6.3255 0.02527861845 0.000198763282 55173 
6.3265 0.02581070283 0.0002011204472 56049 
6.3275 0.02566365556 0.0002007823766 55659 
6.3285 0.02518349891 0.0001989890498 54806 
6.3295 0.02516139802 0.0001985789575 54672 
6.3305 0.02562208401 0.0002004456872 56224 
6.3315 0.02509207796 0.0001984979697 55262 
6.3325 0.02534866385 0.0001996338522 54964 
6.3335 0.02508247849 0.0001986031648 54447 
6.3345 0.02526350386 0.0001990905052 55234 
6.3355 0.02519671333 0.0001993616923 54462 
6.3365 0.02589895362 0.000202059803 55356 
6.3375 0.02551943507 0.0002004774418 55214 
6.3385 0.02523853698 0.0001991106883 55434 
6.3395 0.02623347502 0.0002036932722 56522 
6.3405 0.02531706351 0.0001986888188 55548 
6.3415 0.02597679099 0.0002017435299 56669 
6.3425 0.02579730054 0.0002016922302 55895 
6.3435 0.02510341977 0.0001983734056 54960 
6.3445 0.02580621424 0.0002008850339 56442 
6.3455 0.02522099662 0.0001994489139 55062 
6.3465 0.02548069866 0.0002002049083 55169 
6.3475 0.02468603392 0.0001973649786 53849 
6.3485 0.02555006669 0.0002008689458 54908 
6.3495 0.02539361245 0.000200256977 55083 
6.3505 0.02581975824 0.0002017194779 56055 
6.3515 0.02558113231 0.0002008979517 55810 
6.3525 0.02514495859 0.0001984838663 54805 
6.3535 0.02469090908 0.000197425579 53527 
6.3545 0.02582472374 0.0002023337679 55180 
6.3555 0.02575101618 0.000201881105 55136 
6.3565 0.02504009423 0.0001988603826 54035 
6.3575 0.02584253678 0.0002021555271 55890 
6.3585 0.02548304231 0.0002005322684 55351 
6.3595 0.02600358341 0.0002036931366 55451 
6.3605 0.02521247829 0.0001995467515 54684 
6.3615 0.0257572777 0.0002024527152 54766 
6.3625 0.02528711436 0.0001998850854 54716 
6.3635 0.02531457941 0.0002000559516 54986 
6.3645 0.02587950275 0.0002023299781 55360 
6.3655 0.02525410938 0.0001999372966 54544 
6.3665 0.02560551329 0.0002012730697 55349 
6.3675 0.02548905411 0.0002005652847 55025 
6.3685 0.02590660717 0.000202653362 56703 
6.3695 0.02599012955 0.0002026960691 55754 
6.3705 0.02603651606 0.0002032042681 55993 
6.3715 0.02546474499 0.0002009424746 55231 
6.3725 0.02565089523 0.0002022318189 55205 
6.3735 0.02562137448 0.0002013895978 55893 
6.3745 0.02562905331 0.0002017675634 54935 
6.3755 0.02593802646 0.0002028952399 55761 
6.3765 0.02607140776 0.0002034129402 55917 
6.3775 0.0260749493 0.0002032027458 55892 
6.3785 0.02560902457 0.0002021930866 54800 
6.3795 0.0256026183 0.0002013343145 55266 
6.3805 0.02565754167 0.0002020007388 55348 
6.3815 0.02578748982 0.0002028738552 54951 
6.3825 0.02534395388 0.0002007091223 54910 
6.3835 0.0254515372 0.0002014656199 54575 
6.3845 0.02592890916 0.0002030244043 55412 
6.3855 0.0255018886 0.0002014234628 54858 
6.3865 0.02581380377 0.0002026647317 55583 
6.3875 0.02542652227 0.0002016705075 55019 
6.3885 0.02596020622 0.0002039023885 55362 
6.3895 0.02589927911 0.0002038119943 55058 
6.3905 0.02583439155 0.0002034437179 54846 
6.3915 0.02583590412 0.0002028786906 55303 
6.3925 0.0260254178 0.0002037598312 55813 
6.3935 0.02557018516 0.0002021217633 55150 
6.3945 0.02557508374 0.0002022848127 54684 
6.3955 0.02608992849 0.0002043750289 55728 
6.3965 0.02614244343 0.0002043998539 55790 
6.3975 0.02616693516 0.0002046696758 55648 
6.3985 0.02570654201 0.0002023381483 55398 
6.3995 0.02602080462 0.0002044318015 55541 
6.4005 0.02589200849 0.0002034824117 55210 
6.4015 0.02583092165 0.0002036986973 55246 
6.4025 0.0261187444 0.0002045639729 55566 
6.4035 0.02593778753 0.0002039041461 55005 
6.4045 0.02596925329 0.0002042346198 55057 
6.4055 0.0253199165 0.0002008929062 54366 
6.4065 0.02630763113 0.0002058617838 55669 
6.4075 0.02577887499 0.0002033457483 54754 
6.4085 0.02633108878 0.0002056588825 56085 
6.4095 0.02643114967 0.0002063785629 55602 
6.4105 0.02647426381 0.0002061638322 56317 
6.4115 0.02621511004 0.0002053385784 55794 
6.4125 0.02575701111 0.0002033808683 54975 
6.4135 0.02633235279 0.0002058053774 56150 
6.4145 0.02580614334 0.0002046000695 54005 
6.4155 0.02657642364 0.0002068353953 56096 
6.4165 0.02572469314 0.0002035937297 54500 
6.4175 0.02607095031 0.0002051159021 54451 
6.4185 0.02608630922 0.0002049337849 55419 
6.4195 0.02570049221 0.0002032330493 54700 
6.4205 0.02595627729 0.000204867853 54458 
6.4215 0.0258434928 0.0002039347972 55105 
6.4225 0.02628756176 0.0002051431801 56109 
6.4235 0.02610668594 0.0002051411458 55524 
6.4245 0.02590816302 0.0002046220232 54124 
6.4255 0.02679272603 0.0002078053013 56713 
6.4265 0.0262581905 0.0002061635885 55050 
6.4275 0.02617701845 0.0002053755429 55501 
6.4285 0.02644647933 0.0002067762327 55749 
6.4295 0.02604683603 0.0002049813141 55447 
6.4305 0.02603867275 0.0002043467414 55422 
6.4315 0.02608187182 0.0002048689116 55423 
6.4325 0.0260680468 0.000205129354 55255 
6.4335 0.02610039706 0.0002052559763 55487 
6.4345 0.0265069199 0.0002066560465 56048 
6.4355 0.02669310863 0.0002081890438 55771 
6.4365 0.02595974808 0.0002049222324 55281 
6.4375 0.02698208745 0.0002090750212 56304 
6.4385 0.02632941457 0.0002063291788 55633 
6.4395 0.02565902044 0.0002033336553 54432 
6.4405 0.02612851967 0.0002056227231 55196 
6.4415 0.02596045123 0.0002052444953 54488 
6.4425 0.02691929268 0.0002093697455 56160 
6.4435 0.02643040177 0.0002072995117 55218 
6.4445 0.02645789312 0.0002073514201 55276 
6.4455 0.02662086486 0.0002087255095 55143 
6.4465 0.02636839281 0.0002072951105 55251 
6.4475 0.02592496813 0.0002045501592 54580 
6.4485 0.0261028694 0.0002063077675 54794 
6.4495 0.02596430404 0.0002055997204 54560 
6.4505 0.02670348023 0.0002087097166 55827 
6.4515 0.02628485546 0.0002067182279 55245 
6.4525 0.02671170172 0.000208665521 55836 
6.4535 0.02649386329 0.0002075710468 55716 
6.4545 0.02664151345 0.0002081310537 56212 
6.4555 0.02643417634 0.0002074792322 55429 
6.4565 0.02648458264 0.0002079031391 54958 
6.4575 0.02663792745 0.0002086213728 55424 
6.4585 0.02650542655 0.0002081822353 55550 
6.4595 0.02606345923 0.0002067693494 54315 
6.4605 0.02633081091 0.0002070824067 55189 
6.4615 0.02677532063 0.0002095640806 55811 
6.4625 0.02623012503 0.000207188519 54800 
6.4635 0.02641215843 0.0002082107802 55014 
6.4645 0.02656087288 0.0002081774878 55385 
6.4655 0.02663230124 0.000208330149 56075 
6.4665 0.02598651901 0.0002059444392 53847 
6.4675 0.02679213765 0.0002096087718 55393 
6.4685 0.02691544423 0.0002096883835 55976 
6.4695 0.02623768304 0.0002073534457 54714 
6.4705 0.02624164079 0.0002071378897 54964 
6.4715 0.0265805447 0.0002081975161 55793 
6.4725 0.02606825947 0.0002061960712 54628 
6.4735 0.02713508307 0.0002105003294 57078 
6.4745 0.0268995092 0.0002095268706 55898 
6.4755 0.02699253654 0.0002104185923 55444 
6.4765 0.02581419326 0.0002058099515 54262 
6.4775 0.02675012582 0.0002096679153 55365 
6.4785 0.02653391036 0.0002086830733 55098 
6.4795 0.02594530206 0.0002062930184 54075 
6.4805 0.02593313692 0.000206168385 54429 
6.4815 0.02596963904 0.0002062341146 54142 
6.4825 0.02650901533 0.0002081748914 55803 
6.4835 0.02681684319 0.000209986064 55670 
6.4845 0.02663366368 0.0002091169046 55068 
6.4855 0.02623050205 0.0002077601563 54376 
6.4865 0.02669266857 0.000208844672 55709 
6.4875 0.02625471348 0.000207919645 54409 
6.4885 0.02681637547 0.0002102735925 55484 
6.4895 0.02664074486 0.00020923944 56036 
6.4905 0.02616028677 0.0002072668359 54204 
6.4915 0.02647629639 0.0002090578921 54793 
6.4925 0.02682422899 0.000209609783 56155 
6.4935 0.02678481869 0.0002103476806 55346 
6.4945 0.02653775299 0.0002089953472 54903 
6.4955 0.02649686072 0.0002089329323 54599 
6.4965 0.02677858661 0.0002098562083 55210 
6.4975 0.02755864796 0.0002133251698 57023 
6.4985 0.0270833422 0.0002114640143 55591 
6.4995 0.02666404005 0.0002099751968 55178 
