# Format: McCode with text headers
# URL: http://www.mccode.org
# Creator:  3.5.2, git
# Instrument: templateSANS2.instr
# Ncount: 833333
# Trace: no
# Gravitation: no
# Seed: 1728480807551738
# Directory: R_scan/2
# Nodes: 12
# Param: lambda=6
# Param: dlambda=0.6
# Param: r=150
# Param: PHI=0.001
# Param: Delta_Rho=6e+10
# Param: frac_dir=0.03
# Param: frac_inc=0.01
# Param: slit1=0.02
# Param: slit2=0.02
# Param: LC=3
# Param: LD=3
# Date: Wed Oct  9 15:33:30 2024 (1728480810)
# type: array_1d(100)
# Source: templateSANS2 (templateSANS2.instr)
# component: PSDrad
# position: 0 0 6.2
# title: PSD monitor radial sum
# Ncount: 9999996
# filename: psd2.dat
# statistics: X0=0.0430179; dX=0.0377567;
# signal: Min=0.00518809; Max=0.756023; Mean=0.11863;
# values: 11.863 0.00270558 6.52633e+07
# xvar: r
# yvar: (I,I_err)
# xlabel: Radius [m]
# ylabel: Intensity
# xlimits: 0.0015 0.3015
# variables: r I I_err N
0.003 0.06287055452 4.554556862e-05 7371577 
0.006 0.1867688751 0.0001041875105 16526930 
0.009 0.3053229599 0.0001805705492 7214649 
0.012 0.4159414289 0.0002709337466 3323125 
0.015 0.5128220686 0.0003671219708 2341231 
0.018 0.5969844646 0.0004644003309 1839098 
0.021 0.6630255271 0.000555591434 1521215 
0.024 0.7118387168 0.0006373593727 1299837 
0.027 0.7427080848 0.0007057439656 1136524 
0.03 0.7560232843 0.000758004969 1011303 
0.033 0.7510068474 0.0007915387295 910361 
0.036 0.7318531662 0.0008071999402 829558 
0.039 0.697365797 0.0008031981209 761266 
0.042 0.6529641055 0.0007826639772 705226 
0.045 0.5951768787 0.0007435830457 653046 
0.048 0.5355404858 0.0006940817306 612391 
0.051 0.4697832348 0.0006326811252 574316 
0.054 0.4016807112 0.0005629006163 539593 
0.057 0.3381831231 0.0004919691159 512134 
0.06 0.2749078566 0.000417587421 483772 
0.063 0.2176576877 0.0003456444083 460063 
0.066 0.1666060245 0.000278415696 437487 
0.069 0.1229812239 0.0002173805893 418364 
0.072 0.08676184904 0.0001638616912 400394 
0.075 0.05826001154 0.000118962649 384565 
0.078 0.03699800849 8.261940543e-05 370267 
0.081 0.02194970318 5.407918765e-05 354897 
0.084 0.01292432775 3.368508066e-05 341864 
0.087 0.008625745987 2.130818188e-05 330213 
0.09 0.008049828045 1.87336753e-05 318682 
0.093 0.01017704141 2.378800146e-05 308641 
0.096 0.01383304743 3.123545167e-05 297285 
0.099 0.01845843135 3.946889282e-05 289101 
0.102 0.02296568542 4.721126651e-05 279929 
0.105 0.02706010199 5.423417306e-05 272658 
0.108 0.03016882086 5.988939326e-05 265416 
0.111 0.03199091436 6.377191795e-05 257730 
0.114 0.03247988287 6.56877128e-05 250362 
0.117 0.03188650074 6.586165749e-05 244081 
0.12 0.0301197389 6.408212861e-05 237721 
0.123 0.02753002265 6.073329645e-05 231594 
0.126 0.02439326289 5.607755943e-05 226357 
0.129 0.02086911407 5.029627582e-05 221010 
0.132 0.01734669292 4.398938094e-05 215326 
0.135 0.01409872511 3.750843074e-05 210987 
0.138 0.01117370287 3.101287209e-05 205627 
0.141 0.00884022271 2.509369593e-05 200991 
0.144 0.007116548826 1.998126043e-05 197656 
0.147 0.005985581709 1.6148932e-05 193789 
0.15 0.005438089209 1.408649557e-05 189719 
0.153 0.005391865817 1.389189747e-05 185854 
0.156 0.005742126997 1.506126976e-05 182043 
0.159 0.006369966065 1.688793749e-05 178123 
0.162 0.00715681098 1.886164492e-05 174975 
0.165 0.007991843259 2.076209774e-05 172008 
0.168 0.008788789872 2.246517685e-05 169440 
0.171 0.009399785236 2.381154318e-05 166485 
0.174 0.009818947669 2.48434938e-05 163636 
0.177 0.009921535434 2.539805336e-05 159553 
0.18 0.009891526386 2.570224768e-05 157028 
0.183 0.009697897617 2.567824018e-05 155156 
0.186 0.009268750759 2.517117351e-05 152530 
0.189 0.008694834234 2.427646012e-05 149573 
0.192 0.008057201974 2.304942912e-05 146948 
0.195 0.007455486894 2.167753957e-05 145260 
0.198 0.006785823629 1.999869998e-05 141979 
0.201 0.006258109733 1.843896935e-05 140037 
0.204 0.005848085451 1.7038069e-05 138927 
0.207 0.005474376479 1.579566507e-05 136110 
0.21 0.005290760551 1.508875997e-05 134579 
0.213 0.005214137904 1.477451983e-05 133484 
0.216 0.005188093919 1.479311803e-05 130836 
0.219 0.005278823067 1.515323361e-05 129172 
0.222 0.005447779191 1.57158447e-05 128054 
0.225 0.005578157953 1.624898987e-05 125238 
0.228 0.005779164358 1.687854768e-05 123710 
0.231 0.005997700918 1.750613393e-05 122768 
0.234 0.006111471055 1.795286882e-05 120351 
0.237 0.006217813111 1.837041086e-05 118494 
0.24 0.006296816114 1.870691239e-05 117230 
0.243 0.006354364621 1.900289098e-05 116134 
0.246 0.006349667455 1.915660182e-05 114812 
0.249 0.006312590853 1.920118201e-05 113728 
0.252 0.006205656096 1.908915603e-05 111801 
0.255 0.006122127789 1.894638903e-05 110785 
0.258 0.006007276448 1.870392906e-05 109344 
0.261 0.005877627016 1.84026469e-05 107670 
0.264 0.005782903291 1.814044037e-05 106509 
0.267 0.005681052952 1.787575416e-05 104983 
0.27 0.005639605445 1.772969428e-05 104325 
0.273 0.005585025391 1.760731398e-05 103037 
0.276 0.005556426615 1.756577083e-05 101971 
0.279 0.005570725465 1.765421943e-05 101196 
0.282 0.005583328023 1.778428689e-05 100051 
0.285 0.00560970664 1.796359661e-05 98964 
0.288 0.0056563584 1.820762926e-05 97940 
0.291 0.005684791317 1.843366694e-05 96505 
0.294 0.005779057975 1.878197373e-05 96040 
0.297 0.005802445331 1.901794183e-05 94385 
0.3 0.005874281484 1.933215378e-05 93562 
