# Format: McCode with text headers
# URL: http://www.mccode.org
# Creator:  3.5.2, git
# Instrument: Airport_scannerII.instr
# Ncount: 10000000
# Trace: no
# Gravitation: no
# Seed: 1728640082218725
# Directory: Scan_Src_Quasi_1e7/17
# Param: SFILE=input_abs_objects_template.dat
# Param: ANGLE=0
# Param: posX=-0.175
# Param: posY=-0.3
# Param: posZ=0
# Param: Ncount=0
# Date: Fri Oct 11 09:48:42 2024 (1728640122)
# type: array_1d(101)
# Source: Airp_scannerII (Airport_scannerII.instr)
# component: emon
# position: 0 0 0.11
# title: Energy monitor
# Ncount: 10000000
# filename: emon.dat
# statistics: X0=70.0112; dX=39.8493;
# signal: Min=0; Max=0.0144336; Mean=0.00990099;
# values: 1 0.000316228 1e+07
# xvar: E
# yvar: (I,I_err)
# xlabel: Energy [keV]
# ylabel: Intensity
# xlimits: 0 200
# variables: E I I_err N
0.9900990099 0.0070809 2.660996054e-05 70809 
2.97029703 0.0143025 3.781864619e-05 143025 
4.95049505 0.0143463 3.787650987e-05 143463 
6.930693069 0.0143282 3.785260889e-05 143282 
8.910891089 0.0143938 3.793916183e-05 143938 
10.89108911 0.0144081 3.795800311e-05 144081 
12.87128713 0.0143174 3.783834034e-05 143174 
14.85148515 0.0144116 3.796261319e-05 144116 
16.83168317 0.0144336 3.799157801e-05 144336 
18.81188119 0.0143088 3.78269745e-05 143088 
20.79207921 0.0143548 3.788772888e-05 143548 
22.77227723 0.0143792 3.791991561e-05 143792 
24.75247525 0.0143561 3.788944444e-05 143561 
26.73267327 0.0143463 3.787650987e-05 143463 
28.71287129 0.0143462 3.787637786e-05 143462 
30.69306931 0.0142941 3.780753893e-05 142941 
32.67326733 0.0143275 3.785168424e-05 143275 
34.65346535 0.0142817 3.779113653e-05 142817 
36.63366337 0.0143085 3.782657796e-05 143085 
38.61386139 0.0143544 3.788720101e-05 143544 
40.59405941 0.014336 3.786291061e-05 143360 
42.57425743 0.0144008 3.7948386e-05 144008 
44.55445545 0.0143173 3.78382082e-05 143173 
46.53465347 0.0143298 3.785472229e-05 143298 
48.51485149 0.0143872 3.793046269e-05 143872 
50.4950495 0.01433 3.785498646e-05 143300 
52.47524752 0.0143121 3.783133622e-05 143121 
54.45544554 0.0143379 3.786541958e-05 143379 
56.43564356 0.0144067 3.795615892e-05 144067 
58.41584158 0.0143032 3.781957165e-05 143032 
60.3960396 0.014318 3.783913318e-05 143180 
62.37623762 0.014336 3.786291061e-05 143360 
64.35643564 0.014329 3.785366561e-05 143290 
66.33663366 0.0143603 3.789498648e-05 143603 
68.31683168 0.014287 3.77981481e-05 142870 
70.2970297 0.0143975 3.794403774e-05 143975 
72.27722772 0.0143921 3.793692133e-05 143921 
74.25742574 0.0142566 3.775791308e-05 142566 
76.23762376 0.0143435 3.787281347e-05 143435 
78.21782178 0.0143962 3.794232465e-05 143962 
80.1980198 0.0142669 3.777155014e-05 142669 
82.17821782 0.0143431 3.787228538e-05 143431 
84.15841584 0.0143142 3.783411159e-05 143142 
86.13861386 0.0143426 3.787162526e-05 143426 
88.11881188 0.0143399 3.786806042e-05 143399 
90.0990099 0.0143055 3.782261228e-05 143055 
92.07920792 0.0143359 3.786277856e-05 143359 
94.05940594 0.01437 3.790778284e-05 143700 
96.03960396 0.0143845 3.792690338e-05 143845 
98.01980198 0.0143568 3.789036817e-05 143568 
100 0.0143528 3.788508942e-05 143528 
101.980198 0.0143761 3.791582783e-05 143761 
103.960396 0.0144191 3.797249004e-05 144191 
105.9405941 0.0144224 3.797683504e-05 144224 
107.9207921 0.014349 3.788007392e-05 143490 
109.9009901 0.0143865 3.792953994e-05 143865 
111.8811881 0.0143109 3.78297502e-05 143109 
113.8613861 0.0144184 3.797156831e-05 144184 
115.8415842 0.0142976 3.781216735e-05 142976 
117.8217822 0.0143248 3.784811752e-05 143248 
119.8019802 0.0143895 3.793349443e-05 143895 
121.7821782 0.0144063 3.795563199e-05 144063 
123.7623762 0.0143925 3.793744852e-05 143925 
125.7425743 0.014315 3.783516882e-05 143150 
127.7227723 0.0144156 3.796788116e-05 144156 
129.7029703 0.0143049 3.78218191e-05 143049 
131.6831683 0.0143994 3.794654134e-05 143994 
133.6633663 0.014386 3.792888082e-05 143860 
135.6435644 0.014319 3.784045454e-05 143190 
137.6237624 0.0142893 3.780119046e-05 142893 
139.6039604 0.0028083 1.675798317e-05 28083 
141.5841584 0 0 0 
143.5643564 0 0 0 
145.5445545 0 0 0 
147.5247525 0 0 0 
149.5049505 0 0 0 
151.4851485 0 0 0 
153.4653465 0 0 0 
155.4455446 0 0 0 
157.4257426 0 0 0 
159.4059406 0 0 0 
161.3861386 0 0 0 
163.3663366 0 0 0 
165.3465347 0 0 0 
167.3267327 0 0 0 
169.3069307 0 0 0 
171.2871287 0 0 0 
173.2673267 0 0 0 
175.2475248 0 0 0 
177.2277228 0 0 0 
179.2079208 0 0 0 
181.1881188 0 0 0 
183.1683168 0 0 0 
185.1485149 0 0 0 
187.1287129 0 0 0 
189.1089109 0 0 0 
191.0891089 0 0 0 
193.0693069 0 0 0 
195.049505 0 0 0 
197.029703 0 0 0 
199.009901 0 0 0 
