# Format: McCode with text headers
# URL: http://www.mccode.org
# Creator:  3.5.2, git
# Instrument: templateSANS2.instr
# Ncount: 833333
# Trace: no
# Gravitation: no
# Seed: 1728480822685649
# Directory: R_scan/7
# Nodes: 12
# Param: lambda=6
# Param: dlambda=0.6
# Param: r=400
# Param: PHI=0.001
# Param: Delta_Rho=6e+10
# Param: frac_dir=0.03
# Param: frac_inc=0.01
# Param: slit1=0.02
# Param: slit2=0.02
# Param: LC=3
# Param: LD=3
# Date: Wed Oct  9 15:33:45 2024 (1728480825)
# type: array_1d(1000)
# Source: templateSANS2 (templateSANS2.instr)
# component: Ldetector
# position: 0 0 6.2
# title: Wavelength monitor
# Ncount: 9999996
# filename: Edet.dat
# statistics: X0=6.02733; dX=0.287659;
# signal: Min=0.021533; Max=0.0313463; Mean=0.026058;
# values: 26.058 0.00653506 5.52158e+07
# xvar: L
# yvar: (I,I_err)
# xlabel: Wavelength [AA]
# ylabel: Intensity
# xlimits: 5.5 6.5
# variables: L I I_err N
5.5005 0.021765781 0.0001730098245 54886 
5.5015 0.02194560456 0.0001739645362 54936 
5.5025 0.02221456437 0.0001751671382 55783 
5.5035 0.02186378688 0.0001731927664 55922 
5.5045 0.0217684289 0.0001732813259 54773 
5.5055 0.02163647188 0.0001725186969 54577 
5.5065 0.02153301417 0.0001720048235 54462 
5.5075 0.02236684986 0.0001758191865 55839 
5.5085 0.02212416513 0.0001747113197 55802 
5.5095 0.02187294038 0.0001734447893 55569 
5.5105 0.02221123405 0.0001750007049 55626 
5.5115 0.02174386247 0.0001734310893 54626 
5.5125 0.02216367502 0.0001749476757 56423 
5.5135 0.02199758346 0.0001743498061 55233 
5.5145 0.02193388464 0.0001742239545 54988 
5.5155 0.02259501102 0.0001768452593 56727 
5.5165 0.02199523153 0.0001746436792 55223 
5.5175 0.02196583387 0.0001748108752 54867 
5.5185 0.02205067838 0.0001746438536 55483 
5.5195 0.02181715166 0.0001739913535 55172 
5.5205 0.02224147884 0.0001758286063 55622 
5.5215 0.02227418495 0.0001757679253 55922 
5.5225 0.0219336276 0.000174471551 54958 
5.5235 0.02194082143 0.0001743126319 55354 
5.5245 0.0225291341 0.0001770834519 56029 
5.5255 0.02206680911 0.0001748221616 55458 
5.5265 0.02241310292 0.0001764643382 55871 
5.5275 0.02157025381 0.0001728744271 54649 
5.5285 0.02226369896 0.0001759209885 55153 
5.5295 0.02259128861 0.0001774216886 56245 
5.5305 0.0219822933 0.0001747737583 54900 
5.5315 0.02214923154 0.0001755423749 55830 
5.5325 0.02192386223 0.0001751777587 54174 
5.5335 0.02187255695 0.0001742569563 54734 
5.5345 0.02214898108 0.0001750553162 55718 
5.5355 0.02245227725 0.0001768564306 55562 
5.5365 0.02230894938 0.0001766157639 55674 
5.5375 0.02237500612 0.0001764749355 56266 
5.5385 0.02264948688 0.0001778941626 56009 
5.5395 0.02215856577 0.000175750787 54850 
5.5405 0.02242357096 0.0001770765343 55751 
5.5415 0.02204858749 0.0001754812823 54737 
5.5425 0.02191392283 0.000174830924 54919 
5.5435 0.02269464874 0.0001784245633 55971 
5.5445 0.02185649448 0.0001744374399 55024 
5.5455 0.02238547964 0.0001765738817 55792 
5.5465 0.02237666623 0.0001767731236 55817 
5.5475 0.02247968299 0.0001776489404 56008 
5.5485 0.02234391933 0.0001773112219 55038 
5.5495 0.02225772921 0.0001770111512 54656 
5.5505 0.02257171574 0.0001778336194 55530 
5.5515 0.02232982259 0.000177343127 54929 
5.5525 0.02263336364 0.0001780933042 56199 
5.5535 0.02274730795 0.0001788976753 55737 
5.5545 0.02219205514 0.0001764741318 55198 
5.5555 0.02201355516 0.0001762027478 54117 
5.5565 0.02243645989 0.0001776695779 55807 
5.5575 0.0227643846 0.0001791892089 55930 
5.5585 0.02243203992 0.0001774615383 55085 
5.5595 0.02232463616 0.0001771638015 54850 
5.5605 0.02232190466 0.0001773705422 54852 
5.5615 0.02285903091 0.0001793981905 56282 
5.5625 0.0222308651 0.0001767472885 54969 
5.5635 0.02262361006 0.0001786402612 55555 
5.5645 0.02241022455 0.000177713847 55051 
5.5655 0.02230854775 0.0001769637017 55173 
5.5665 0.0228768741 0.0001803706702 55641 
5.5675 0.02263300683 0.0001791527161 54768 
5.5685 0.02256729128 0.000178178002 55747 
5.5695 0.02264315768 0.0001785663103 55533 
5.5705 0.02238768685 0.0001778645316 55206 
5.5715 0.02254074295 0.0001781483395 55219 
5.5725 0.02213398932 0.0001766996439 54193 
5.5735 0.02204904622 0.0001766225973 54046 
5.5745 0.02277035064 0.0001794261692 55760 
5.5755 0.02241990641 0.000178096178 54992 
5.5765 0.02296765818 0.0001805240861 56058 
5.5775 0.02254014624 0.0001788079259 55333 
5.5785 0.02288626277 0.0001801070705 55634 
5.5795 0.02292793663 0.0001801482716 56382 
5.5805 0.02266072271 0.0001795263631 55673 
5.5815 0.02230208675 0.000177829906 54560 
5.5825 0.02241029619 0.000178353688 54570 
5.5835 0.02230479633 0.0001780083505 54610 
5.5845 0.02286000152 0.0001803178954 55499 
5.5855 0.02237807443 0.0001778822664 54841 
5.5865 0.02234242524 0.0001782370845 54684 
5.5875 0.02277043681 0.0001797734209 55715 
5.5885 0.02274093526 0.000180091614 55773 
5.5895 0.02262017621 0.0001798567759 55079 
5.5905 0.02258797681 0.0001796955877 54620 
5.5915 0.02293878582 0.000180879972 55767 
5.5925 0.02282623953 0.0001803481439 55531 
5.5935 0.02328778173 0.0001824793412 56317 
5.5945 0.02185655325 0.0001763169416 53739 
5.5955 0.02239995354 0.0001786607657 54307 
5.5965 0.02209560272 0.0001774406185 53751 
5.5975 0.02291522829 0.0001811553021 55451 
5.5985 0.02250676557 0.000178875524 55273 
5.5995 0.02254283044 0.0001790770464 55187 
5.6005 0.0225407537 0.0001792344145 54944 
5.6015 0.02302936965 0.0001817609405 55158 
5.6025 0.02272244235 0.0001801693981 55028 
5.6035 0.02220240061 0.0001780015596 53927 
5.6045 0.02221888484 0.0001779677604 54430 
5.6055 0.02271952504 0.0001799096012 55613 
5.6065 0.0227628542 0.0001801207541 55728 
5.6075 0.02291465854 0.0001805924389 55764 
5.6085 0.02314270587 0.0001822223688 55648 
5.6095 0.02275424375 0.000180412498 54965 
5.6105 0.02251416996 0.0001799681429 54429 
5.6115 0.02283479566 0.0001806759254 55680 
5.6125 0.02324905377 0.0001825713662 56007 
5.6135 0.02279718883 0.0001806149642 55014 
5.6145 0.02301545981 0.0001817023095 55771 
5.6155 0.02302973545 0.000181456284 55933 
5.6165 0.02234584887 0.0001791691169 53920 
5.6175 0.02288028273 0.0001813436949 55122 
5.6185 0.02305889417 0.0001825942358 55013 
5.6195 0.02278225345 0.0001807783331 55093 
5.6205 0.02347795035 0.0001840789065 56309 
5.6215 0.02302967333 0.0001819775189 55437 
5.6225 0.02295478423 0.0001817569417 55154 
5.6235 0.02267006757 0.0001805853395 54930 
5.6245 0.02331581146 0.0001829675528 56228 
5.6255 0.02296835145 0.000181527169 55692 
5.6265 0.02293889162 0.0001819020158 54762 
5.6275 0.02278149994 0.0001810896865 55293 
5.6285 0.02274823979 0.0001811252257 54828 
5.6295 0.02275966683 0.0001812839057 55107 
5.6305 0.02304790708 0.0001822987738 55555 
5.6315 0.023287157 0.0001836049812 55374 
5.6325 0.02262611781 0.0001808121387 54419 
5.6335 0.02287494772 0.0001813671402 55528 
5.6345 0.02307303538 0.0001823123221 55342 
5.6355 0.02300884101 0.000182382573 55281 
5.6365 0.02294372482 0.0001820298696 55113 
5.6375 0.02306883189 0.0001825762289 55512 
5.6385 0.0229584158 0.0001820489091 55126 
5.6395 0.02277386576 0.0001816045364 55063 
5.6405 0.0231761613 0.000182866897 55577 
5.6415 0.02325645313 0.0001832655534 55871 
5.6425 0.02293235671 0.0001822529816 55165 
5.6435 0.02363381764 0.0001849349928 56684 
5.6445 0.02338990426 0.0001845262645 55671 
5.6455 0.02301311709 0.0001828045932 54806 
5.6465 0.02346776821 0.0001849045091 55682 
5.6475 0.02231632749 0.0001802636805 53843 
5.6485 0.02338897077 0.0001841998681 55946 
5.6495 0.02283335231 0.0001817215464 54883 
5.6505 0.0232727057 0.0001840871277 55363 
5.6515 0.02285042708 0.0001822822944 54821 
5.6525 0.02386081815 0.0001870159489 56093 
5.6535 0.02283292524 0.0001820407385 54713 
5.6545 0.02323542747 0.0001836470931 55595 
5.6555 0.02308257161 0.0001829156767 55377 
5.6565 0.02273507383 0.0001822793903 53933 
5.6575 0.02346299233 0.0001848139575 55659 
5.6585 0.02353311316 0.0001855949437 55567 
5.6595 0.02311183689 0.0001840851885 54589 
5.6605 0.02339769473 0.0001849400268 55263 
5.6615 0.02263507318 0.000181144831 54158 
5.6625 0.02317625633 0.0001834317712 55315 
5.6635 0.02286855791 0.0001825379577 54634 
5.6645 0.02337917421 0.0001849144079 55079 
5.6655 0.02363499012 0.000185892704 55821 
5.6665 0.02317237727 0.0001838643886 55288 
5.6675 0.02326967847 0.0001842034447 54901 
5.6685 0.02303604216 0.0001827102261 55408 
5.6695 0.02389216172 0.0001874467803 56116 
5.6705 0.02331038644 0.000184594252 55300 
5.6715 0.02323469673 0.0001850766493 54636 
5.6725 0.02289524591 0.0001832439683 54212 
5.6735 0.0235551868 0.0001858830216 55362 
5.6745 0.02301627903 0.0001841781553 54239 
5.6755 0.02330583716 0.0001844949175 55728 
5.6765 0.02374590264 0.000186951104 55739 
5.6775 0.02346555029 0.0001854114621 55362 
5.6785 0.02339963837 0.0001851538264 55206 
5.6795 0.02337726159 0.0001850823157 55278 
5.6805 0.02317702271 0.0001844214432 54880 
5.6815 0.02291791274 0.0001834299272 54228 
5.6825 0.02341690569 0.0001853059775 55251 
5.6835 0.02392488307 0.0001877693977 55804 
5.6845 0.02368505532 0.000186435894 55545 
5.6855 0.02367228072 0.0001868945909 55248 
5.6865 0.02364294027 0.0001868571809 54900 
5.6875 0.02269883293 0.0001828689664 53719 
5.6885 0.02315297274 0.00018455518 54815 
5.6895 0.02372876812 0.0001863432942 56268 
5.6905 0.02368093384 0.0001863873172 56079 
5.6915 0.02275809387 0.0001835504417 53597 
5.6925 0.02295311206 0.0001840185301 54335 
5.6935 0.02345230728 0.0001859737172 54900 
5.6945 0.02332730478 0.0001856122856 55102 
5.6955 0.02324702993 0.0001850886465 54587 
5.6965 0.02350507778 0.0001863290965 55036 
5.6975 0.02335840279 0.0001855732569 54848 
5.6985 0.02396953349 0.0001882692397 55832 
5.6995 0.02346043846 0.0001861217201 54895 
5.7005 0.02348173305 0.0001859669976 55352 
5.7015 0.02377932904 0.00018746122 55485 
5.7025 0.02335793503 0.0001862422563 54267 
5.7035 0.02391576798 0.000187642215 55952 
5.7045 0.02335917646 0.000186025974 54583 
5.7055 0.02346297041 0.000186520574 54546 
5.7065 0.02326711328 0.0001856611311 54795 
5.7075 0.02380890259 0.0001881676545 55446 
5.7085 0.02377640742 0.0001882224281 55105 
5.7095 0.02326828262 0.0001862708595 54018 
5.7105 0.02395522672 0.0001888888702 55275 
5.7115 0.02313628626 0.0001852149239 53860 
5.7125 0.02334460542 0.0001866687277 54391 
5.7135 0.02273572672 0.0001837529554 53273 
5.7145 0.02308472719 0.0001845956286 54256 
5.7155 0.02354506398 0.0001869839557 54666 
5.7165 0.02394771132 0.0001884110557 55821 
5.7175 0.02361717291 0.0001869623527 55638 
5.7185 0.02356171737 0.0001874741779 55085 
5.7195 0.02358445256 0.0001873250143 54721 
5.7205 0.02353685951 0.0001869640604 54793 
5.7215 0.02319400173 0.000186140657 54087 
5.7225 0.0234038858 0.000186780381 54280 
5.7235 0.02364334548 0.000188104107 55100 
5.7245 0.02322989819 0.0001859769289 54255 
5.7255 0.02345320672 0.0001869733521 54522 
5.7265 0.02378203578 0.0001885724033 55346 
5.7275 0.02400451185 0.000189249087 55715 
5.7285 0.02386120677 0.000188863492 55457 
5.7295 0.02300438299 0.0001853223009 53765 
5.7305 0.02380670663 0.0001883355693 55235 
5.7315 0.02403452376 0.0001898611352 55548 
5.7325 0.02386724938 0.0001887766589 55332 
5.7335 0.02341141389 0.0001869852203 54188 
5.7345 0.02359117278 0.0001878922943 54658 
5.7355 0.02363329749 0.0001879621909 54717 
5.7365 0.02347714069 0.0001873169427 54453 
5.7375 0.02349151485 0.0001882229674 53896 
5.7385 0.02405726541 0.0001904904915 55082 
5.7395 0.02427714247 0.0001905184417 56401 
5.7405 0.02358987187 0.0001880457002 54370 
5.7415 0.02384936929 0.0001896386042 54818 
5.7425 0.02377011845 0.0001886624339 55356 
5.7435 0.02368368327 0.0001885420515 54738 
5.7445 0.02392152275 0.0001896077635 55083 
5.7455 0.0239738928 0.0001897843494 54796 
5.7465 0.02391611733 0.0001894675609 54878 
5.7475 0.02392217452 0.0001900218309 55004 
5.7485 0.0237830977 0.000189435355 54372 
5.7495 0.0241885328 0.0001907831818 55618 
5.7505 0.02379058803 0.0001897970074 54482 
5.7515 0.02348007144 0.0001877694791 54339 
5.7525 0.02379300043 0.0001894160223 55053 
5.7535 0.02352482389 0.0001886264055 53650 
5.7545 0.02413632912 0.0001906676394 55461 
5.7555 0.0238410757 0.0001896785516 54505 
5.7565 0.02392922631 0.0001899095918 54836 
5.7575 0.02319053919 0.0001866136052 53519 
5.7585 0.02398802015 0.0001903776797 54831 
5.7595 0.02360977706 0.0001886949719 54106 
5.7605 0.02377061435 0.0001892263935 54515 
5.7615 0.02380960706 0.0001900259575 54554 
5.7625 0.02384533044 0.0001898147604 54599 
5.7635 0.02442080829 0.0001920276684 55604 
5.7645 0.0235998034 0.0001885846216 54723 
5.7655 0.02398631091 0.0001903445876 55276 
5.7665 0.02346664414 0.0001882903136 54159 
5.7675 0.0240878624 0.000190856433 54842 
5.7685 0.02397311292 0.000190625059 55062 
5.7695 0.02388598946 0.0001900681215 54435 
5.7705 0.02491946608 0.0001948461668 56134 
5.7715 0.02383220939 0.0001901303217 54417 
5.7725 0.02391433434 0.000190306768 54495 
5.7735 0.02411789784 0.0001913861489 55018 
5.7745 0.02397268345 0.0001908750682 54693 
5.7755 0.02352422782 0.0001888275472 53953 
5.7765 0.02468629114 0.0001938562296 55568 
5.7775 0.02375394397 0.0001899307096 54107 
5.7785 0.02390397676 0.0001903960963 54452 
5.7795 0.02397135402 0.0001908748628 54458 
5.7805 0.02432823113 0.000192739783 54802 
5.7815 0.02397590213 0.0001904377572 54950 
5.7825 0.02437137956 0.000192745026 55470 
5.7835 0.02437565128 0.0001923720796 55632 
5.7845 0.0243316506 0.0001928639993 54703 
5.7855 0.02453151481 0.0001936350928 55066 
5.7865 0.02426510326 0.0001923676668 54948 
5.7875 0.02458671951 0.0001931440002 56043 
5.7885 0.02428084538 0.000192456981 55070 
5.7895 0.02433669951 0.0001931422614 54635 
5.7905 0.02399501446 0.0001914432718 54487 
5.7915 0.0242200952 0.0001924767325 54741 
5.7925 0.02357267572 0.0001891436195 53909 
5.7935 0.02440310077 0.0001934824235 54819 
5.7945 0.02414058981 0.0001920879303 54253 
5.7955 0.02457445361 0.0001946211987 54878 
5.7965 0.02445114299 0.0001928509947 55385 
5.7975 0.02395088499 0.0001911182797 54700 
5.7985 0.02411772129 0.000191472717 54549 
5.7995 0.02436393712 0.0001930919713 55139 
5.8005 0.02407151792 0.0001915823818 54747 
5.8015 0.02458613984 0.0001946828166 55024 
5.8025 0.02419902709 0.0001922681461 55368 
5.8035 0.02459753261 0.0001940362782 55881 
5.8045 0.02409080666 0.0001916111291 54764 
5.8055 0.0238569707 0.0001907110719 54431 
5.8065 0.02399142526 0.0001923211215 53687 
5.8075 0.02413005655 0.0001917401363 54945 
5.8085 0.02398911965 0.0001915978282 54426 
5.8095 0.02486365538 0.0001955034418 55745 
5.8105 0.02407833638 0.0001922158765 54559 
5.8115 0.02452562604 0.0001940894699 55247 
5.8125 0.02475335054 0.000194845326 55906 
5.8135 0.0243783818 0.0001935544404 54900 
5.8145 0.0246501889 0.000194844522 55619 
5.8155 0.02423210812 0.0001928996282 55087 
5.8165 0.02521730681 0.0001968797055 56721 
5.8175 0.02474472161 0.0001949568876 55289 
5.8185 0.0245733767 0.0001938108604 55901 
5.8195 0.02409556859 0.0001922549247 54290 
5.8205 0.02454265439 0.0001937110615 55719 
5.8215 0.02466101388 0.0001941580248 55665 
5.8225 0.02473550509 0.000194972774 55675 
5.8235 0.02447732142 0.0001944193811 54599 
5.8245 0.02474069856 0.0001952822542 55440 
5.8255 0.02465310497 0.0001943069924 55984 
5.8265 0.02469502095 0.0001947523323 55615 
5.8275 0.02487190531 0.0001954304456 55719 
5.8285 0.02464835604 0.0001939299051 55565 
5.8295 0.02425325333 0.0001929778241 54398 
5.8305 0.02434869757 0.000192966448 55232 
5.8315 0.02479726788 0.0001945736523 56050 
5.8325 0.02423904316 0.0001925466552 55075 
5.8335 0.0244610869 0.0001935777224 55147 
5.8345 0.02424574584 0.000192688811 54689 
5.8355 0.02467866963 0.0001942315489 56145 
5.8365 0.02448177812 0.0001937420727 54999 
5.8375 0.02435771774 0.0001938148473 54522 
5.8385 0.0245316555 0.0001942173545 55088 
5.8395 0.02464813507 0.0001947609681 55424 
5.8405 0.02439191227 0.0001933885897 54961 
5.8415 0.02550261254 0.0001978292161 57496 
5.8425 0.02426392856 0.0001933960266 54836 
5.8435 0.02472526057 0.0001950178787 55669 
5.8445 0.0249372268 0.0001963135933 55724 
5.8455 0.02463544084 0.000194281895 56083 
5.8465 0.0244569554 0.0001932175388 55616 
5.8475 0.02465853328 0.0001947059123 55529 
5.8485 0.02479396286 0.0001953738891 55979 
5.8495 0.024573067 0.0001947254016 55230 
5.8505 0.02479329314 0.0001955774284 55744 
5.8515 0.02481270349 0.0001956906624 55566 
5.8525 0.02438982825 0.0001936916011 55125 
5.8535 0.02497175646 0.0001963409815 56136 
5.8545 0.02508885778 0.0001970756827 55756 
5.8555 0.02461077792 0.0001949372889 55282 
5.8565 0.02481443628 0.0001957364152 55920 
5.8575 0.02489997924 0.000195819822 56152 
5.8585 0.02451267745 0.0001945271931 54379 
5.8595 0.02497492423 0.0001964686235 55602 
5.8605 0.02456203758 0.0001952614023 54849 
5.8615 0.02525302168 0.0001978205183 55704 
5.8625 0.02509166634 0.0001971896297 55879 
5.8635 0.0252738293 0.000198515177 55692 
5.8645 0.02468725071 0.0001955272219 55073 
5.8655 0.02497538451 0.0001968864044 55035 
5.8665 0.02466604643 0.0001953570166 54950 
5.8675 0.02458055385 0.000194893894 54944 
5.8685 0.0255593164 0.0001988686236 56946 
5.8695 0.02475933972 0.0001962639984 54924 
5.8705 0.02478863893 0.0001962768199 55031 
5.8715 0.02508364921 0.0001971648242 55518 
5.8725 0.02482428891 0.0001959947934 55275 
5.8735 0.02509679812 0.0001974248867 55641 
5.8745 0.02452651107 0.0001949096667 54622 
5.8755 0.02471713162 0.0001966481114 54643 
5.8765 0.0246389124 0.0001957874437 54691 
5.8775 0.02500509422 0.0001969820048 55508 
5.8785 0.02511302959 0.0001978127899 55829 
5.8795 0.02504370384 0.0001975886139 55357 
5.8805 0.02520327696 0.0001983576426 55493 
5.8815 0.0249850012 0.0001971610087 55330 
5.8825 0.02505181968 0.0001975638653 55451 
5.8835 0.02460899109 0.0001956634704 54746 
5.8845 0.02549376256 0.0001992951179 56315 
5.8855 0.02453656943 0.0001955754372 54771 
5.8865 0.02522358063 0.0001987718425 55369 
5.8875 0.02516935908 0.0001982531625 55713 
5.8885 0.02473063494 0.0001962406162 54493 
5.8895 0.02487403927 0.0001971079119 55334 
5.8905 0.02507206472 0.0001975676542 56292 
5.8915 0.0250539268 0.0001977613239 55397 
5.8925 0.0260499272 0.0002025710404 56652 
5.8935 0.0250883134 0.000197901061 55224 
5.8945 0.02484110201 0.0001967265851 55154 
5.8955 0.02601623465 0.0002022772542 56416 
5.8965 0.02492061756 0.0001979728175 55135 
5.8975 0.02516331177 0.0001981086849 55646 
5.8985 0.02508454327 0.0001981898088 54887 
5.8995 0.02498586534 0.0001971804189 55578 
5.9005 0.02494799317 0.0001976644142 55209 
5.9015 0.02481513038 0.0001973564099 54858 
5.9025 0.02460290597 0.0001962307397 54219 
5.9035 0.02527124062 0.0001991275607 55513 
5.9045 0.02566958221 0.0002008078373 56148 
5.9055 0.02549251745 0.0002003481807 56095 
5.9065 0.02488738105 0.0001976989119 54780 
5.9075 0.02467983 0.0001968896413 54488 
5.9085 0.02500982949 0.0001986185761 54731 
5.9095 0.02530551206 0.0001994720387 55594 
5.9105 0.02521669563 0.0001986458251 55452 
5.9115 0.02563383992 0.0002009493859 56580 
5.9125 0.02526579325 0.0001993742783 55594 
5.9135 0.02558608627 0.0002012944465 56016 
5.9145 0.02427070268 0.000194743096 53995 
5.9155 0.0254694466 0.0002002799785 55929 
5.9165 0.02515008087 0.0001987480192 55435 
5.9175 0.02508645496 0.0001985229632 55454 
5.9185 0.02522265064 0.0001994621422 55135 
5.9195 0.02573640223 0.0002017262925 55631 
5.9205 0.02509655548 0.0001987702291 54558 
5.9215 0.02548116249 0.0002011581626 55444 
5.9225 0.0248638931 0.0001987464134 53848 
5.9235 0.02518583843 0.00019929334 55450 
5.9245 0.0251962443 0.00019931412 55163 
5.9255 0.02613044278 0.0002030734469 56894 
5.9265 0.02494246228 0.0001983993724 54809 
5.9275 0.02540698764 0.0002000915459 55625 
5.9285 0.02522482599 0.0001996324127 55258 
5.9295 0.02545163353 0.0002010605029 55255 
5.9305 0.02531879229 0.0002002298699 54925 
5.9315 0.0253346053 0.0002002400394 55259 
5.9325 0.02539830694 0.0002008854187 55185 
5.9335 0.02546729523 0.0002009409196 55411 
5.9345 0.02506645709 0.0001993481923 54616 
5.9355 0.0255965419 0.0002019768708 55577 
5.9365 0.02524070334 0.000199358455 55463 
5.9375 0.02568550622 0.0002016558422 56033 
5.9385 0.0255273403 0.0002013433073 55498 
5.9395 0.02499759647 0.0001992571417 54549 
5.9405 0.02535870539 0.0002007581276 55596 
5.9415 0.02544271067 0.0002010913642 55475 
5.9425 0.02592168036 0.0002030642273 56220 
5.9435 0.02608584109 0.0002036165111 56441 
5.9445 0.02548386348 0.0002010211289 55633 
5.9455 0.02518720457 0.0001999299767 54667 
5.9465 0.0250254835 0.0001990603514 54926 
5.9475 0.02474457965 0.0001981352618 54080 
5.9485 0.02531479227 0.0002009786286 54654 
5.9495 0.02562974514 0.0002017100662 55755 
5.9505 0.0257043167 0.0002025325695 55376 
5.9515 0.02546615854 0.0002015445016 54688 
5.9525 0.0252931281 0.000200151995 54722 
5.9535 0.02546256458 0.0002013254897 55052 
5.9545 0.02585535118 0.0002031516852 56052 
5.9555 0.02592627476 0.0002036833212 55467 
5.9565 0.02558709672 0.000202028347 55561 
5.9575 0.02608415503 0.0002037853824 56045 
5.9585 0.0255997079 0.0002014708724 55464 
5.9595 0.02549106181 0.0002015930175 55490 
5.9605 0.02596504686 0.0002035100926 56114 
5.9615 0.02535882757 0.0002016115748 54292 
5.9625 0.02548763605 0.000202208601 54530 
5.9635 0.02643592335 0.000205662869 56969 
5.9645 0.02574173382 0.0002030826536 55713 
5.9655 0.02617431 0.0002047451193 56360 
5.9665 0.02611751819 0.0002040623718 56231 
5.9675 0.02533028242 0.0002017471239 54563 
5.9685 0.02622288974 0.0002051114011 56257 
5.9695 0.02587562601 0.00020423638 55369 
5.9705 0.0261646689 0.0002054172477 55564 
5.9715 0.02660204837 0.0002063956304 56987 
5.9725 0.02630084291 0.0002059303011 55946 
5.9735 0.02650635259 0.0002064609763 56345 
5.9745 0.02584188622 0.0002033325232 55725 
5.9755 0.02550502642 0.0002021450629 55152 
5.9765 0.02612613219 0.000204885082 55720 
5.9775 0.02578732276 0.0002032263278 55379 
5.9785 0.02571614418 0.0002035035971 55043 
5.9795 0.02557232834 0.000202951518 54617 
5.9805 0.02557046797 0.0002032740456 54479 
5.9815 0.02606392415 0.0002049158878 55227 
5.9825 0.02590129153 0.0002045129117 55555 
5.9835 0.02603984983 0.0002047854221 55506 
5.9845 0.02631071035 0.0002060077 55990 
5.9855 0.025895448 0.0002039097413 55536 
5.9865 0.02658325562 0.0002078491249 56158 
5.9875 0.02537164064 0.000202504485 54192 
5.9885 0.02593002257 0.0002041841991 55311 
5.9895 0.02551463686 0.0002032513747 54293 
5.9905 0.02517123066 0.0002010038779 54142 
5.9915 0.02587500792 0.0002042991423 55137 
5.9925 0.02639872311 0.000206920866 55988 
5.9935 0.02547495033 0.0002028198335 54127 
5.9945 0.02608250628 0.0002054110725 55452 
5.9955 0.02654311129 0.0002071411104 56124 
5.9965 0.02588443835 0.0002044179007 55672 
5.9975 0.0259933428 0.0002044536568 55856 
5.9985 0.02611341792 0.0002055471927 55435 
5.9995 0.02635142792 0.0002066314509 55890 
6.0005 0.0258118552 0.0002048142041 54783 
6.0015 0.02531091257 0.0002021281464 54209 
6.0025 0.02525708226 0.0002022310907 53855 
6.0035 0.02575530234 0.0002043917705 54915 
6.0045 0.0263109949 0.0002066324194 56364 
6.0055 0.0260382153 0.0002058799727 54751 
6.0065 0.02589589323 0.0002052527766 55105 
6.0075 0.02547028301 0.0002035349205 54215 
6.0085 0.02619462576 0.0002065565393 55216 
6.0095 0.02567122547 0.0002039097872 54823 
6.0105 0.02592548109 0.0002052988545 54778 
6.0115 0.02597126641 0.0002059557863 54582 
6.0125 0.02588861842 0.0002048705753 55176 
6.0135 0.02546214077 0.0002029848609 54045 
6.0145 0.02558025732 0.0002038549607 54351 
6.0155 0.02556240259 0.0002034776722 54463 
6.0165 0.0267701756 0.0002089010787 56527 
6.0175 0.02643494262 0.0002075964067 55943 
6.0185 0.02593269018 0.0002058185668 54461 
6.0195 0.02636879047 0.000207304175 55686 
6.0205 0.02598293488 0.0002055622945 55413 
6.0215 0.02602336492 0.0002056972902 55159 
6.0225 0.02608224604 0.0002057537835 55300 
6.0235 0.02613498918 0.0002063726218 54889 
6.0245 0.02610396765 0.0002056784708 55440 
6.0255 0.02579156128 0.0002047473155 55155 
6.0265 0.02649199669 0.0002077677078 55971 
6.0275 0.0260191542 0.0002063789446 54659 
6.0285 0.02667763003 0.0002085339271 56444 
6.0295 0.02577932123 0.0002049187268 54442 
6.0305 0.02659257757 0.0002083943542 56078 
6.0315 0.02682081879 0.0002100359509 55800 
6.0325 0.02666837645 0.00020863295 56311 
6.0335 0.02567125305 0.0002047854304 54254 
6.0345 0.02582462717 0.0002056579509 54268 
6.0355 0.02660059554 0.0002088948193 55676 
6.0365 0.02599681799 0.0002062610206 54781 
6.0375 0.02650597951 0.0002079808204 55964 
6.0385 0.02620750338 0.000207056046 55353 
6.0395 0.02689196607 0.0002100300328 56309 
6.0405 0.02609687753 0.0002072795151 54717 
6.0415 0.02657055664 0.0002091166612 55478 
6.0425 0.02643935054 0.0002085361774 55190 
6.0435 0.02653526521 0.0002084632433 55650 
6.0445 0.02675503652 0.0002100739398 55966 
6.0455 0.02623247639 0.0002076075337 54914 
6.0465 0.02617639965 0.0002075409304 54682 
6.0475 0.02671400674 0.0002093413685 56263 
6.0485 0.02572296183 0.0002054377216 54299 
6.0495 0.02665038016 0.0002094788064 55699 
6.0505 0.02657362291 0.0002093927598 55424 
6.0515 0.02635651413 0.0002080630972 55307 
6.0525 0.02632515006 0.0002076904455 55194 
6.0535 0.0267604562 0.0002099390581 56201 
6.0545 0.02620342495 0.000207106561 55188 
6.0555 0.02671277161 0.0002098787875 55620 
6.0565 0.02597117794 0.0002070342634 54465 
6.0575 0.02658137043 0.0002095600707 55673 
6.0585 0.02616421942 0.0002075207016 54754 
6.0595 0.02635489471 0.0002089930374 55189 
6.0605 0.0269680693 0.0002110593424 55695 
6.0615 0.02648347205 0.0002092725834 54793 
6.0625 0.02678143954 0.0002106908985 55593 
6.0635 0.02658302641 0.0002097168203 55195 
6.0645 0.02640803445 0.0002088132933 55244 
6.0655 0.02692808516 0.0002104549954 56047 
6.0665 0.02643120024 0.0002088889384 55201 
6.0675 0.02582502244 0.0002062865622 53721 
6.0685 0.02702495477 0.0002114786036 55981 
6.0695 0.02639273191 0.0002089431094 55477 
6.0705 0.02664102439 0.0002097797844 55832 
6.0715 0.02622761296 0.0002080088674 54730 
6.0725 0.02654443784 0.000209444355 55440 
6.0735 0.02653017474 0.0002094069202 55722 
6.0745 0.02665685768 0.0002105077464 54819 
6.0755 0.02725355967 0.0002124190799 56492 
6.0765 0.02633991616 0.0002091134367 54327 
6.0775 0.02695294491 0.0002114216323 55811 
6.0785 0.02682932776 0.0002109790638 55416 
6.0795 0.02671038087 0.0002102764154 55223 
6.0805 0.02683106205 0.0002117717481 54612 
6.0815 0.02661931822 0.000210054019 55418 
6.0825 0.02716712507 0.0002130774034 55768 
6.0835 0.02688215135 0.0002109315277 55788 
6.0845 0.02624811999 0.0002092005794 54001 
6.0855 0.0267048721 0.0002109011234 54998 
6.0865 0.02717123822 0.0002127874502 56522 
6.0875 0.026691631 0.0002107347079 54764 
6.0885 0.02706681853 0.0002124941228 55554 
6.0895 0.02710094077 0.0002125403449 55978 
6.0905 0.02720235139 0.0002127271816 56302 
6.0915 0.02665680935 0.0002109408805 54590 
6.0925 0.02638901058 0.0002095841507 54898 
6.0935 0.0265208117 0.0002095197227 55409 
6.0945 0.02669948732 0.0002111204231 55171 
6.0955 0.02782432041 0.0002161358486 56577 
6.0965 0.02639192156 0.0002099815168 54756 
6.0975 0.02664342721 0.0002113711976 54832 
6.0985 0.02690479409 0.0002125770072 55071 
6.0995 0.02701371261 0.0002128862679 55556 
6.1005 0.02672567956 0.0002116050526 55011 
6.1015 0.02653125472 0.0002104525974 54539 
6.1025 0.02765874203 0.0002150421803 56673 
6.1035 0.02651789013 0.0002104695526 54970 
6.1045 0.0271406934 0.000213346596 55360 
6.1055 0.02775954356 0.0002158535054 56304 
6.1065 0.02795892088 0.0002161387891 57097 
6.1075 0.02697999557 0.0002130637764 55441 
6.1085 0.02679287243 0.0002118009606 55123 
6.1095 0.02660244851 0.0002108799624 54875 
6.1105 0.02740865716 0.0002146254268 56063 
6.1115 0.02656142634 0.000210750273 54746 
6.1125 0.02643783297 0.0002101903428 54289 
6.1135 0.02664019982 0.000211381263 54203 
6.1145 0.02687483929 0.0002121106147 54983 
6.1155 0.02679535628 0.0002117608127 55285 
6.1165 0.02682709706 0.0002124284979 54707 
6.1175 0.02679525623 0.0002121493974 54941 
6.1185 0.02744346272 0.0002148430795 56339 
6.1195 0.02682027373 0.0002118947105 55651 
6.1205 0.02692547375 0.0002132511755 54864 
6.1215 0.02651462 0.00021116206 54287 
6.1225 0.02711445886 0.0002133260273 55075 
6.1235 0.02737288099 0.0002145469129 56005 
6.1245 0.02664068852 0.0002116703927 54625 
6.1255 0.0273399061 0.0002149912779 55925 
6.1265 0.02648853544 0.0002114293052 54273 
6.1275 0.02729057857 0.0002141581417 55759 
6.1285 0.02708532415 0.0002138897519 54957 
6.1295 0.02709759739 0.0002133928364 55504 
6.1305 0.02740958159 0.000215352202 55583 
6.1315 0.02689945558 0.0002131628513 55124 
6.1325 0.02692826017 0.0002130240159 54968 
6.1335 0.0270192806 0.0002136547513 54687 
6.1345 0.02669737166 0.0002122175598 54303 
6.1355 0.02726733423 0.0002150227669 54958 
6.1365 0.0279586155 0.0002176549578 56064 
6.1375 0.02696783072 0.000213835057 54379 
6.1385 0.0275243962 0.0002158824214 55685 
6.1395 0.0275023814 0.0002160478834 55530 
6.1405 0.02785119956 0.0002173597386 56319 
6.1415 0.02669892938 0.0002121546337 54369 
6.1425 0.02653338726 0.0002117525079 53952 
6.1435 0.02740797481 0.000215150105 55411 
6.1445 0.02784856499 0.0002171914264 56445 
6.1455 0.02731014242 0.0002149842643 55217 
6.1465 0.02727642144 0.0002148335287 55215 
6.1475 0.0279037122 0.0002174352199 56597 
6.1485 0.02740640851 0.000215857996 55296 
6.1495 0.02751605184 0.0002162874062 55523 
6.1505 0.02750303881 0.0002162408314 55267 
6.1515 0.0266993586 0.0002125820066 54634 
6.1525 0.02805322391 0.000218580135 56082 
6.1535 0.02710802166 0.0002145748483 54638 
6.1545 0.02683411143 0.000213542454 55112 
6.1555 0.02693965122 0.0002139696575 54408 
6.1565 0.02739616066 0.0002163558305 54844 
6.1575 0.02784467449 0.0002177088163 56146 
6.1585 0.02721430309 0.0002148785235 55523 
6.1595 0.0270761238 0.0002150391098 54470 
6.1605 0.02804702534 0.0002184411311 56635 
6.1615 0.0273705611 0.0002155514467 55650 
6.1625 0.02747100561 0.0002163337285 54798 
6.1635 0.02824735275 0.0002198339884 56492 
6.1645 0.02786241078 0.0002180721069 55867 
6.1655 0.02678171355 0.000213627899 54163 
6.1665 0.02745841311 0.0002165020819 55180 
6.1675 0.02745078409 0.0002160784024 55076 
6.1685 0.02730857523 0.0002157961507 55230 
6.1695 0.02772312299 0.0002175351729 55487 
6.1705 0.0273894615 0.0002162189978 55280 
6.1715 0.02740669703 0.0002172615881 54159 
6.1725 0.02730926809 0.0002161776806 54979 
6.1735 0.02747978488 0.0002165177763 55295 
6.1745 0.02713543931 0.0002155459792 54281 
6.1755 0.02786460565 0.00021851204 55361 
6.1765 0.02766925338 0.0002181042713 55315 
6.1775 0.02671650522 0.0002133148455 54639 
6.1785 0.02793410013 0.0002184436276 55918 
6.1795 0.02786746427 0.0002181043025 56432 
6.1805 0.02785312634 0.0002184058083 55681 
6.1815 0.02760928442 0.0002175735453 54823 
6.1825 0.0282803614 0.0002204060161 56379 
6.1835 0.02808883501 0.0002192643866 56852 
6.1845 0.02716402298 0.0002155931566 54890 
6.1855 0.02736633506 0.0002168109291 54373 
6.1865 0.02809350962 0.0002194086824 56063 
6.1875 0.02776132488 0.0002181284594 55721 
6.1885 0.02762456491 0.0002182888506 54889 
6.1895 0.02815734529 0.0002203408699 55831 
6.1905 0.027219118 0.0002155892862 55231 
6.1915 0.02763666816 0.0002181779242 55197 
6.1925 0.02733676857 0.0002161717681 54624 
6.1935 0.0277216473 0.0002182105877 55206 
6.1945 0.02736916067 0.0002170932559 54596 
6.1955 0.02810506458 0.0002203553726 55419 
6.1965 0.0278397027 0.0002190852035 55047 
6.1975 0.02752968029 0.0002174267823 55482 
6.1985 0.02808251425 0.0002200269835 55952 
6.1995 0.02748096497 0.0002173006865 54873 
6.2005 0.02807813622 0.0002203233898 55965 
6.2015 0.02795927888 0.000219332761 55732 
6.2025 0.02762311982 0.0002188615009 54452 
6.2035 0.02793165794 0.0002192916925 55210 
6.2045 0.02760972829 0.0002185931986 54698 
6.2055 0.02776829715 0.000219233612 55064 
6.2065 0.02740547352 0.0002176210608 54886 
6.2075 0.02787278771 0.0002195492772 54684 
6.2085 0.02753106958 0.0002178613813 55109 
6.2095 0.02785593464 0.0002199151893 55133 
6.2105 0.02824073881 0.0002207725762 56311 
6.2115 0.0277959969 0.0002191304591 55170 
6.2125 0.02846255732 0.0002218877457 56356 
6.2135 0.02850793047 0.0002228237867 55893 
6.2145 0.02810035252 0.0002205876465 55803 
6.2155 0.02795966761 0.0002198942887 55650 
6.2165 0.02805371615 0.0002209156656 55208 
6.2175 0.02797590505 0.0002199711139 55561 
6.2185 0.02835487471 0.0002213515683 56329 
6.2195 0.0278155961 0.000219801689 55151 
6.2205 0.02855573614 0.0002225200964 56714 
6.2215 0.02794696444 0.0002202048438 55430 
6.2225 0.02728638994 0.0002176967109 53631 
6.2235 0.02779089681 0.0002203204898 54126 
6.2245 0.02754326398 0.0002180192403 54931 
6.2255 0.028680066 0.0002230057208 56738 
6.2265 0.02746423559 0.0002186105199 54041 
6.2275 0.02818988539 0.0002214738778 55532 
6.2285 0.02761919443 0.0002187223737 55471 
6.2295 0.02818780567 0.0002218516513 55214 
6.2305 0.02867500336 0.0002228494175 56235 
6.2315 0.02837977333 0.0002221842202 56051 
6.2325 0.02758715365 0.000218765022 54696 
6.2335 0.02776101305 0.0002197893861 54975 
6.2345 0.02785643855 0.0002206180112 54383 
6.2355 0.02745129998 0.0002187198348 54103 
6.2365 0.0281012483 0.0002210289362 55715 
6.2375 0.02858986337 0.0002232518857 56036 
6.2385 0.02822118549 0.00022189746 55381 
6.2395 0.02795531548 0.000221015527 55362 
6.2405 0.02836944883 0.0002222197564 55621 
6.2415 0.028124899 0.0002211529067 55524 
6.2425 0.02785407065 0.0002208464281 54847 
6.2435 0.02886498981 0.0002250903222 55713 
6.2445 0.02815760657 0.0002219937645 54934 
6.2455 0.0280829317 0.0002213456992 55181 
6.2465 0.0282218932 0.0002223217035 55634 
6.2475 0.02842092372 0.0002234287587 55455 
6.2485 0.02844119095 0.0002230024781 55551 
6.2495 0.02832614996 0.000222849341 55584 
6.2505 0.02829671236 0.0002228252428 55509 
6.2515 0.02827570927 0.000222011893 55096 
6.2525 0.02794742606 0.0002206908796 55368 
6.2535 0.02850429972 0.0002243109638 55497 
6.2545 0.02798292719 0.0002213117186 55066 
6.2555 0.02843039135 0.0002230812122 55719 
6.2565 0.02801001688 0.0002225238488 54564 
6.2575 0.02815606388 0.0002221867243 55328 
6.2585 0.02789223348 0.0002212282352 54850 
6.2595 0.02753416258 0.0002199067843 54037 
6.2605 0.02746683941 0.0002191133572 54549 
6.2615 0.02798474345 0.0002205903877 55257 
6.2625 0.02804335801 0.0002218790603 54476 
6.2635 0.028142697 0.000221711116 55709 
6.2645 0.02922336509 0.000226557536 56635 
6.2655 0.02842968785 0.0002235284876 55087 
6.2665 0.02831780071 0.0002241847726 54460 
6.2675 0.02830017704 0.0002227032369 55336 
6.2685 0.02743466478 0.0002197691379 53732 
6.2695 0.02843673411 0.0002237273426 54680 
6.2705 0.02835057252 0.0002238845463 54878 
6.2715 0.02886031297 0.000225121664 56571 
6.2725 0.02865747579 0.0002247928339 55616 
6.2735 0.02824324464 0.0002228455891 55042 
6.2745 0.02751738459 0.0002203118525 53659 
6.2755 0.02846921026 0.0002230791899 55684 
6.2765 0.02843016341 0.000223933149 55185 
6.2775 0.028601817 0.0002245880345 55027 
6.2785 0.02810821592 0.0002228283885 54647 
6.2795 0.02865543623 0.000224822317 55573 
6.2805 0.02846840983 0.0002237027225 55353 
6.2815 0.02787595026 0.00022196093 54373 
6.2825 0.02871978425 0.0002253787193 55670 
6.2835 0.02840742269 0.0002243857305 55276 
6.2845 0.02817571176 0.000223454061 54775 
6.2855 0.02865601148 0.0002248366643 55595 
6.2865 0.0289519218 0.0002269252499 55576 
6.2875 0.02879600911 0.0002258845411 56074 
6.2885 0.028200059 0.0002234255051 54629 
6.2895 0.02799092729 0.0002220813464 54756 
6.2905 0.02849871142 0.0002240155968 55700 
6.2915 0.02866122349 0.0002257020632 54808 
6.2925 0.02927669831 0.0002280811136 55993 
6.2935 0.02874930826 0.0002261756181 55358 
6.2945 0.02871638025 0.0002257919588 55779 
6.2955 0.02899590796 0.0002266558942 56278 
6.2965 0.02874568979 0.0002263098155 55114 
6.2975 0.02846831414 0.0002248699296 54382 
6.2985 0.02848352078 0.0002246215744 55026 
6.2995 0.02890163832 0.0002270124668 55643 
6.3005 0.02837522185 0.0002245454304 55019 
6.3015 0.02859582168 0.0002253503089 55330 
6.3025 0.02905619615 0.0002273643213 55703 
6.3035 0.02908806566 0.0002274894914 55760 
6.3045 0.02900264588 0.0002275374217 55742 
6.3055 0.02875020577 0.0002267030676 54753 
6.3065 0.02915905052 0.0002278672313 55712 
6.3075 0.02912629851 0.0002280104493 55753 
6.3085 0.02757028731 0.0002218947349 53206 
6.3095 0.02872005043 0.0002268993237 54693 
6.3105 0.02883381354 0.0002267146813 54628 
6.3115 0.02885332156 0.0002269151025 54969 
6.3125 0.02838508218 0.0002250773264 55270 
6.3135 0.02823639151 0.0002245623117 54299 
6.3145 0.0288014458 0.0002266618536 55401 
6.3155 0.02842394917 0.0002253421144 54661 
6.3165 0.02824110296 0.0002247036148 54411 
6.3175 0.02893749072 0.0002277069578 55563 
6.3185 0.02958567672 0.0002304469771 56666 
6.3195 0.02818698471 0.0002245809572 54054 
6.3205 0.02893936726 0.0002272074061 55718 
6.3215 0.02880924157 0.0002266362971 55384 
6.3225 0.0278001336 0.0002224871409 53790 
6.3235 0.02857651039 0.0002258399701 55186 
6.3245 0.02955291133 0.0002308433133 55991 
6.3255 0.02901534035 0.0002285012981 55198 
6.3265 0.02868827316 0.0002262064821 55311 
6.3275 0.02964079191 0.000230477081 56512 
6.3285 0.02866631753 0.0002265087233 54716 
6.3295 0.02898913182 0.0002279467817 55602 
6.3305 0.02853449521 0.0002258827072 54960 
6.3315 0.02872831288 0.0002269218508 55102 
6.3325 0.02896148337 0.0002285547751 54888 
6.3335 0.02905713294 0.0002285129173 55087 
6.3345 0.02926654699 0.0002292300189 55914 
6.3355 0.02975641162 0.0002314045499 56138 
6.3365 0.02892213101 0.000227925834 55243 
6.3375 0.0291276463 0.0002289812558 55178 
6.3385 0.02893330321 0.0002276484115 55392 
6.3395 0.02890240197 0.0002279950521 55132 
6.3405 0.02972297012 0.0002312430164 56544 
6.3415 0.02954574489 0.0002310066641 55803 
6.3425 0.02887988792 0.0002282173802 55002 
6.3435 0.02898543183 0.0002284401295 55486 
6.3445 0.02904063802 0.0002287556005 55571 
6.3455 0.02918661006 0.0002289532342 55209 
6.3465 0.02906275818 0.0002284669598 55040 
6.3475 0.02886938206 0.0002280353064 54726 
6.3485 0.02914826825 0.0002289278 55180 
6.3495 0.02871504071 0.0002271485022 55353 
6.3505 0.02948111684 0.0002303008188 55813 
6.3515 0.02915967653 0.0002293167309 55453 
6.3525 0.02901554878 0.0002289395262 54753 
6.3535 0.02941029294 0.0002304751958 55778 
6.3545 0.02881554343 0.0002283204185 55081 
6.3555 0.02950167885 0.0002307167397 56219 
6.3565 0.02976803521 0.0002320697699 56025 
6.3575 0.02927487964 0.0002300834894 55334 
6.3585 0.02928116239 0.0002302037828 55588 
6.3595 0.02937528451 0.0002306057289 55688 
6.3605 0.02957680201 0.0002314785816 55832 
6.3615 0.02945127899 0.0002308849514 55121 
6.3625 0.02947518729 0.0002319126853 54890 
6.3635 0.02964337442 0.0002316064643 55722 
6.3645 0.02925897338 0.0002305524872 55425 
6.3655 0.02930775987 0.0002307535364 55326 
6.3665 0.02908936747 0.0002300967204 54624 
6.3675 0.02868203417 0.0002277102576 54427 
6.3685 0.02908202203 0.0002294948889 54804 
6.3695 0.02910961734 0.0002298659748 55496 
6.3705 0.02927288622 0.0002306544299 55157 
6.3715 0.02907553354 0.0002290542815 55538 
6.3725 0.02914624566 0.0002301766146 54867 
6.3735 0.02988801305 0.0002326865362 56677 
6.3745 0.02939429946 0.0002309330727 55771 
6.3755 0.02919249259 0.0002304327552 55204 
6.3765 0.02962730997 0.0002320589548 55715 
6.3775 0.0293875497 0.0002309002964 55491 
6.3785 0.02944181452 0.0002315057634 55593 
6.3795 0.02912162448 0.0002304108488 54855 
6.3805 0.0294469745 0.0002322892704 55330 
6.3815 0.02992301033 0.0002332657525 56003 
6.3825 0.02907141172 0.0002305963193 54379 
6.3835 0.02872414565 0.0002287919708 54091 
6.3845 0.0290168534 0.000230018446 54736 
6.3855 0.02927088309 0.0002309653376 55093 
6.3865 0.02974765195 0.0002325207714 55834 
6.3875 0.02953720804 0.0002323380221 55330 
6.3885 0.02975620979 0.000233317282 55145 
6.3895 0.02972642385 0.0002334738249 55087 
6.3905 0.02947702432 0.0002317195745 55641 
6.3915 0.02915220781 0.0002308027145 54899 
6.3925 0.02910012973 0.0002303152008 54776 
6.3935 0.02891546513 0.0002299827484 54130 
6.3945 0.02920792195 0.0002303636891 55486 
6.3955 0.02919561255 0.0002312984967 54610 
6.3965 0.02900087868 0.0002300067474 54824 
6.3975 0.02935887766 0.0002311748137 55288 
6.3985 0.02956909362 0.0002328986775 54658 
6.3995 0.0287859737 0.0002294954241 53977 
6.4005 0.02914696879 0.0002305538347 55019 
6.4015 0.02863318563 0.000228609992 53841 
6.4025 0.02917944012 0.0002304708864 54955 
6.4035 0.02875906361 0.0002300054744 53069 
6.4045 0.02997868232 0.000234752429 55690 
6.4055 0.02922448617 0.0002312884346 54468 
6.4065 0.02961094671 0.0002327767785 55555 
6.4075 0.0295830992 0.0002325053167 54893 
6.4085 0.02942957108 0.0002324380095 55000 
6.4095 0.02986801485 0.0002346875224 55635 
6.4105 0.0295481901 0.0002323950772 55657 
6.4115 0.02958042857 0.0002322932492 55749 
6.4125 0.02960944109 0.0002325680313 55161 
6.4135 0.02982059127 0.0002342084702 54998 
6.4145 0.02931747239 0.0002321490849 54662 
6.4155 0.02936719522 0.0002320576438 55129 
6.4165 0.02977012438 0.0002343270199 55545 
6.4175 0.02932825649 0.0002327944142 54091 
6.4185 0.0300651207 0.0002351479704 55847 
6.4195 0.02983370697 0.0002344016313 54859 
6.4205 0.03004396646 0.0002353985683 55603 
6.4215 0.02931445116 0.0002318882909 54659 
6.4225 0.02927632802 0.000232347849 54671 
6.4235 0.02987448336 0.0002347081126 55404 
6.4245 0.02989308753 0.0002347625326 55592 
6.4255 0.03007632201 0.0002354964305 55772 
6.4265 0.02961413004 0.0002341022682 54721 
6.4275 0.02981594231 0.0002349706935 55146 
6.4285 0.029201798 0.0002319295902 54201 
6.4295 0.02947978419 0.0002329953782 54701 
6.4305 0.02935632155 0.00023258887 54884 
6.4315 0.03005652978 0.0002354861266 55466 
6.4325 0.0292891179 0.0002321099315 54284 
6.4335 0.02955566984 0.0002339680801 54357 
6.4345 0.03007601335 0.0002358531286 55563 
6.4355 0.02966111823 0.0002345010425 54286 
6.4365 0.02962314496 0.0002341915247 54215 
6.4375 0.03102906855 0.0002401099887 56327 
6.4385 0.02977768265 0.0002348034831 55286 
6.4395 0.03004609902 0.0002358310987 55487 
6.4405 0.02974325742 0.0002345806927 55144 
6.4415 0.02913066846 0.0002324976142 53996 
6.4425 0.03013658953 0.0002368453232 55412 
6.4435 0.03029848733 0.0002375903297 55237 
6.4445 0.02969028665 0.000234424595 55010 
6.4455 0.02993614796 0.0002355056079 55219 
6.4465 0.02988546148 0.0002356381795 54908 
6.4475 0.03009303896 0.0002365353217 55279 
6.4485 0.03048042313 0.0002380831473 55779 
6.4495 0.03003773971 0.0002363744705 54935 
6.4505 0.02978026781 0.0002346876268 55166 
6.4515 0.03010895488 0.0002366454476 55404 
6.4525 0.03082898269 0.0002396844459 56455 
6.4535 0.02979050245 0.0002356289084 54283 
6.4545 0.03031146295 0.0002377024735 55582 
6.4555 0.02988832938 0.0002363193864 54468 
6.4565 0.0299022372 0.000236159103 54431 
6.4575 0.03018725247 0.0002371135486 55356 
6.4585 0.02989012923 0.000236135144 54397 
6.4595 0.03074862533 0.0002393370123 56301 
6.4605 0.0301296377 0.0002380601597 54366 
6.4615 0.03090134635 0.0002403412577 56181 
6.4625 0.0299402363 0.0002360426446 55163 
6.4635 0.03067972577 0.0002390355684 56002 
6.4645 0.0313462978 0.0002419323719 56796 
6.4655 0.02975597827 0.0002355702365 54641 
6.4665 0.02978713147 0.00023597811 54492 
6.4675 0.02944147899 0.0002343189757 54191 
6.4685 0.03030929382 0.0002388318724 54963 
6.4695 0.02974184415 0.0002360607116 54267 
6.4705 0.03062718241 0.0002393168166 56168 
6.4715 0.03061814003 0.0002388043542 56106 
6.4725 0.03013322356 0.0002376184882 54671 
6.4735 0.02988560942 0.0002361293964 54859 
6.4745 0.03032907882 0.000238040034 55376 
6.4755 0.02951094694 0.0002345973003 54271 
6.4765 0.03078816838 0.000240877216 55407 
6.4775 0.03006670705 0.000237622634 55020 
6.4785 0.03028523048 0.0002387311739 54877 
6.4795 0.02960211331 0.0002357677054 54114 
6.4805 0.02992338931 0.000236235667 54980 
6.4815 0.02973755921 0.0002358357305 54771 
6.4825 0.03072838852 0.0002403513788 55600 
6.4835 0.03031501998 0.0002386123632 54884 
6.4845 0.03065998081 0.0002397503956 55959 
6.4855 0.03030193948 0.000237807605 55855 
6.4865 0.03036997678 0.0002389924519 55339 
6.4875 0.03063868001 0.000240242122 55450 
6.4885 0.03031842626 0.0002388447702 55278 
6.4895 0.03002484797 0.0002375294007 54711 
6.4905 0.03068230797 0.0002403096911 55252 
6.4915 0.03014696966 0.0002382701638 55146 
6.4925 0.03026370057 0.0002384225544 55075 
6.4935 0.02948157097 0.0002353606566 54006 
6.4945 0.03025467013 0.0002383194399 55246 
6.4955 0.02986536661 0.0002371684947 54413 
6.4965 0.03071673304 0.0002413013289 55207 
6.4975 0.03061168904 0.0002407421182 55228 
6.4985 0.03043098252 0.0002391624954 55407 
6.4995 0.03110657499 0.0002421737669 55694 
