# Format: McCode with text headers
# URL: http://www.mccode.org
# Creator:  3.5.2, git
# Instrument: templateSANS2.instr
# Ncount: 833333
# Trace: no
# Gravitation: no
# Seed: 1728481092959769
# Directory: LD_scan/2
# Nodes: 12
# Param: lambda=6
# Param: dlambda=0.6
# Param: r=150
# Param: PHI=0.001
# Param: Delta_Rho=6e+10
# Param: frac_dir=0.03
# Param: frac_inc=0.01
# Param: slit1=0.02
# Param: slit2=0.02
# Param: LC=3
# Param: LD=3
# Date: Wed Oct  9 15:38:15 2024 (1728481095)
# type: array_1d(1000)
# Source: templateSANS2 (templateSANS2.instr)
# component: Ldetector
# position: 0 0 6.2
# title: Wavelength monitor
# Ncount: 9999996
# filename: Edet.dat
# statistics: X0=6.02679; dX=0.287715;
# signal: Min=0.00818413; Max=0.0118175; Mean=0.00993731;
# values: 9.93731 0.00246377 5.52252e+07
# xvar: L
# yvar: (I,I_err)
# xlabel: Wavelength [AA]
# ylabel: Intensity
# xlimits: 5.5 6.5
# variables: L I I_err N
5.5005 0.008342118572 6.516884335e-05 55631 
5.5015 0.00864116928 6.660091212e-05 56458 
5.5025 0.008384569478 6.561392159e-05 55355 
5.5035 0.008518780528 6.595375653e-05 56303 
5.5045 0.008303558064 6.523543892e-05 54563 
5.5055 0.008492740381 6.611530139e-05 55908 
5.5065 0.008184133783 6.471365497e-05 54129 
5.5075 0.008433982672 6.588942773e-05 54845 
5.5085 0.008406001357 6.572831042e-05 55159 
5.5095 0.008476644929 6.599015245e-05 56139 
5.5105 0.008444107789 6.572346749e-05 55569 
5.5115 0.008276121158 6.521275758e-05 54498 
5.5125 0.008273216019 6.50964105e-05 54675 
5.5135 0.008382083365 6.563318795e-05 55396 
5.5145 0.008365299516 6.547364377e-05 55391 
5.5155 0.008402910032 6.592349607e-05 54954 
5.5165 0.008764570097 6.727353279e-05 57020 
5.5175 0.008441182098 6.598541786e-05 54839 
5.5185 0.008513183982 6.607203852e-05 56050 
5.5195 0.00851279472 6.624236734e-05 55466 
5.5205 0.008449904584 6.617775592e-05 54674 
5.5215 0.008378676853 6.58137041e-05 54542 
5.5225 0.008359472544 6.551836443e-05 54861 
5.5235 0.008438501795 6.614696911e-05 54723 
5.5245 0.008438795275 6.605315523e-05 55073 
5.5255 0.008509018614 6.604180888e-05 55957 
5.5265 0.008342144371 6.579650906e-05 54191 
5.5275 0.008671825508 6.705349942e-05 56526 
5.5285 0.008494722589 6.623829456e-05 55537 
5.5295 0.008363653519 6.576353593e-05 55109 
5.5305 0.008440777368 6.614792715e-05 54687 
5.5315 0.008538413274 6.651808017e-05 55761 
5.5325 0.00859778638 6.672646261e-05 55934 
5.5335 0.008581980394 6.66569071e-05 56070 
5.5345 0.008614402733 6.687769149e-05 56298 
5.5355 0.008327385864 6.547960001e-05 54394 
5.5365 0.008412142201 6.59548711e-05 55149 
5.5375 0.00860914904 6.683528351e-05 55659 
5.5385 0.008466711372 6.65076421e-05 54406 
5.5395 0.008445628798 6.606277602e-05 55317 
5.5405 0.008447542242 6.627358303e-05 55395 
5.5415 0.008560150058 6.679263577e-05 54867 
5.5425 0.008417989647 6.615295078e-05 54175 
5.5435 0.008653031034 6.724644351e-05 55550 
5.5445 0.008693840904 6.719516163e-05 56090 
5.5455 0.008618180018 6.697081584e-05 55643 
5.5465 0.008341081858 6.56909354e-05 54445 
5.5475 0.008611018242 6.704430583e-05 55395 
5.5485 0.008448923031 6.61654674e-05 55161 
5.5495 0.008590109777 6.711110496e-05 54810 
5.5505 0.00852331821 6.665925367e-05 54841 
5.5515 0.008561238866 6.67475194e-05 55315 
5.5525 0.008323981254 6.581626545e-05 54195 
5.5535 0.008403195451 6.615720053e-05 54392 
5.5545 0.008757036824 6.76949194e-05 56227 
5.5555 0.008505572943 6.669138782e-05 54914 
5.5565 0.008517542681 6.671710622e-05 54738 
5.5575 0.008323848292 6.58685521e-05 54007 
5.5585 0.008632847958 6.703142588e-05 56723 
5.5595 0.008501167659 6.677783779e-05 54248 
5.5605 0.008532309713 6.67602677e-05 55187 
5.5615 0.008551972056 6.672743077e-05 55804 
5.5625 0.008720619032 6.761703266e-05 55728 
5.5635 0.008462795923 6.655006715e-05 55085 
5.5645 0.008605876655 6.70160755e-05 55530 
5.5655 0.008522776301 6.708437725e-05 53541 
5.5665 0.008415834171 6.622938432e-05 54715 
5.5675 0.008839896027 6.827012479e-05 56069 
5.5685 0.008779126949 6.784777167e-05 56410 
5.5695 0.00877787858 6.790539371e-05 56183 
5.5705 0.008681669977 6.7606601e-05 55621 
5.5715 0.008734552735 6.788802185e-05 55434 
5.5725 0.008750081924 6.765906077e-05 56013 
5.5735 0.008479197934 6.646272703e-05 55310 
5.5745 0.008736488949 6.75713932e-05 56296 
5.5755 0.008465255136 6.681989764e-05 54210 
5.5765 0.00849741878 6.683855607e-05 54821 
5.5775 0.008559899114 6.700355933e-05 55122 
5.5785 0.008861555895 6.863497608e-05 55994 
5.5795 0.008714395118 6.772540789e-05 55757 
5.5805 0.008663883812 6.769032848e-05 55139 
5.5815 0.008452415287 6.646592487e-05 54766 
5.5825 0.008721283754 6.785100299e-05 55719 
5.5835 0.008363928584 6.637013963e-05 53679 
5.5845 0.008595288067 6.733907262e-05 55031 
5.5855 0.008531470007 6.695375838e-05 55170 
5.5865 0.008606036498 6.72106216e-05 55152 
5.5875 0.008677091507 6.763624271e-05 55575 
5.5885 0.008631538881 6.740968145e-05 55355 
5.5895 0.008770564838 6.813262153e-05 55926 
5.5905 0.008706381804 6.804317222e-05 55000 
5.5915 0.008575906504 6.718579742e-05 54725 
5.5925 0.008826992339 6.840906489e-05 55710 
5.5935 0.008515655407 6.688862909e-05 54435 
5.5945 0.00863934813 6.780144032e-05 54852 
5.5955 0.008608144941 6.738963657e-05 55197 
5.5965 0.008852052772 6.848901629e-05 56031 
5.5975 0.008776425849 6.824791695e-05 55526 
5.5985 0.008701656181 6.78504231e-05 55309 
5.5995 0.008493060577 6.689558587e-05 54762 
5.6005 0.008528675879 6.713165961e-05 54544 
5.6015 0.008757991102 6.81208189e-05 55719 
5.6025 0.008869385731 6.869410004e-05 55728 
5.6035 0.008723440773 6.797769665e-05 55658 
5.6045 0.008626931924 6.749105981e-05 55356 
5.6055 0.008801873332 6.845527896e-05 55965 
5.6065 0.008927893918 6.913436319e-05 56152 
5.6075 0.008696163926 6.793435398e-05 55199 
5.6085 0.008611660825 6.770838155e-05 54512 
5.6095 0.008571742574 6.760229626e-05 54472 
5.6105 0.008669089626 6.771505305e-05 55739 
5.6115 0.008570903937 6.7596742e-05 54617 
5.6125 0.00877985926 6.846826153e-05 55367 
5.6135 0.008837843945 6.866911976e-05 55872 
5.6145 0.008618068426 6.767399311e-05 54814 
5.6155 0.008786582771 6.853126832e-05 55569 
5.6165 0.008711710419 6.827270205e-05 54839 
5.6175 0.008476262262 6.703877364e-05 53978 
5.6185 0.008706225484 6.820843897e-05 54812 
5.6195 0.008656639144 6.787383948e-05 55233 
5.6205 0.008648987581 6.769435168e-05 55387 
5.6215 0.008748540436 6.842818591e-05 55169 
5.6225 0.008733208581 6.853865161e-05 54248 
5.6235 0.008672271663 6.808960652e-05 55211 
5.6245 0.008681201278 6.813661605e-05 54736 
5.6255 0.008838473833 6.893767426e-05 55560 
5.6265 0.008731620347 6.85184856e-05 54941 
5.6275 0.008738172747 6.844872718e-05 54968 
5.6285 0.00868806659 6.798658718e-05 55405 
5.6295 0.00866650071 6.843256683e-05 54179 
5.6305 0.008838392918 6.881416764e-05 55617 
5.6315 0.008757861182 6.849270257e-05 54996 
5.6325 0.008797255599 6.845819189e-05 55705 
5.6335 0.008958434829 6.96333253e-05 55215 
5.6345 0.00857570108 6.798799007e-05 53809 
5.6355 0.008849064776 6.898988986e-05 55471 
5.6365 0.008942776607 6.932665794e-05 56028 
5.6375 0.00876878055 6.867185446e-05 54754 
5.6385 0.008854332921 6.918400212e-05 55022 
5.6395 0.008800530828 6.894839584e-05 54771 
5.6405 0.008927529257 6.938065182e-05 55413 
5.6415 0.008787786142 6.873776598e-05 54727 
5.6425 0.008824492676 6.898110019e-05 55067 
5.6435 0.008751145074 6.874479071e-05 54868 
5.6445 0.008669741102 6.821821042e-05 54550 
5.6455 0.008898181067 6.925399632e-05 55481 
5.6465 0.008849691293 6.902860477e-05 55234 
5.6475 0.008747789996 6.865541835e-05 54386 
5.6485 0.008916378868 6.945631236e-05 55632 
5.6495 0.008995339473 6.988061243e-05 55937 
5.6505 0.008812030051 6.906623147e-05 54978 
5.6515 0.008733429256 6.867532374e-05 54299 
5.6525 0.009005693627 6.989324885e-05 56080 
5.6535 0.008810989016 6.906745698e-05 54803 
5.6545 0.008952044593 6.949431235e-05 55993 
5.6555 0.009083344879 7.019215313e-05 56283 
5.6565 0.008889571515 6.9315125e-05 55555 
5.6575 0.008926577918 6.945192076e-05 55445 
5.6585 0.008976954612 6.982749202e-05 55585 
5.6595 0.008865336732 6.939980805e-05 55263 
5.6605 0.008902422879 6.95515827e-05 55148 
5.6615 0.008962651806 6.961597534e-05 55786 
5.6625 0.008857652393 6.924888626e-05 55162 
5.6635 0.008915405397 6.949021707e-05 55798 
5.6645 0.008946415468 6.961520509e-05 55318 
5.6655 0.008593709739 6.815788077e-05 53523 
5.6665 0.009018991775 6.997460455e-05 55931 
5.6675 0.008820170786 6.91567626e-05 54969 
5.6685 0.008834452085 6.935093872e-05 54801 
5.6695 0.009106319538 7.042858785e-05 56254 
5.6705 0.008812146359 6.924677064e-05 54789 
5.6715 0.008955329361 6.982798025e-05 55232 
5.6725 0.009034665639 7.017794767e-05 55971 
5.6735 0.008941073389 6.979885749e-05 55708 
5.6745 0.008834128505 6.920145841e-05 55172 
5.6755 0.008697140509 6.871113681e-05 54079 
5.6765 0.008862399326 6.962679335e-05 54689 
5.6775 0.008838633067 6.952363698e-05 54330 
5.6785 0.008915697063 6.978382872e-05 54663 
5.6795 0.008915652975 6.994904025e-05 55043 
5.6805 0.008843043538 6.954094313e-05 54832 
5.6815 0.008994300951 6.994651477e-05 56003 
5.6825 0.009121102552 7.056793676e-05 56378 
5.6835 0.008919265719 6.989336159e-05 54713 
5.6845 0.009191411244 7.095892458e-05 56239 
5.6855 0.008837478626 6.970325194e-05 54180 
5.6865 0.009232960192 7.117732176e-05 56028 
5.6875 0.008961178746 6.999619259e-05 55553 
5.6885 0.008816441381 6.933596071e-05 54662 
5.6895 0.00898512126 7.011122056e-05 55582 
5.6905 0.00896528275 7.015877052e-05 55213 
5.6915 0.00900908173 7.033293321e-05 55016 
5.6925 0.008694228383 6.880985987e-05 54321 
5.6935 0.009263985969 7.151313975e-05 56289 
5.6945 0.008988791566 7.019996655e-05 55174 
5.6955 0.008801587558 6.942264026e-05 54684 
5.6965 0.008887838566 6.978816264e-05 54760 
5.6975 0.00894200154 7.014366337e-05 54496 
5.6985 0.009171197545 7.113209868e-05 55874 
5.6995 0.009094467557 7.060802887e-05 56048 
5.7005 0.008889891444 6.978914493e-05 54813 
5.7015 0.008905329013 7.018622158e-05 53961 
5.7025 0.00893688733 7.02046858e-05 54959 
5.7035 0.008970732169 7.024028153e-05 54869 
5.7045 0.009165002442 7.126532606e-05 55374 
5.7055 0.00903064563 7.056352527e-05 55510 
5.7065 0.008976015969 7.019503391e-05 54835 
5.7075 0.009062852319 7.065791886e-05 55604 
5.7085 0.008807200464 6.962830374e-05 53834 
5.7095 0.008969387155 7.037966881e-05 54903 
5.7105 0.009243143078 7.161569152e-05 55486 
5.7115 0.009204060965 7.148556113e-05 55918 
5.7125 0.008824850444 6.967879215e-05 54278 
5.7135 0.009081977971 7.088253361e-05 55215 
5.7145 0.008892110346 7.007299279e-05 54053 
5.7155 0.009153191319 7.130381283e-05 55394 
5.7165 0.008988278094 7.058853965e-05 54752 
5.7175 0.008994882088 7.080099012e-05 54462 
5.7185 0.009149771595 7.126082777e-05 55457 
5.7195 0.008896926468 7.025448209e-05 53740 
5.7205 0.009116737033 7.11424093e-05 55386 
5.7215 0.008749591493 6.959947191e-05 53411 
5.7225 0.009128175126 7.102038078e-05 55782 
5.7235 0.008760031935 6.959527671e-05 53764 
5.7245 0.009000748576 7.069586407e-05 54654 
5.7255 0.008977551178 7.067516007e-05 54612 
5.7265 0.009099293013 7.101842725e-05 55564 
5.7275 0.008962525209 7.051349785e-05 54588 
5.7285 0.008936848399 7.036618114e-05 54702 
5.7295 0.009066808183 7.110617848e-05 54898 
5.7305 0.009055243914 7.085816279e-05 54996 
5.7315 0.009332076225 7.196786038e-05 55974 
5.7325 0.009136766227 7.153513023e-05 54792 
5.7335 0.009111902907 7.146141281e-05 54783 
5.7345 0.009041841974 7.080174233e-05 55496 
5.7355 0.009070103749 7.102946437e-05 55005 
5.7365 0.009231246259 7.175846153e-05 55614 
5.7375 0.009164464947 7.163452039e-05 55163 
5.7385 0.009048135051 7.097341509e-05 54401 
5.7395 0.009053033575 7.113901297e-05 54130 
5.7405 0.009261676255 7.20236611e-05 55520 
5.7415 0.009019526443 7.095260836e-05 55098 
5.7425 0.009019890484 7.102449715e-05 54406 
5.7435 0.009287144489 7.20463133e-05 55281 
5.7445 0.009024259638 7.102636341e-05 54495 
5.7455 0.008996183781 7.076665759e-05 54640 
5.7465 0.009109827742 7.130457364e-05 54897 
5.7475 0.009105808121 7.125764905e-05 55553 
5.7485 0.009268886538 7.199276099e-05 55359 
5.7495 0.00903809719 7.107100627e-05 54481 
5.7505 0.009078594831 7.143881678e-05 54693 
5.7515 0.009261083278 7.201564323e-05 55745 
5.7525 0.009200105092 7.170665468e-05 55265 
5.7535 0.009041205638 7.124930143e-05 54304 
5.7545 0.009022822047 7.093495512e-05 54656 
5.7555 0.009062826132 7.139858779e-05 54326 
5.7565 0.00912221493 7.149059279e-05 54929 
5.7575 0.00914298083 7.16043114e-05 54598 
5.7585 0.009062295352 7.127049243e-05 54563 
5.7595 0.009212615933 7.205553252e-05 54603 
5.7605 0.009086297088 7.126240887e-05 54783 
5.7615 0.009068266657 7.14293096e-05 54629 
5.7625 0.009236280268 7.220551387e-05 54961 
5.7635 0.009344343845 7.260864807e-05 55681 
5.7645 0.009262969587 7.218681972e-05 55370 
5.7655 0.009230278348 7.225502815e-05 54800 
5.7665 0.009175430278 7.173878196e-05 55454 
5.7675 0.009111082092 7.155288212e-05 54656 
5.7685 0.009155563386 7.182160375e-05 55217 
5.7695 0.00928853851 7.233477319e-05 55353 
5.7705 0.009121433642 7.155404375e-05 54613 
5.7715 0.008972888293 7.115468772e-05 53874 
5.7725 0.009226916033 7.228605502e-05 54950 
5.7735 0.009323840515 7.261091892e-05 55053 
5.7745 0.009134145288 7.203163997e-05 54206 
5.7755 0.009201776212 7.219207952e-05 54904 
5.7765 0.0091042696 7.164263716e-05 54527 
5.7775 0.009057054642 7.150060576e-05 53862 
5.7785 0.009367968807 7.287695597e-05 55520 
5.7795 0.009198696509 7.210744934e-05 54784 
5.7805 0.009205385646 7.229735674e-05 54700 
5.7815 0.009269759701 7.251140992e-05 54987 
5.7825 0.009475345256 7.327665376e-05 56361 
5.7835 0.009431482939 7.322715954e-05 56101 
5.7845 0.0090977336 7.171361517e-05 54536 
5.7855 0.00921756677 7.223061139e-05 54420 
5.7865 0.009171679123 7.205300823e-05 54903 
5.7875 0.009427801643 7.323013641e-05 55556 
5.7885 0.009150941861 7.213322452e-05 54651 
5.7895 0.009287502351 7.275392519e-05 54666 
5.7905 0.00923885878 7.237933662e-05 54823 
5.7915 0.009035628949 7.156821585e-05 53980 
5.7925 0.009497572923 7.357340032e-05 56252 
5.7935 0.00931213547 7.272579624e-05 55678 
5.7945 0.00945118944 7.346394547e-05 55605 
5.7955 0.00932747475 7.27917365e-05 55254 
5.7965 0.009117698331 7.21797344e-05 53939 
5.7975 0.009251002687 7.253296103e-05 54962 
5.7985 0.009482852003 7.333146017e-05 56264 
5.7995 0.009430711597 7.37543439e-05 55060 
5.8005 0.009230103441 7.255233451e-05 55026 
5.8015 0.009188570819 7.253789432e-05 53971 
5.8025 0.009393406976 7.33240844e-05 55541 
5.8035 0.009534513971 7.405137827e-05 55567 
5.8045 0.009066604926 7.18088639e-05 54081 
5.8055 0.009410199707 7.350045431e-05 54967 
5.8065 0.009593001992 7.406400187e-05 56405 
5.8075 0.009438969354 7.35230715e-05 55116 
5.8085 0.009213456355 7.255867729e-05 54754 
5.8095 0.009269018812 7.277945602e-05 54489 
5.8105 0.009085180828 7.181088604e-05 54425 
5.8115 0.009296064004 7.294806675e-05 54692 
5.8125 0.009086383683 7.199356437e-05 53778 
5.8135 0.009399576138 7.320395573e-05 55590 
5.8145 0.00923930608 7.270059428e-05 54198 
5.8155 0.009311150657 7.264800722e-05 55349 
5.8165 0.009159032766 7.226720802e-05 54418 
5.8175 0.009308434513 7.27815806e-05 55592 
5.8185 0.009494127792 7.364512941e-05 56024 
5.8195 0.009390561858 7.329788036e-05 55093 
5.8205 0.009163571412 7.223613142e-05 54695 
5.8215 0.009494533036 7.368847755e-05 56003 
5.8225 0.009593404839 7.409106718e-05 56401 
5.8235 0.009245092014 7.263403232e-05 54840 
5.8245 0.009179250279 7.222589901e-05 54594 
5.8255 0.009374503996 7.289012972e-05 56072 
5.8265 0.009511616548 7.376394851e-05 55624 
5.8275 0.009369937612 7.327444937e-05 55011 
5.8285 0.009464141955 7.375330526e-05 55399 
5.8295 0.009389551793 7.310362264e-05 55249 
5.8305 0.009344315096 7.307020353e-05 54734 
5.8315 0.009342858642 7.321325566e-05 55284 
5.8325 0.009529643114 7.395256309e-05 55837 
5.8335 0.009355446784 7.308459671e-05 55333 
5.8345 0.00957401222 7.388614994e-05 56500 
5.8355 0.009309255335 7.293530215e-05 55053 
5.8365 0.009388429329 7.329073703e-05 55431 
5.8375 0.009402147411 7.346178766e-05 55399 
5.8385 0.009292148475 7.272309904e-05 55302 
5.8395 0.009450589307 7.357682805e-05 55851 
5.8405 0.009221930136 7.25286588e-05 54728 
5.8415 0.009514518205 7.381648109e-05 55957 
5.8425 0.009378209036 7.31501311e-05 55222 
5.8435 0.009474329608 7.360430689e-05 55826 
5.8445 0.009286796651 7.289943475e-05 54822 
5.8455 0.009441329651 7.353004891e-05 55579 
5.8465 0.009233631874 7.263510926e-05 54646 
5.8475 0.009563993187 7.421467065e-05 55819 
5.8485 0.009283526643 7.273374899e-05 55200 
5.8495 0.009200960134 7.250406845e-05 54684 
5.8505 0.009403652772 7.344539043e-05 55491 
5.8515 0.009391287753 7.339112202e-05 54869 
5.8525 0.00946359396 7.369888234e-05 55733 
5.8535 0.009492530851 7.380140436e-05 55528 
5.8545 0.009660306551 7.470005768e-05 56578 
5.8555 0.009544616708 7.404014639e-05 56161 
5.8565 0.009436703114 7.362105153e-05 55281 
5.8575 0.009363086007 7.320538322e-05 55062 
5.8585 0.009715243776 7.484460357e-05 56504 
5.8595 0.009132127781 7.239076442e-05 53968 
5.8605 0.009371311644 7.34833441e-05 54571 
5.8615 0.009512805672 7.417189307e-05 55688 
5.8625 0.00947582627 7.40677034e-05 55123 
5.8635 0.009421019897 7.375370778e-05 54776 
5.8645 0.009456212273 7.391944104e-05 55004 
5.8655 0.009454450663 7.392276561e-05 55282 
5.8665 0.009533487936 7.407220239e-05 56004 
5.8675 0.009124926777 7.243752273e-05 53697 
5.8685 0.009516176744 7.433282134e-05 54855 
5.8695 0.009797149885 7.54381575e-05 57011 
5.8705 0.00937106982 7.352119799e-05 55182 
5.8715 0.009741109798 7.500785317e-05 56727 
5.8725 0.009418198761 7.387194464e-05 54760 
5.8735 0.009370611365 7.363746859e-05 54752 
5.8745 0.009544400065 7.446130614e-05 55655 
5.8755 0.009559084269 7.430933422e-05 55724 
5.8765 0.00933271172 7.326086357e-05 55491 
5.8775 0.009412210855 7.38939059e-05 54625 
5.8785 0.009613817607 7.469549895e-05 55976 
5.8795 0.009464767874 7.396239424e-05 55321 
5.8805 0.009572523558 7.459118345e-05 55549 
5.8815 0.009634408998 7.450790339e-05 56464 
5.8825 0.009528561977 7.454893016e-05 55164 
5.8835 0.009507619066 7.416742161e-05 55409 
5.8845 0.009579079778 7.443961679e-05 55451 
5.8855 0.009606687084 7.467864586e-05 55280 
5.8865 0.009698929027 7.499025233e-05 55804 
5.8875 0.009741620423 7.523039197e-05 56374 
5.8885 0.009552409281 7.448035681e-05 55442 
5.8895 0.009491154615 7.422702904e-05 54989 
5.8905 0.00976821657 7.550046662e-05 55826 
5.8915 0.009376128542 7.378239382e-05 54331 
5.8925 0.009423271547 7.396998161e-05 54929 
5.8935 0.009485676503 7.42373021e-05 55311 
5.8945 0.009447391547 7.428078444e-05 54427 
5.8955 0.009346057209 7.360348353e-05 54510 
5.8965 0.009575597661 7.481411969e-05 55293 
5.8975 0.009639525967 7.493880006e-05 55821 
5.8985 0.009533733508 7.4496851e-05 55690 
5.8995 0.009643999283 7.511613388e-05 55180 
5.9005 0.009515432637 7.470135922e-05 54515 
5.9015 0.009630593095 7.486894033e-05 55805 
5.9025 0.00968168829 7.525328227e-05 55648 
5.9035 0.009723954506 7.544319058e-05 55853 
5.9045 0.009352278578 7.393463209e-05 53744 
5.9055 0.009929895513 7.626669406e-05 57242 
5.9065 0.009614978588 7.508480014e-05 55879 
5.9075 0.009542869229 7.445855289e-05 55872 
5.9085 0.009685190384 7.516166516e-05 55740 
5.9095 0.009651361647 7.507700083e-05 55850 
5.9105 0.00947716062 7.456871033e-05 54782 
5.9115 0.009628819743 7.521328071e-05 55088 
5.9125 0.009582432633 7.486323193e-05 55683 
5.9135 0.009693631224 7.520811419e-05 55933 
5.9145 0.009369731612 7.396568124e-05 54348 
5.9155 0.009646679859 7.543740722e-05 55143 
5.9165 0.009613402383 7.507187354e-05 55145 
5.9175 0.009496481686 7.459612529e-05 54745 
5.9185 0.009572358229 7.489968229e-05 54653 
5.9195 0.009672951976 7.529414305e-05 56221 
5.9205 0.009621849252 7.512415346e-05 55605 
5.9215 0.009796486461 7.593807352e-05 55527 
5.9225 0.009790193585 7.58054168e-05 56339 
5.9235 0.009776158435 7.580951003e-05 55835 
5.9245 0.009660756658 7.546050613e-05 55296 
5.9255 0.00959685804 7.508399274e-05 55122 
5.9265 0.009661209712 7.537311721e-05 55315 
5.9275 0.009852259782 7.61265421e-05 56431 
5.9285 0.009484046327 7.46289568e-05 54070 
5.9295 0.00954292893 7.48661833e-05 55076 
5.9305 0.009645728485 7.535523778e-05 55265 
5.9315 0.009593015221 7.508405839e-05 54733 
5.9325 0.009797349243 7.630150584e-05 55793 
5.9335 0.009862366958 7.654409597e-05 56114 
5.9345 0.009591456022 7.512150864e-05 55345 
5.9355 0.009718681079 7.553369499e-05 55803 
5.9365 0.009655333006 7.537731393e-05 55465 
5.9375 0.009744077384 7.608105275e-05 54936 
5.9385 0.009670692721 7.574050752e-05 55012 
5.9395 0.009877230658 7.665875736e-05 56027 
5.9405 0.009742067489 7.58451447e-05 55421 
5.9415 0.009675038925 7.548806768e-05 55483 
5.9425 0.00943433432 7.45827655e-05 54065 
5.9435 0.009699428687 7.579511464e-05 54887 
5.9445 0.009764519311 7.612480053e-05 55691 
5.9455 0.009754143268 7.599479721e-05 56069 
5.9465 0.009556662385 7.538002458e-05 54552 
5.9475 0.009744005897 7.591473509e-05 55949 
5.9485 0.009790200456 7.623442876e-05 55164 
5.9495 0.009847682631 7.642937692e-05 55361 
5.9505 0.009837336562 7.635008884e-05 55710 
5.9515 0.009636737725 7.559427962e-05 55146 
5.9525 0.009914950195 7.668115317e-05 56313 
5.9535 0.009756914822 7.620566589e-05 55273 
5.9545 0.009813548034 7.643477526e-05 55258 
5.9555 0.009599484553 7.546019338e-05 54629 
5.9565 0.009767832139 7.629767389e-05 55225 
5.9575 0.009591886711 7.571862277e-05 54432 
5.9585 0.009775350063 7.623026306e-05 55529 
5.9595 0.009677862214 7.584250206e-05 55003 
5.9605 0.009932616216 7.688730424e-05 56125 
5.9615 0.009733164088 7.60604357e-05 54642 
5.9625 0.009804899062 7.635633646e-05 55405 
5.9635 0.009595259996 7.551606508e-05 54741 
5.9645 0.009870271851 7.676415e-05 55461 
5.9655 0.009916441527 7.690615262e-05 55655 
5.9665 0.009839852389 7.667385185e-05 55733 
5.9675 0.009578976211 7.557829278e-05 54156 
5.9685 0.009892121871 7.67477809e-05 55522 
5.9695 0.009881484231 7.685368891e-05 55305 
5.9705 0.009785066971 7.641777299e-05 55382 
5.9715 0.009779837988 7.641150823e-05 55282 
5.9725 0.009485930017 7.530753355e-05 53417 
5.9735 0.009720439857 7.592627896e-05 55092 
5.9745 0.009918346729 7.700164254e-05 55850 
5.9755 0.009902555041 7.693352909e-05 55702 
5.9765 0.009794124931 7.62934882e-05 55721 
5.9775 0.00971384627 7.647797693e-05 54125 
5.9785 0.009826058907 7.685072695e-05 55120 
5.9795 0.009769416616 7.648674909e-05 54607 
5.9805 0.009986567398 7.744941571e-05 55905 
5.9815 0.009791492669 7.654724246e-05 55168 
5.9825 0.01002141266 7.765578984e-05 55405 
5.9835 0.009838517452 7.688308703e-05 55577 
5.9845 0.009784738366 7.647011677e-05 55109 
5.9855 0.009681526838 7.6003624e-05 54629 
5.9865 0.009998246808 7.767866031e-05 55906 
5.9875 0.009606996285 7.585672546e-05 54019 
5.9885 0.009763597132 7.680994487e-05 54461 
5.9895 0.009885911144 7.731911512e-05 55060 
5.9905 0.01013068343 7.830458744e-05 55883 
5.9915 0.009884085066 7.699828418e-05 55831 
5.9925 0.009921522213 7.733277635e-05 55242 
5.9935 0.009877033786 7.719572103e-05 55146 
5.9945 0.009872779366 7.718068775e-05 55065 
5.9955 0.01016027374 7.845516248e-05 55879 
5.9965 0.009938223038 7.73270987e-05 55516 
5.9975 0.00995510598 7.750339732e-05 55354 
5.9985 0.00985465888 7.718799849e-05 55075 
5.9995 0.009813494208 7.672090217e-05 54971 
6.0005 0.00985039357 7.692565868e-05 55596 
6.0015 0.009882751266 7.694870437e-05 55137 
6.0025 0.009885418279 7.708030773e-05 55865 
6.0035 0.01002380505 7.781250316e-05 55018 
6.0045 0.009926828947 7.755407051e-05 55363 
6.0055 0.009723340623 7.664176091e-05 54131 
6.0065 0.009588405171 7.586816005e-05 53975 
6.0075 0.009553591347 7.580037909e-05 54051 
6.0085 0.01014701616 7.852603605e-05 56183 
6.0095 0.009912596182 7.751993005e-05 54729 
6.0105 0.009905417384 7.75574904e-05 54904 
6.0115 0.009775048646 7.691386532e-05 54508 
6.0125 0.01007183382 7.796451087e-05 55798 
6.0135 0.01016250568 7.850736664e-05 56298 
6.0145 0.01015726846 7.865800736e-05 56255 
6.0155 0.01014284059 7.840713658e-05 56365 
6.0165 0.009939561832 7.780952124e-05 55021 
6.0175 0.009953004232 7.770174323e-05 55567 
6.0185 0.00977232989 7.720234866e-05 54397 
6.0195 0.009997596578 7.81160201e-05 55163 
6.0205 0.009990762179 7.779668355e-05 55750 
6.0215 0.009934553397 7.757657343e-05 54765 
6.0225 0.009997448384 7.799459885e-05 54861 
6.0235 0.01017349334 7.861483022e-05 56145 
6.0245 0.009982504402 7.79972087e-05 55033 
6.0255 0.01004571535 7.817322841e-05 55814 
6.0265 0.01007732288 7.829344232e-05 55577 
6.0275 0.009728742451 7.678869415e-05 54165 
6.0285 0.01003917429 7.814658865e-05 55572 
6.0295 0.01011834148 7.863299465e-05 55992 
6.0305 0.009852668176 7.7436296e-05 54884 
6.0315 0.01001543363 7.814081434e-05 55220 
6.0325 0.0098318982 7.725403234e-05 54821 
6.0335 0.01014946038 7.874282083e-05 56240 
6.0345 0.01002225734 7.82127801e-05 55065 
6.0355 0.01003242126 7.828036253e-05 55128 
6.0365 0.009983364827 7.801675527e-05 55200 
6.0375 0.01016396093 7.896834442e-05 55799 
6.0385 0.01019197629 7.893137082e-05 55881 
6.0395 0.01007433202 7.854735064e-05 55006 
6.0405 0.01006206178 7.831005281e-05 55538 
6.0415 0.009879292153 7.760159954e-05 54488 
6.0425 0.009745540738 7.720533102e-05 53766 
6.0435 0.009916027272 7.787254761e-05 54395 
6.0445 0.01025944059 7.913757296e-05 56040 
6.0455 0.01015235099 7.884056768e-05 55765 
6.0465 0.01020854713 7.914984992e-05 55759 
6.0475 0.0101704921 7.904184373e-05 55721 
6.0485 0.009957236152 7.806784225e-05 54678 
6.0495 0.01007987658 7.880976237e-05 55005 
6.0505 0.009990243126 7.854163067e-05 54335 
6.0515 0.01015722005 7.901305128e-05 55654 
6.0525 0.01001266931 7.83692353e-05 55575 
6.0535 0.01014661704 7.896398254e-05 55887 
6.0545 0.01008814925 7.872772438e-05 55617 
6.0555 0.01025125643 7.955481481e-05 55830 
6.0565 0.01027423647 7.956583408e-05 56145 
6.0575 0.01010775177 7.859676148e-05 55311 
6.0585 0.01012989138 7.91688409e-05 54770 
6.0595 0.01019589996 7.947627843e-05 55047 
6.0605 0.01027089061 7.945174315e-05 56348 
6.0615 0.01030229915 7.983188584e-05 56155 
6.0625 0.01017171241 7.938399418e-05 55040 
6.0635 0.01003150551 7.862843626e-05 54246 
6.0645 0.009945859614 7.805156782e-05 55306 
6.0655 0.01010567911 7.895831513e-05 55599 
6.0665 0.01020644111 7.913703428e-05 55873 
6.0675 0.01033474016 7.977245263e-05 56253 
6.0685 0.009852424124 7.775732779e-05 54464 
6.0695 0.01038335367 8.029522649e-05 55993 
6.0705 0.01010659828 7.90049644e-05 54693 
6.0715 0.01013230567 7.891225531e-05 55589 
6.0725 0.01027507239 7.957759004e-05 55764 
6.0735 0.01005854014 7.893552121e-05 54818 
6.0745 0.0104501122 8.034947464e-05 56753 
6.0755 0.01029151452 7.984898342e-05 55415 
6.0765 0.01033923931 8.002726902e-05 56358 
6.0775 0.009945165883 7.824711038e-05 54269 
6.0785 0.0101380465 7.921946357e-05 55537 
6.0795 0.01037157806 8.040617981e-05 55376 
6.0805 0.00999463534 7.87230464e-05 54311 
6.0815 0.01008666858 7.903200525e-05 55073 
6.0825 0.0101794472 7.912584194e-05 55815 
6.0835 0.01001055099 7.853917448e-05 55000 
6.0845 0.01011686375 7.915445249e-05 54997 
6.0855 0.01000357545 7.868448878e-05 54529 
6.0865 0.01014323194 7.951387351e-05 54650 
6.0875 0.01022941071 7.97140881e-05 55541 
6.0885 0.01026043366 7.987470782e-05 55372 
6.0895 0.01022743001 7.995440889e-05 55236 
6.0905 0.009993444196 7.862282406e-05 54434 
6.0915 0.01006962607 7.903678483e-05 54802 
6.0925 0.01015828888 7.945041139e-05 54974 
6.0935 0.01027017104 7.990596714e-05 55910 
6.0945 0.01020491436 7.963623689e-05 54975 
6.0955 0.01019491652 7.96727686e-05 55387 
6.0965 0.01044501064 8.068261118e-05 56271 
6.0975 0.01019906314 7.977675255e-05 55021 
6.0985 0.01015299854 7.959335013e-05 54938 
6.0995 0.01059741673 8.133418431e-05 57000 
6.1005 0.01022533241 7.993565177e-05 55334 
6.1015 0.01030876461 8.020340599e-05 55201 
6.1025 0.0103291625 8.035220398e-05 55659 
6.1035 0.01017244215 7.955865565e-05 54619 
6.1045 0.01023304342 7.983054894e-05 56016 
6.1055 0.01028902026 8.022543061e-05 55377 
6.1065 0.01005269264 7.929448771e-05 54275 
6.1075 0.01030171609 8.014096308e-05 55656 
6.1085 0.01015300121 7.96376212e-05 54897 
6.1095 0.0101709562 7.971475603e-05 54869 
6.1105 0.01007254598 7.915932923e-05 54725 
6.1115 0.01019534911 7.992468298e-05 54846 
6.1125 0.01035232432 8.049888112e-05 55158 
6.1135 0.01015294411 7.973332136e-05 54849 
6.1145 0.01039631803 8.083493199e-05 56134 
6.1155 0.01022207069 8.01200465e-05 54530 
6.1165 0.01041108705 8.062211983e-05 56220 
6.1175 0.01016986427 7.97423967e-05 54907 
6.1185 0.01007016586 7.940850959e-05 54297 
6.1195 0.01024276892 8.002591056e-05 55813 
6.1205 0.01043061284 8.089835595e-05 55962 
6.1215 0.01048972301 8.12058095e-05 56107 
6.1225 0.01034017456 8.033753149e-05 55625 
6.1235 0.0104752982 8.131314875e-05 55688 
6.1245 0.01033596621 8.052207695e-05 55237 
6.1255 0.01028639509 8.033818977e-05 54591 
6.1265 0.01043187888 8.085973823e-05 56301 
6.1275 0.01024371594 8.025777074e-05 54971 
6.1285 0.01041146462 8.112921745e-05 55000 
6.1295 0.01018727307 8.012659776e-05 54658 
6.1305 0.01017745188 8.003068458e-05 54554 
6.1315 0.010364588 8.056815688e-05 55565 
6.1325 0.01017320187 8.006588663e-05 54512 
6.1335 0.01016655785 8.003663262e-05 54429 
6.1345 0.01039238051 8.093584972e-05 55351 
6.1355 0.01055244118 8.165524342e-05 56166 
6.1365 0.01050112986 8.140610202e-05 55986 
6.1375 0.01033048468 8.082745144e-05 54823 
6.1385 0.01054080116 8.154241538e-05 56152 
6.1395 0.0105299033 8.154665517e-05 55783 
6.1405 0.01036274956 8.093278021e-05 55083 
6.1415 0.01033717291 8.07824321e-05 55308 
6.1425 0.01032093955 8.090848593e-05 54898 
6.1435 0.01024949152 8.041130889e-05 55008 
6.1445 0.01016894404 8.00213279e-05 54514 
6.1455 0.0103964024 8.108803517e-05 55285 
6.1465 0.01039397652 8.106507735e-05 55499 
6.1475 0.01045821274 8.146639489e-05 55467 
6.1485 0.01053096067 8.152615279e-05 55830 
6.1495 0.01027121131 8.083821521e-05 54604 
6.1505 0.01052847277 8.161032751e-05 55743 
6.1515 0.01039469072 8.1022741e-05 55419 
6.1525 0.0105205486 8.164296055e-05 55799 
6.1535 0.01040053306 8.125469279e-05 55170 
6.1545 0.0105147843 8.191622514e-05 55446 
6.1555 0.0103203225 8.091391472e-05 54941 
6.1565 0.01043829941 8.134930137e-05 55821 
6.1575 0.01066440899 8.217536144e-05 56543 
6.1585 0.01060794031 8.209439852e-05 56257 
6.1595 0.01025507512 8.056091954e-05 54767 
6.1605 0.01052907907 8.219599343e-05 54706 
6.1615 0.01018656689 8.055327878e-05 53888 
6.1625 0.01055004399 8.186673898e-05 55671 
6.1635 0.0105466025 8.167497615e-05 56174 
6.1645 0.01057355633 8.204834194e-05 55953 
6.1655 0.01029762406 8.107908837e-05 54164 
6.1665 0.01058903014 8.222084123e-05 55731 
6.1675 0.01040539336 8.161822847e-05 54697 
6.1685 0.01024020769 8.036747671e-05 54743 
6.1695 0.01042919547 8.169613003e-05 54919 
6.1705 0.01072888075 8.276833148e-05 56081 
6.1715 0.01034528322 8.102280112e-05 54861 
6.1725 0.01051368332 8.188575205e-05 55849 
6.1735 0.01041445005 8.149880089e-05 54916 
6.1745 0.0104567107 8.183463261e-05 54670 
6.1755 0.01058892174 8.218202523e-05 55734 
6.1765 0.01052534052 8.210963884e-05 55244 
6.1775 0.01043598458 8.148764385e-05 54915 
6.1785 0.0105465148 8.214559898e-05 55431 
6.1795 0.01051178449 8.173586903e-05 55237 
6.1805 0.01056400774 8.21638919e-05 55661 
6.1815 0.01040019326 8.141487368e-05 55049 
6.1825 0.01030894837 8.127071758e-05 54371 
6.1835 0.01038166781 8.143129455e-05 54623 
6.1845 0.01044777184 8.180859306e-05 54787 
6.1855 0.01076124009 8.313152596e-05 55896 
6.1865 0.01050832252 8.202673153e-05 55345 
6.1875 0.01061243468 8.250698976e-05 55562 
6.1885 0.01064539346 8.268901212e-05 55601 
6.1895 0.01066471241 8.278135633e-05 55922 
6.1905 0.01039491082 8.147647332e-05 55127 
6.1915 0.01069462487 8.294391979e-05 56060 
6.1925 0.010537934 8.241158001e-05 55147 
6.1935 0.01066477014 8.282373719e-05 55794 
6.1945 0.01067872918 8.28818126e-05 55481 
6.1955 0.0104376292 8.202536879e-05 54742 
6.1965 0.01064471949 8.263079295e-05 55905 
6.1975 0.01077684138 8.318433867e-05 56071 
6.1985 0.01048105015 8.183976977e-05 55379 
6.1995 0.0105591965 8.257685962e-05 55380 
6.2005 0.01055014824 8.251056926e-05 54946 
6.2015 0.01051764595 8.226839419e-05 55020 
6.2025 0.01073047106 8.323287315e-05 55468 
6.2035 0.0107830881 8.351280285e-05 55843 
6.2045 0.01054799669 8.252302198e-05 54840 
6.2055 0.01069228132 8.297204113e-05 55697 
6.2065 0.01038420854 8.167239474e-05 54727 
6.2075 0.01031499353 8.133548208e-05 54227 
6.2085 0.01044367971 8.2068415e-05 54736 
6.2095 0.01054036911 8.215695437e-05 56015 
6.2105 0.01084432477 8.379812919e-05 56402 
6.2115 0.0106097803 8.276303109e-05 55432 
6.2125 0.01039926555 8.174867483e-05 54612 
6.2135 0.01070365595 8.319419841e-05 55657 
6.2145 0.01053106183 8.228661189e-05 55253 
6.2155 0.01045637403 8.211525577e-05 54497 
6.2165 0.01056953364 8.267293221e-05 54761 
6.2175 0.01060658289 8.293623187e-05 55487 
6.2185 0.01059381985 8.274168601e-05 55211 
6.2195 0.01054976963 8.271651294e-05 54431 
6.2205 0.01070734332 8.332757412e-05 55806 
6.2215 0.01084257038 8.386347064e-05 55855 
6.2225 0.01059475812 8.285935488e-05 55436 
6.2235 0.01060387438 8.301577578e-05 54388 
6.2245 0.01072854855 8.348781561e-05 55891 
6.2255 0.010602183 8.296046773e-05 55006 
6.2265 0.0107185545 8.330953632e-05 55658 
6.2275 0.01065599065 8.319839968e-05 55948 
6.2285 0.01086133846 8.410202364e-05 55843 
6.2295 0.01045629914 8.240689034e-05 53852 
6.2305 0.01073303645 8.335018206e-05 55729 
6.2315 0.01080827112 8.398698048e-05 55625 
6.2325 0.01076817348 8.361242637e-05 55827 
6.2335 0.01072358977 8.362672879e-05 55184 
6.2345 0.01040244476 8.209845593e-05 54082 
6.2355 0.01057131107 8.307759151e-05 54349 
6.2365 0.01087065027 8.42962357e-05 55747 
6.2375 0.01072775812 8.341322971e-05 55415 
6.2385 0.01048223977 8.259180376e-05 54552 
6.2395 0.01056879722 8.285220976e-05 55220 
6.2405 0.01066847852 8.334802806e-05 54999 
6.2415 0.01070664664 8.327094118e-05 55798 
6.2425 0.01062860242 8.318645695e-05 55053 
6.2435 0.0107057629 8.380462555e-05 54885 
6.2445 0.01088123077 8.431513257e-05 55251 
6.2455 0.01067050505 8.349603531e-05 54961 
6.2465 0.01067157341 8.31881186e-05 55476 
6.2475 0.01083906069 8.420832274e-05 55815 
6.2485 0.01052885565 8.302830141e-05 54289 
6.2495 0.01074811524 8.388747092e-05 55571 
6.2505 0.01083374144 8.420017593e-05 55854 
6.2515 0.01079077339 8.38782737e-05 55150 
6.2525 0.01066471834 8.342875609e-05 54722 
6.2535 0.01060542599 8.294737007e-05 54931 
6.2545 0.01077372347 8.397837555e-05 54918 
6.2555 0.01074915418 8.383489258e-05 54925 
6.2565 0.01080101375 8.391630062e-05 55575 
6.2575 0.01097437456 8.489019452e-05 56041 
6.2585 0.01090604796 8.444507404e-05 55992 
6.2595 0.0106107602 8.327643694e-05 55275 
6.2605 0.01083059797 8.412480347e-05 55638 
6.2615 0.01099532663 8.48611993e-05 56193 
6.2625 0.01103648401 8.501225182e-05 56293 
6.2635 0.01079882142 8.420490079e-05 55594 
6.2645 0.01109155967 8.532916812e-05 56635 
6.2655 0.01077014352 8.408798224e-05 54716 
6.2665 0.01082302985 8.447126572e-05 55376 
6.2675 0.01077042215 8.399612212e-05 55237 
6.2685 0.01070628812 8.367259995e-05 55325 
6.2695 0.01083994307 8.446222527e-05 55296 
6.2705 0.01071116632 8.39563049e-05 54459 
6.2715 0.01091090797 8.450774136e-05 55617 
6.2725 0.0107093605 8.393872772e-05 54799 
6.2735 0.01082317394 8.432772459e-05 55295 
6.2745 0.01068909094 8.376726741e-05 54524 
6.2755 0.01089011763 8.450924071e-05 55738 
6.2765 0.01079736364 8.409567483e-05 55502 
6.2775 0.01083324132 8.444379126e-05 55034 
6.2785 0.01084012514 8.456277588e-05 55137 
6.2795 0.01052449805 8.312503709e-05 54216 
6.2805 0.01082605315 8.451792348e-05 54673 
6.2815 0.01092231643 8.491080228e-05 55466 
6.2825 0.01087425275 8.46804118e-05 55258 
6.2835 0.0109521769 8.520706128e-05 55426 
6.2845 0.01100407716 8.518248857e-05 55948 
6.2855 0.01092330958 8.494125529e-05 55687 
6.2865 0.01091311857 8.495115125e-05 55044 
6.2875 0.01073777954 8.416795874e-05 54961 
6.2885 0.01079868761 8.41975496e-05 55251 
6.2895 0.01084430273 8.501381286e-05 54329 
6.2905 0.01080913007 8.458110503e-05 54753 
6.2915 0.01114634815 8.616164838e-05 56032 
6.2925 0.01101722718 8.545779586e-05 55859 
6.2935 0.01109570949 8.580363459e-05 56110 
6.2945 0.01101723885 8.548399359e-05 55937 
6.2955 0.01100801934 8.527397991e-05 56092 
6.2965 0.01092962998 8.492542687e-05 55799 
6.2975 0.01072913257 8.429608449e-05 54492 
6.2985 0.01115956481 8.621316302e-05 55914 
6.2995 0.01085070315 8.490498639e-05 54764 
6.3005 0.01094845847 8.508885821e-05 55571 
6.3015 0.01117992544 8.614717748e-05 56525 
6.3025 0.01087926332 8.496079054e-05 54945 
6.3035 0.01104160841 8.572282049e-05 55521 
6.3045 0.01129981223 8.6700789e-05 56644 
6.3055 0.01091443891 8.528651318e-05 55301 
6.3065 0.01102984415 8.561538381e-05 55432 
6.3075 0.01086870504 8.51666576e-05 54659 
6.3085 0.01085679953 8.512045229e-05 54991 
6.3095 0.01092320158 8.52325362e-05 55187 
6.3105 0.0107261036 8.433732749e-05 54546 
6.3115 0.01114608688 8.619458909e-05 56315 
6.3125 0.0110670914 8.607488645e-05 55673 
6.3135 0.01100839665 8.558320463e-05 55083 
6.3145 0.0110614099 8.578827077e-05 55696 
6.3155 0.01114343953 8.638410436e-05 55761 
6.3165 0.01093373374 8.548565837e-05 54708 
6.3175 0.01078871824 8.482555011e-05 54266 
6.3185 0.01059840772 8.395998715e-05 54050 
6.3195 0.01078756928 8.492625679e-05 54455 
6.3205 0.0112141178 8.657365903e-05 56505 
6.3215 0.01057290327 8.389654879e-05 53574 
6.3225 0.01103187661 8.574598388e-05 55307 
6.3235 0.01114146553 8.635297594e-05 55792 
6.3245 0.01094302704 8.552432721e-05 54888 
6.3255 0.0109996155 8.584727521e-05 55188 
6.3265 0.01121467652 8.671940707e-05 55934 
6.3275 0.01103093786 8.569389149e-05 55426 
6.3285 0.01076268592 8.471456868e-05 54427 
6.3295 0.01107274341 8.613774491e-05 55395 
6.3305 0.01091195782 8.549954825e-05 54836 
6.3315 0.01106291772 8.606225153e-05 56029 
6.3325 0.01092309269 8.562130249e-05 54647 
6.3335 0.01082514072 8.512711128e-05 54680 
6.3345 0.01085621018 8.551648226e-05 54299 
6.3355 0.01098821712 8.595420887e-05 55145 
6.3365 0.01106954622 8.610710136e-05 55414 
6.3375 0.01109608934 8.634214918e-05 55216 
6.3385 0.01093226113 8.53444513e-05 55344 
6.3395 0.01116980408 8.669604035e-05 55607 
6.3405 0.01083160257 8.492634889e-05 55059 
6.3415 0.01109428221 8.646461003e-05 55019 
6.3425 0.01097836861 8.579833843e-05 55067 
6.3435 0.01108274374 8.652567652e-05 54463 
6.3445 0.01090181907 8.546976148e-05 54890 
6.3455 0.01106985792 8.639017339e-05 55454 
6.3465 0.01133610052 8.757305622e-05 56436 
6.3475 0.01110106387 8.640977077e-05 55125 
6.3485 0.01103114546 8.61829149e-05 55160 
6.3495 0.01102638762 8.61866401e-05 54838 
6.3505 0.01078727977 8.524585783e-05 53818 
6.3515 0.0110836742 8.656781289e-05 55339 
6.3525 0.01072627496 8.507251848e-05 53915 
6.3535 0.01126369153 8.756520762e-05 55640 
6.3545 0.01098007575 8.609273481e-05 54532 
6.3555 0.01106207723 8.633660034e-05 55407 
6.3565 0.01113300602 8.660855222e-05 55658 
6.3575 0.01110501531 8.685507758e-05 54867 
6.3585 0.01116117238 8.674761582e-05 55370 
6.3595 0.01110650535 8.64745898e-05 55597 
6.3605 0.0109932853 8.616152596e-05 54525 
6.3615 0.01090039375 8.590379281e-05 54209 
6.3625 0.01106658706 8.65292986e-05 54821 
6.3635 0.01127228121 8.725167352e-05 55944 
6.3645 0.0111360736 8.674997874e-05 55003 
6.3655 0.01141895946 8.784085122e-05 56934 
6.3665 0.01102130581 8.619965115e-05 55356 
6.3675 0.01118040097 8.691818843e-05 55456 
6.3685 0.01103908908 8.64601781e-05 55174 
6.3695 0.01141050001 8.807229609e-05 56628 
6.3705 0.01091454149 8.571182575e-05 54882 
6.3715 0.01101006214 8.613963554e-05 54851 
6.3725 0.01116365148 8.691800052e-05 55161 
6.3735 0.01114008903 8.715762818e-05 54925 
6.3745 0.01115759358 8.676458866e-05 55561 
6.3755 0.01124156731 8.717114932e-05 56140 
6.3765 0.01153612363 8.854265174e-05 57025 
6.3775 0.01134486058 8.76984982e-05 55761 
6.3785 0.01107171847 8.657362054e-05 55211 
6.3795 0.01116283907 8.699475121e-05 55468 
6.3805 0.01135122413 8.807859301e-05 55860 
6.3815 0.01094365478 8.601204257e-05 54105 
6.3825 0.01114357382 8.703521177e-05 54920 
6.3835 0.01110405122 8.700583035e-05 54634 
6.3845 0.0110743429 8.681811559e-05 54798 
6.3855 0.01110924381 8.704329036e-05 54890 
6.3865 0.01130393954 8.788048878e-05 55497 
6.3875 0.01126468565 8.772908285e-05 55075 
6.3885 0.01137388044 8.816954924e-05 55703 
6.3895 0.01112687187 8.712284789e-05 54922 
6.3905 0.01126122173 8.738340044e-05 55635 
6.3915 0.01120411376 8.749250704e-05 54691 
6.3925 0.01121464418 8.737239981e-05 55851 
6.3935 0.01127463429 8.784047598e-05 55426 
6.3945 0.01113903686 8.68142917e-05 55483 
6.3955 0.01128182155 8.771478749e-05 55398 
6.3965 0.01119567918 8.755841923e-05 55374 
6.3975 0.01120107321 8.761283188e-05 54878 
6.3985 0.01109205024 8.693113958e-05 55026 
6.3995 0.01103650881 8.678488224e-05 54527 
6.4005 0.01144999167 8.852562422e-05 55977 
6.4015 0.01151184402 8.873048126e-05 56685 
6.4025 0.01108694538 8.706802276e-05 54799 
6.4035 0.01112946699 8.714222922e-05 55337 
6.4045 0.01127213509 8.777958004e-05 55470 
6.4055 0.01137304381 8.84333034e-05 55475 
6.4065 0.01139986053 8.838308183e-05 55831 
6.4075 0.01134876835 8.806101489e-05 55840 
6.4085 0.01116066573 8.742261226e-05 54799 
6.4095 0.01126772173 8.789024327e-05 55336 
6.4105 0.01133403788 8.814756905e-05 55414 
6.4115 0.01117786081 8.755717245e-05 54849 
6.4125 0.01129103 8.80375508e-05 55135 
6.4135 0.01143107448 8.853312604e-05 56185 
6.4145 0.01123299834 8.782540827e-05 55007 
6.4155 0.01143947345 8.881758381e-05 55371 
6.4165 0.01140374224 8.870631603e-05 55576 
6.4175 0.01119022805 8.768625435e-05 55008 
6.4185 0.01133506522 8.829265327e-05 55280 
6.4195 0.01116687217 8.773847209e-05 54673 
6.4205 0.01120761705 8.781155386e-05 54814 
6.4215 0.01144754556 8.860786098e-05 55987 
6.4225 0.01143176162 8.896442905e-05 55351 
6.4235 0.0111996201 8.783910409e-05 54898 
6.4245 0.01151028652 8.935983317e-05 55630 
6.4255 0.01142822876 8.8737947e-05 55652 
6.4265 0.01129043513 8.795918255e-05 55590 
6.4275 0.01123245596 8.792373876e-05 54845 
6.4285 0.01135010962 8.852126905e-05 55282 
6.4295 0.01142672851 8.875827034e-05 55875 
6.4305 0.01138655824 8.867206101e-05 55717 
6.4315 0.01122925401 8.791294738e-05 55022 
6.4325 0.01125990839 8.810360149e-05 54994 
6.4335 0.01146167498 8.904089399e-05 55704 
6.4345 0.01135546772 8.891070619e-05 54035 
6.4355 0.01127835626 8.823227538e-05 54950 
6.4365 0.01132271077 8.833166691e-05 55041 
6.4375 0.01139489189 8.849919821e-05 55706 
6.4385 0.01133129303 8.861780866e-05 55385 
6.4395 0.01123048797 8.805231723e-05 54566 
6.4405 0.01143188427 8.885268151e-05 55556 
6.4415 0.01149123722 8.917544237e-05 55637 
6.4425 0.01136683188 8.861709211e-05 55167 
6.4435 0.01135031415 8.85883527e-05 55475 
6.4445 0.01115048748 8.797316473e-05 54111 
6.4455 0.01119864378 8.821755243e-05 54057 
6.4465 0.01136801874 8.882788793e-05 55157 
6.4475 0.01136430742 8.856922465e-05 55628 
6.4485 0.01132720419 8.87210889e-05 54863 
6.4495 0.01133049321 8.86329789e-05 54640 
6.4505 0.01127617406 8.843495452e-05 55102 
6.4515 0.01160319697 8.978892353e-05 56337 
6.4525 0.01132038427 8.854098287e-05 54826 
6.4535 0.01145726943 8.905754766e-05 55444 
6.4545 0.01146079386 8.940639381e-05 54791 
6.4555 0.01147812757 8.948945471e-05 55222 
6.4565 0.01138867207 8.918520953e-05 54779 
6.4575 0.01144653998 8.914336193e-05 54970 
6.4585 0.01124995487 8.828541211e-05 54848 
6.4595 0.01126498894 8.850140616e-05 54314 
6.4605 0.01123821114 8.827310756e-05 54322 
6.4615 0.01160754481 9.009473068e-05 55401 
6.4625 0.01133657863 8.921970758e-05 54327 
6.4635 0.01158547279 9.002230251e-05 55589 
6.4645 0.01132278551 8.89540379e-05 54772 
6.4655 0.01100403464 8.751165924e-05 53305 
6.4665 0.01142183932 8.915070785e-05 55563 
6.4675 0.01120078692 8.813015485e-05 54559 
6.4685 0.01154085674 8.990157473e-05 55658 
6.4695 0.01127703984 8.871747807e-05 54717 
6.4705 0.01174453517 9.05116486e-05 56266 
6.4715 0.01136152585 8.885362276e-05 55149 
6.4725 0.0114603137 8.946232844e-05 54913 
6.4735 0.01144499476 8.92566927e-05 55054 
6.4745 0.01171863774 9.074381707e-05 55846 
6.4755 0.01165297072 9.037180074e-05 55634 
6.4765 0.01152431958 8.966544879e-05 55490 
6.4775 0.01154028421 8.981710962e-05 55153 
6.4785 0.01170658413 9.054530699e-05 55919 
6.4795 0.01147514217 8.982691909e-05 54967 
6.4805 0.01163661405 9.038348925e-05 55817 
6.4815 0.01159081353 9.023284818e-05 55064 
6.4825 0.01155170568 8.983577397e-05 55516 
6.4835 0.01163995123 9.020648235e-05 55413 
6.4845 0.01148671811 8.987008707e-05 54685 
6.4855 0.01154994704 9.005091419e-05 54981 
6.4865 0.01119591988 8.875786307e-05 53564 
6.4875 0.01144854532 8.971796201e-05 54681 
6.4885 0.01151873865 9.004992918e-05 54393 
6.4895 0.01141612918 8.945396624e-05 54900 
6.4905 0.01158132159 9.029136519e-05 54893 
6.4915 0.01181747878 9.13327703e-05 56099 
6.4925 0.0115715922 9.021969772e-05 55081 
6.4935 0.01129042942 8.923635281e-05 53841 
6.4945 0.01154896176 9.011338186e-05 55117 
6.4955 0.01178377561 9.118813473e-05 56199 
6.4965 0.01157493426 9.029493953e-05 54910 
6.4975 0.01134924349 8.924935477e-05 54602 
6.4985 0.01145476621 8.966277235e-05 54912 
6.4995 0.01164969201 9.080744398e-05 55358 
