# Format: McCode with text headers
# URL: http://www.mccode.org
# Creator:  3.5.2, git
# Instrument: Airport_scannerII.instr
# Ncount: 1000000
# Trace: no
# Gravitation: no
# Seed: 1728639433878185
# Directory: Scan_Src_Quasi/20
# Param: SFILE=input_abs_objects_template.dat
# Param: ANGLE=0
# Param: posX=-0.1
# Param: posY=-0.3
# Param: posZ=0
# Param: Ncount=0
# Date: Fri Oct 11 09:37:18 2024 (1728639438)
# type: array_1d(101)
# Source: Airp_scannerII (Airport_scannerII.instr)
# component: emon
# position: 0 0 0.11
# title: Energy monitor
# Ncount: 1000000
# filename: emon.dat
# statistics: X0=70.0097; dX=39.8974;
# signal: Min=0; Max=0.014632; Mean=0.00990099;
# values: 1 0.001 1e+06
# xvar: E
# yvar: (I,I_err)
# xlabel: Energy [keV]
# ylabel: Intensity
# xlimits: 0 200
# variables: E I I_err N
0.9900990099 0.007057 8.400595217e-05 7057 
2.97029703 0.014625 0.0001209338662 14625 
4.95049505 0.014403 0.0001200124993 14403 
6.930693069 0.014442 0.0001201748726 14442 
8.910891089 0.014137 0.0001188991169 14137 
10.89108911 0.014305 0.0001196035117 14305 
12.87128713 0.014372 0.0001198832766 14372 
14.85148515 0.014411 0.0001200458246 14411 
16.83168317 0.014363 0.0001198457342 14363 
18.81188119 0.014306 0.0001196076921 14306 
20.79207921 0.014344 0.0001197664394 14344 
22.77227723 0.014622 0.0001209214621 14622 
24.75247525 0.014406 0.0001200249974 14406 
26.73267327 0.014212 0.0001192140931 14212 
28.71287129 0.014454 0.0001202247895 14454 
30.69306931 0.01433 0.000119707978 14330 
32.67326733 0.014305 0.0001196035117 14305 
34.65346535 0.014428 0.00012011661 14428 
36.63366337 0.014362 0.0001198415621 14362 
38.61386139 0.014166 0.0001190210065 14166 
40.59405941 0.014538 0.000120573629 14538 
42.57425743 0.014485 0.0001203536456 14485 
44.55445545 0.014343 0.0001197622645 14343 
46.53465347 0.01425 0.0001193733639 14250 
48.51485149 0.014295 0.0001195616996 14295 
50.4950495 0.01435 0.0001197914855 14350 
52.47524752 0.014159 0.0001189915963 14159 
54.45544554 0.014304 0.0001195993311 14304 
56.43564356 0.014409 0.0001200374941 14409 
58.41584158 0.014272 0.0001194654762 14272 
60.3960396 0.014202 0.0001191721444 14202 
62.37623762 0.014339 0.0001197455636 14339 
64.35643564 0.014369 0.0001198707637 14369 
66.33663366 0.014352 0.0001197998331 14352 
68.31683168 0.014424 0.0001200999584 14424 
70.2970297 0.014472 0.0001202996259 14472 
72.27722772 0.014311 0.0001196285919 14311 
74.25742574 0.014352 0.0001197998331 14352 
76.23762376 0.014317 0.0001196536669 14317 
78.21782178 0.014062 0.0001185833041 14062 
80.1980198 0.014488 0.0001203661082 14488 
82.17821782 0.014238 0.0001193230908 14238 
84.15841584 0.014375 0.0001198957881 14375 
86.13861386 0.014199 0.0001191595569 14199 
88.11881188 0.014261 0.0001194194289 14261 
90.0990099 0.014211 0.0001192098989 14211 
92.07920792 0.014229 0.0001192853721 14229 
94.05940594 0.014396 0.0001199833322 14396 
96.03960396 0.014132 0.0001188780888 14132 
98.01980198 0.014212 0.0001192140931 14212 
100 0.014557 0.0001206523933 14557 
101.980198 0.014118 0.0001188191904 14118 
103.960396 0.01444 0.0001201665511 14440 
105.9405941 0.014218 0.0001192392553 14218 
107.9207921 0.014426 0.0001201082845 14426 
109.9009901 0.014202 0.0001191721444 14202 
111.8811881 0.014443 0.0001201790331 14443 
113.8613861 0.014298 0.0001195742447 14298 
115.8415842 0.01429 0.000119540788 14290 
117.8217822 0.014326 0.0001196912695 14326 
119.8019802 0.014439 0.0001201623901 14439 
121.7821782 0.014345 0.0001197706141 14345 
123.7623762 0.014424 0.0001200999584 14424 
125.7425743 0.014632 0.0001209628042 14632 
127.7227723 0.014386 0.0001199416525 14386 
129.7029703 0.014258 0.0001194068675 14258 
131.6831683 0.014479 0.0001203287164 14479 
133.6633663 0.014494 0.0001203910296 14494 
135.6435644 0.014437 0.0001201540678 14437 
137.6237624 0.014616 0.0001208966501 14616 
139.6039604 0.002776 5.268775949e-05 2776 
141.5841584 0 0 0 
143.5643564 0 0 0 
145.5445545 0 0 0 
147.5247525 0 0 0 
149.5049505 0 0 0 
151.4851485 0 0 0 
153.4653465 0 0 0 
155.4455446 0 0 0 
157.4257426 0 0 0 
159.4059406 0 0 0 
161.3861386 0 0 0 
163.3663366 0 0 0 
165.3465347 0 0 0 
167.3267327 0 0 0 
169.3069307 0 0 0 
171.2871287 0 0 0 
173.2673267 0 0 0 
175.2475248 0 0 0 
177.2277228 0 0 0 
179.2079208 0 0 0 
181.1881188 0 0 0 
183.1683168 0 0 0 
185.1485149 0 0 0 
187.1287129 0 0 0 
189.1089109 0 0 0 
191.0891089 0 0 0 
193.0693069 0 0 0 
195.049505 0 0 0 
197.029703 0 0 0 
199.009901 0 0 0 
