# Format: McCode with text headers
# URL: http://www.mccode.org
# Creator: McXtrace 1.7 - Jan. 23, 2022
# Instrument: XRD.instr
# Ncount: 1000000
# Trace: no
# Gravitation: no
# Seed: 1661776213
# Directory: /home/farhi/dev/Schools/2022/SRSS22_Sept_2022_McXtrace/tutorial/Pandora-box/XRD_20220829_123107
# Date: Mon Aug 29 12:31:08 2022 (1661769068)
# type: array_1d(2048)
# Source: XRD (XRD.instr)
# component: psd_monitor_rad
# position: 0 0 2.5
# title: PSD_monitor
# Ncount: 1000000
# filename: PSD_rad.dat
# statistics: X0=0.0442114; dX=0.0990306;
# signal: Min=0; Max=1.20142e-10; Mean=7.43105e-14;
# values: 1.52188e-10 3.6819e-13 324753
# xvar: R
# yvar: (I,I_err)
# xlabel: Radial Position[m]
# ylabel: Intensity
# xlimits: 0 0.5
# variables: R I I_err N
0.0001220703125 1.201415278e-10 3.487642893e-13 182345 
0.0003662109375 0 0 0 
0.0006103515625 0 0 0 
0.0008544921875 0 0 0 
0.001098632812 0 0 0 
0.001342773438 0 0 1 
0.001586914062 0 0 0 
0.001831054688 0 0 0 
0.002075195312 0 0 0 
0.002319335938 0 0 0 
0.002563476562 0 0 0 
0.002807617188 0 0 0 
0.003051757812 0 0 1 
0.003295898438 0 0 1 
0.003540039062 0 0 0 
0.003784179688 0 0 1 
0.004028320312 0 0 0 
0.004272460938 0 0 2 
0.004516601562 0 0 0 
0.004760742188 0 0 0 
0.005004882812 0 0 0 
0.005249023438 0 0 1 
0.005493164062 0 0 0 
0.005737304688 0 0 0 
0.005981445312 0 0 3 
0.006225585938 0 0 0 
0.006469726562 0 0 1 
0.006713867188 0 0 0 
0.006958007812 0 0 1 
0.007202148438 0 0 2 
0.007446289062 0 0 3 
0.007690429688 0 0 0 
0.007934570312 0 0 0 
0.008178710938 0 0 0 
0.008422851562 0 0 3 
0.008666992188 0 0 0 
0.008911132812 0 0 1 
0.009155273438 0 0 2 
0.009399414062 0 0 0 
0.009643554688 0 0 0 
0.009887695312 0 0 2 
0.01013183594 0 0 1 
0.01037597656 0 0 0 
0.01062011719 0 0 1 
0.01086425781 0 0 0 
0.01110839844 0 0 4 
0.01135253906 0 0 3 
0.01159667969 0 0 2 
0.01184082031 0 0 5 
0.01208496094 0 0 4 
0.01232910156 0 0 1 
0.01257324219 0 0 1 
0.01281738281 0 0 1 
0.01306152344 0 0 1 
0.01330566406 0 0 1 
0.01354980469 0 0 2 
0.01379394531 0 0 1 
0.01403808594 0 0 1 
0.01428222656 0 0 1 
0.01452636719 0 0 1 
0.01477050781 0 0 2 
0.01501464844 0 0 0 
0.01525878906 0 0 1 
0.01550292969 0 0 2 
0.01574707031 0 0 1 
0.01599121094 0 0 2 
0.01623535156 0 0 2 
0.01647949219 0 0 4 
0.01672363281 0 0 2 
0.01696777344 0 0 0 
0.01721191406 0 0 0 
0.01745605469 0 0 3 
0.01770019531 0 0 0 
0.01794433594 0 0 1 
0.01818847656 0 0 5 
0.01843261719 0 0 4 
0.01867675781 0 0 1 
0.01892089844 0 0 1 
0.01916503906 0 0 5 
0.01940917969 0 0 1 
0.01965332031 0 0 1 
0.01989746094 0 0 5 
0.02014160156 0 0 3 
0.02038574219 0 0 5 
0.02062988281 0 0 2 
0.02087402344 0 0 1 
0.02111816406 0 0 2 
0.02136230469 0 0 3 
0.02160644531 0 0 7 
0.02185058594 0 0 3 
0.02209472656 0 0 1 
0.02233886719 0 0 4 
0.02258300781 0 0 2 
0.02282714844 0 0 4 
0.02307128906 0 0 4 
0.02331542969 0 0 4 
0.02355957031 0 0 2 
0.02380371094 0 0 2 
0.02404785156 0 0 4 
0.02429199219 0 0 4 
0.02453613281 0 0 5 
0.02478027344 0 0 0 
0.02502441406 0 0 5 
0.02526855469 0 0 3 
0.02551269531 0 0 4 
0.02575683594 0 0 3 
0.02600097656 0 0 2 
0.02624511719 0 0 7 
0.02648925781 0 0 1 
0.02673339844 0 0 2 
0.02697753906 0 0 1 
0.02722167969 0 0 2 
0.02746582031 0 0 4 
0.02770996094 0 0 1 
0.02795410156 0 0 4 
0.02819824219 0 0 4 
0.02844238281 0 0 3 
0.02868652344 0 0 5 
0.02893066406 0 0 0 
0.02917480469 0 0 3 
0.02941894531 0 0 2 
0.02966308594 0 0 5 
0.02990722656 0 0 5 
0.03015136719 0 0 5 
0.03039550781 0 0 3 
0.03063964844 0 0 4 
0.03088378906 0 0 3 
0.03112792969 0 0 2 
0.03137207031 0 0 5 
0.03161621094 0 0 4 
0.03186035156 0 0 1 
0.03210449219 0 0 8 
0.03234863281 0 0 5 
0.03259277344 0 0 1 
0.03283691406 0 0 2 
0.03308105469 0 0 4 
0.03332519531 0 0 5 
0.03356933594 0 0 2 
0.03381347656 0 0 6 
0.03405761719 0 0 2 
0.03430175781 0 0 8 
0.03454589844 0 0 7 
0.03479003906 0 0 1 
0.03503417969 0 0 4 
0.03527832031 0 0 2 
0.03552246094 0 0 1 
0.03576660156 0 0 9 
0.03601074219 0 0 7 
0.03625488281 0 0 6 
0.03649902344 0 0 6 
0.03674316406 0 0 4 
0.03698730469 0 0 3 
0.03723144531 0 0 2 
0.03747558594 0 0 9 
0.03771972656 0 0 1 
0.03796386719 0 0 6 
0.03820800781 0 0 7 
0.03845214844 0 0 5 
0.03869628906 0 0 3 
0.03894042969 0 0 4 
0.03918457031 0 0 4 
0.03942871094 0 0 7 
0.03967285156 0 0 6 
0.03991699219 0 0 8 
0.04016113281 0 0 3 
0.04040527344 0 0 6 
0.04064941406 0 0 5 
0.04089355469 0 0 5 
0.04113769531 0 0 7 
0.04138183594 0 0 3 
0.04162597656 0 0 2 
0.04187011719 0 0 3 
0.04211425781 0 0 3 
0.04235839844 0 0 4 
0.04260253906 0 0 3 
0.04284667969 0 0 2 
0.04309082031 0 0 6 
0.04333496094 0 0 3 
0.04357910156 0 0 2 
0.04382324219 0 0 4 
0.04406738281 0 0 6 
0.04431152344 0 0 5 
0.04455566406 0 0 7 
0.04479980469 0 0 7 
0.04504394531 0 0 2 
0.04528808594 0 0 4 
0.04553222656 0 0 7 
0.04577636719 0 0 5 
0.04602050781 0 0 3 
0.04626464844 0 0 1 
0.04650878906 0 0 7 
0.04675292969 0 0 6 
0.04699707031 0 0 6 
0.04724121094 0 0 6 
0.04748535156 0 0 10 
0.04772949219 0 0 11 
0.04797363281 0 0 6 
0.04821777344 0 0 3 
0.04846191406 0 0 6 
0.04870605469 0 0 5 
0.04895019531 0 0 7 
0.04919433594 0 0 4 
0.04943847656 0 0 6 
0.04968261719 0 0 4 
0.04992675781 0 0 6 
0.05017089844 0 0 4 
0.05041503906 0 0 6 
0.05065917969 0 0 3 
0.05090332031 0 0 4 
0.05114746094 0 0 5 
0.05139160156 0 0 3 
0.05163574219 0 0 2 
0.05187988281 0 0 10 
0.05212402344 0 0 4 
0.05236816406 0 0 4 
0.05261230469 0 0 8 
0.05285644531 0 0 7 
0.05310058594 0 0 7 
0.05334472656 0 0 3 
0.05358886719 0 0 4 
0.05383300781 0 0 11 
0.05407714844 0 0 10 
0.05432128906 0 0 12 
0.05456542969 0 0 6 
0.05480957031 0 0 4 
0.05505371094 0 0 8 
0.05529785156 0 0 4 
0.05554199219 0 0 4 
0.05578613281 0 0 4 
0.05603027344 0 0 4 
0.05627441406 0 0 4 
0.05651855469 0 0 12 
0.05676269531 0 0 7 
0.05700683594 0 0 8 
0.05725097656 0 0 7 
0.05749511719 0 0 10 
0.05773925781 0 0 7 
0.05798339844 0 0 5 
0.05822753906 0 0 10 
0.05847167969 0 0 4 
0.05871582031 0 0 5 
0.05895996094 0 0 7 
0.05920410156 0 0 8 
0.05944824219 0 0 10 
0.05969238281 0 0 8 
0.05993652344 0 0 11 
0.06018066406 3.475879446e-13 1.127983316e-14 987 
0.06042480469 5.029373071e-13 1.353990129e-14 1435 
0.06066894531 5.145613136e-13 1.357802679e-14 1486 
0.06091308594 3.884893459e-13 1.177696527e-14 1131 
0.06115722656 5.587351309e-16 4.139481135e-16 9 
0.06140136719 0 0 3 
0.06164550781 0 0 9 
0.06188964844 0 0 11 
0.06213378906 0 0 13 
0.06237792969 0 0 10 
0.06262207031 0 0 3 
0.06286621094 0 0 11 
0.06311035156 0 0 8 
0.06335449219 0 0 5 
0.06359863281 0 0 5 
0.06384277344 0 0 9 
0.06408691406 0 0 7 
0.06433105469 0 0 6 
0.06457519531 0 0 13 
0.06481933594 0 0 7 
0.06506347656 0 0 7 
0.06530761719 0 0 3 
0.06555175781 0 0 11 
0.06579589844 0 0 4 
0.06604003906 0 0 2 
0.06628417969 0 0 11 
0.06652832031 0 0 7 
0.06677246094 0 0 6 
0.06701660156 0 0 7 
0.06726074219 0 0 10 
0.06750488281 0 0 4 
0.06774902344 0 0 9 
0.06799316406 0 0 7 
0.06823730469 0 0 9 
0.06848144531 0 0 8 
0.06872558594 0 0 13 
0.06896972656 0 0 10 
0.06921386719 0 0 5 
0.06945800781 0 0 10 
0.06970214844 0 0 10 
0.06994628906 0 0 8 
0.07019042969 0 0 15 
0.07043457031 0 0 5 
0.07067871094 0 0 11 
0.07092285156 0 0 7 
0.07116699219 0 0 5 
0.07141113281 0 0 8 
0.07165527344 0 0 5 
0.07189941406 0 0 9 
0.07214355469 0 0 11 
0.07238769531 0 0 8 
0.07263183594 0 0 3 
0.07287597656 0 0 11 
0.07312011719 0 0 11 
0.07336425781 0 0 17 
0.07360839844 0 0 5 
0.07385253906 0 0 10 
0.07409667969 0 0 9 
0.07434082031 0 0 5 
0.07458496094 0 0 8 
0.07482910156 0 0 13 
0.07507324219 0 0 5 
0.07531738281 0 0 7 
0.07556152344 0 0 6 
0.07580566406 0 0 13 
0.07604980469 0 0 9 
0.07629394531 0 0 6 
0.07653808594 0 0 10 
0.07678222656 0 0 9 
0.07702636719 0 0 9 
0.07727050781 0 0 9 
0.07751464844 0 0 7 
0.07775878906 0 0 10 
0.07800292969 0 0 11 
0.07824707031 0 0 7 
0.07849121094 0 0 7 
0.07873535156 0 0 7 
0.07897949219 0 0 8 
0.07922363281 0 0 5 
0.07946777344 0 0 9 
0.07971191406 0 0 8 
0.07995605469 0 0 7 
0.08020019531 0 0 14 
0.08044433594 0 0 5 
0.08068847656 0 0 9 
0.08093261719 0 0 12 
0.08117675781 0 0 8 
0.08142089844 0 0 9 
0.08166503906 0 0 13 
0.08190917969 0 0 3 
0.08215332031 0 0 8 
0.08239746094 0 0 11 
0.08264160156 0 0 10 
0.08288574219 0 0 8 
0.08312988281 0 0 5 
0.08337402344 0 0 7 
0.08361816406 0 0 5 
0.08386230469 0 0 12 
0.08410644531 0 0 11 
0.08435058594 0 0 5 
0.08459472656 0 0 5 
0.08483886719 0 0 7 
0.08508300781 0 0 7 
0.08532714844 0 0 7 
0.08557128906 0 0 8 
0.08581542969 0 0 2 
0.08605957031 0 0 9 
0.08630371094 2.569257685e-13 1.477350796e-14 324 
0.08654785156 7.961295885e-13 2.624582532e-14 964 
0.08679199219 8.353187798e-13 2.679348918e-14 1015 
0.08703613281 8.385853425e-13 2.661766591e-14 1031 
0.08728027344 7.870006489e-13 2.563925154e-14 988 
0.08752441406 6.404335255e-13 2.321824792e-14 798 
0.08776855469 7.699446079e-16 8.231054084e-16 7 
0.08801269531 0 0 10 
0.08825683594 0 0 7 
0.08850097656 0 0 5 
0.08874511719 0 0 6 
0.08898925781 0 0 5 
0.08923339844 0 0 7 
0.08947753906 0 0 5 
0.08972167969 0 0 12 
0.08996582031 0 0 13 
0.09020996094 0 0 9 
0.09045410156 0 0 16 
0.09069824219 0 0 10 
0.09094238281 0 0 7 
0.09118652344 0 0 15 
0.09143066406 0 0 7 
0.09167480469 0 0 12 
0.09191894531 0 0 6 
0.09216308594 0 0 10 
0.09240722656 0 0 7 
0.09265136719 0 0 7 
0.09289550781 0 0 14 
0.09313964844 0 0 11 
0.09338378906 0 0 7 
0.09362792969 0 0 8 
0.09387207031 0 0 6 
0.09411621094 0 0 7 
0.09436035156 0 0 10 
0.09460449219 0 0 14 
0.09484863281 0 0 9 
0.09509277344 0 0 10 
0.09533691406 0 0 11 
0.09558105469 0 0 14 
0.09582519531 0 0 12 
0.09606933594 0 0 18 
0.09631347656 0 0 10 
0.09655761719 0 0 7 
0.09680175781 0 0 10 
0.09704589844 0 0 15 
0.09729003906 0 0 3 
0.09753417969 0 0 17 
0.09777832031 0 0 1 
0.09802246094 0 0 9 
0.09826660156 0 0 12 
0.09851074219 0 0 14 
0.09875488281 0 0 5 
0.09899902344 0 0 5 
0.09924316406 0 0 12 
0.09948730469 0 0 11 
0.09973144531 0 0 13 
0.09997558594 0 0 12 
0.1002197266 0 0 7 
0.1004638672 0 0 11 
0.1007080078 0 0 15 
0.1009521484 0 0 11 
0.1011962891 0 0 8 
0.1014404297 0 0 15 
0.1016845703 0 0 19 
0.1019287109 0 0 11 
0.1021728516 0 0 8 
0.1024169922 0 0 10 
0.1026611328 0 0 19 
0.1029052734 0 0 8 
0.1031494141 0 0 15 
0.1033935547 0 0 11 
0.1036376953 0 0 16 
0.1038818359 0 0 11 
0.1041259766 0 0 10 
0.1043701172 0 0 7 
0.1046142578 0 0 11 
0.1048583984 0 0 12 
0.1051025391 0 0 10 
0.1053466797 0 0 8 
0.1055908203 0 0 15 
0.1058349609 0 0 8 
0.1060791016 0 0 6 
0.1063232422 0 0 7 
0.1065673828 0 0 9 
0.1068115234 0 0 9 
0.1070556641 0 0 5 
0.1072998047 3.189176249e-14 3.739379019e-15 90 
0.1075439453 3.377315722e-13 1.256777067e-14 762 
0.1077880859 3.625603447e-13 1.306158935e-14 811 
0.1080322266 3.371109942e-13 1.258215732e-14 756 
0.1082763672 3.421643403e-13 1.259160692e-14 773 
0.1085205078 3.437985392e-13 1.252466492e-14 789 
0.1087646484 3.551316976e-13 1.272313728e-14 820 
0.1090087891 1.385004305e-13 7.94374425e-15 326 
0.1092529297 0 0 7 
0.1094970703 0 0 12 
0.1097412109 0 0 12 
0.1099853516 0 0 10 
0.1102294922 0 0 12 
0.1104736328 0 0 10 
0.1107177734 0 0 12 
0.1109619141 0 0 7 
0.1112060547 0 0 10 
0.1114501953 0 0 15 
0.1116943359 0 0 11 
0.1119384766 0 0 9 
0.1121826172 0 0 10 
0.1124267578 0 0 18 
0.1126708984 0 0 11 
0.1129150391 0 0 18 
0.1131591797 0 0 14 
0.1134033203 0 0 10 
0.1136474609 0 0 9 
0.1138916016 0 0 10 
0.1141357422 0 0 16 
0.1143798828 0 0 8 
0.1146240234 0 0 14 
0.1148681641 0 0 9 
0.1151123047 0 0 11 
0.1153564453 0 0 13 
0.1156005859 0 0 15 
0.1158447266 0 0 5 
0.1160888672 0 0 10 
0.1163330078 0 0 12 
0.1165771484 0 0 15 
0.1168212891 0 0 8 
0.1170654297 0 0 10 
0.1173095703 0 0 8 
0.1175537109 0 0 8 
0.1177978516 0 0 9 
0.1180419922 0 0 12 
0.1182861328 0 0 16 
0.1185302734 0 0 13 
0.1187744141 0 0 11 
0.1190185547 0 0 12 
0.1192626953 0 0 8 
0.1195068359 0 0 14 
0.1197509766 0 0 10 
0.1199951172 0 0 9 
0.1202392578 0 0 11 
0.1204833984 0 0 9 
0.1207275391 0 0 12 
0.1209716797 0 0 9 
0.1212158203 0 0 10 
0.1214599609 0 0 11 
0.1217041016 0 0 8 
0.1219482422 0 0 15 
0.1221923828 0 0 11 
0.1224365234 0 0 9 
0.1226806641 0 0 10 
0.1229248047 0 0 10 
0.1231689453 0 0 10 
0.1234130859 0 0 13 
0.1236572266 0 0 13 
0.1239013672 0 0 11 
0.1241455078 0 0 16 
0.1243896484 0 0 9 
0.1246337891 0 0 14 
0.1248779297 0 0 14 
0.1251220703 0 0 16 
0.1253662109 0 0 11 
0.1256103516 0 0 12 
0.1258544922 2.057615521e-15 7.550750644e-16 14 
0.1260986328 1.406696999e-13 6.295317023e-15 530 
0.1263427734 1.745894848e-13 6.999244644e-15 668 
0.1265869141 1.684062732e-13 6.845954123e-15 645 
0.1268310547 1.700183113e-13 6.893447478e-15 647 
0.1270751953 1.728934095e-13 6.925741584e-15 661 
0.1273193359 1.657402429e-13 6.723707273e-15 641 
0.1275634766 1.664141335e-13 6.728630993e-15 646 
0.1278076172 1.682651704e-13 6.83610374e-15 633 
0.1280517578 1.021957109e-14 1.683076477e-15 49 
0.1282958984 0 0 13 
0.1285400391 0 0 6 
0.1287841797 0 0 9 
0.1290283203 0 0 13 
0.1292724609 0 0 11 
0.1295166016 0 0 11 
0.1297607422 0 0 17 
0.1300048828 0 0 10 
0.1302490234 0 0 16 
0.1304931641 0 0 19 
0.1307373047 0 0 8 
0.1309814453 0 0 10 
0.1312255859 0 0 12 
0.1314697266 0 0 16 
0.1317138672 0 0 8 
0.1319580078 0 0 17 
0.1322021484 0 0 10 
0.1324462891 0 0 8 
0.1326904297 0 0 16 
0.1329345703 0 0 9 
0.1331787109 0 0 10 
0.1334228516 0 0 8 
0.1336669922 0 0 11 
0.1339111328 0 0 17 
0.1341552734 0 0 11 
0.1343994141 0 0 14 
0.1346435547 0 0 12 
0.1348876953 0 0 19 
0.1351318359 0 0 17 
0.1353759766 0 0 12 
0.1356201172 0 0 14 
0.1358642578 0 0 9 
0.1361083984 0 0 11 
0.1363525391 0 0 11 
0.1365966797 0 0 13 
0.1368408203 0 0 15 
0.1370849609 0 0 12 
0.1373291016 0 0 11 
0.1375732422 0 0 6 
0.1378173828 0 0 9 
0.1380615234 0 0 4 
0.1383056641 0 0 13 
0.1385498047 0 0 22 
0.1387939453 0 0 14 
0.1390380859 0 0 12 
0.1392822266 0 0 14 
0.1395263672 0 0 10 
0.1397705078 0 0 9 
0.1400146484 0 0 14 
0.1402587891 0 0 17 
0.1405029297 0 0 18 
0.1407470703 0 0 19 
0.1409912109 0 0 14 
0.1412353516 0 0 11 
0.1414794922 0 0 7 
0.1417236328 0 0 17 
0.1419677734 0 0 15 
0.1422119141 0 0 16 
0.1424560547 0 0 17 
0.1427001953 0 0 14 
0.1429443359 0 0 11 
0.1431884766 1.79193022e-13 1.141676954e-14 271 
0.1434326172 3.714524627e-13 1.64102618e-14 543 
0.1436767578 3.589475806e-13 1.609522616e-14 533 
0.1439208984 3.861916383e-13 1.67436303e-14 563 
0.1441650391 3.891061214e-13 1.682387022e-14 560 
0.1444091797 3.472602768e-13 1.570626023e-14 524 
0.1446533203 3.820212069e-13 1.651768877e-14 567 
0.1448974609 3.460574976e-13 1.562157364e-14 525 
0.1451416016 3.655802644e-13 1.613481546e-14 551 
0.1453857422 2.774572567e-13 1.403401946e-14 417 
0.1456298828 0 0 14 
0.1458740234 0 0 16 
0.1461181641 0 0 9 
0.1463623047 0 0 10 
0.1466064453 0 0 15 
0.1468505859 0 0 15 
0.1470947266 0 0 10 
0.1473388672 0 0 19 
0.1475830078 0 0 10 
0.1478271484 0 0 10 
0.1480712891 0 0 16 
0.1483154297 0 0 15 
0.1485595703 0 0 14 
0.1488037109 0 0 9 
0.1490478516 0 0 13 
0.1492919922 0 0 10 
0.1495361328 0 0 11 
0.1497802734 0 0 16 
0.1500244141 0 0 16 
0.1502685547 0 0 6 
0.1505126953 0 0 12 
0.1507568359 0 0 12 
0.1510009766 0 0 10 
0.1512451172 0 0 12 
0.1514892578 0 0 12 
0.1517333984 0 0 14 
0.1519775391 0 0 14 
0.1522216797 0 0 9 
0.1524658203 0 0 17 
0.1527099609 0 0 15 
0.1529541016 0 0 20 
0.1531982422 0 0 9 
0.1534423828 0 0 12 
0.1536865234 0 0 7 
0.1539306641 0 0 13 
0.1541748047 0 0 11 
0.1544189453 0 0 15 
0.1546630859 0 0 11 
0.1549072266 0 0 13 
0.1551513672 0 0 14 
0.1553955078 0 0 9 
0.1556396484 0 0 21 
0.1558837891 0 0 17 
0.1561279297 0 0 12 
0.1563720703 0 0 14 
0.1566162109 0 0 9 
0.1568603516 0 0 14 
0.1571044922 0 0 20 
0.1573486328 0 0 23 
0.1575927734 0 0 11 
0.1578369141 0 0 17 
0.1580810547 0 0 21 
0.1583251953 0 0 12 
0.1585693359 0 0 14 
0.1588134766 0 0 16 
0.1590576172 0 0 11 
0.1593017578 0 0 13 
0.1595458984 1.225244846e-13 7.246736445e-15 313 
0.1597900391 1.983858156e-13 9.260376482e-15 484 
0.1600341797 2.004141164e-13 9.256719384e-15 497 
0.1602783203 1.960923956e-13 9.097914364e-15 502 
0.1605224609 1.773601706e-13 8.717587395e-15 446 
0.1607666016 1.998201784e-13 9.181259023e-15 505 
0.1610107422 1.781190282e-13 8.658042576e-15 453 
0.1612548828 1.889350178e-13 8.854133328e-15 490 
0.1614990234 1.882506261e-13 8.840161811e-15 486 
0.1617431641 1.936698018e-13 9.015667935e-15 489 
0.1619873047 1.845990365e-13 8.797298903e-15 465 
0.1622314453 4.772855417e-15 1.485373586e-15 29 
0.1624755859 0 0 11 
0.1627197266 0 0 19 
0.1629638672 0 0 13 
0.1632080078 0 0 9 
0.1634521484 0 0 17 
0.1636962891 0 0 10 
0.1639404297 0 0 15 
0.1641845703 0 0 17 
0.1644287109 0 0 14 
0.1646728516 0 0 16 
0.1649169922 0 0 17 
0.1651611328 0 0 15 
0.1654052734 0 0 14 
0.1656494141 0 0 16 
0.1658935547 0 0 17 
0.1661376953 0 0 19 
0.1663818359 0 0 14 
0.1666259766 0 0 16 
0.1668701172 0 0 18 
0.1671142578 0 0 12 
0.1673583984 0 0 10 
0.1676025391 0 0 13 
0.1678466797 0 0 6 
0.1680908203 0 0 17 
0.1683349609 0 0 11 
0.1685791016 0 0 19 
0.1688232422 0 0 16 
0.1690673828 0 0 19 
0.1693115234 0 0 9 
0.1695556641 0 0 11 
0.1697998047 0 0 17 
0.1700439453 0 0 10 
0.1702880859 0 0 20 
0.1705322266 0 0 13 
0.1707763672 0 0 15 
0.1710205078 0 0 15 
0.1712646484 0 0 10 
0.1715087891 0 0 5 
0.1717529297 0 0 15 
0.1719970703 0 0 10 
0.1722412109 0 0 18 
0.1724853516 0 0 15 
0.1727294922 0 0 12 
0.1729736328 0 0 12 
0.1732177734 0 0 17 
0.1734619141 0 0 14 
0.1737060547 0 0 17 
0.1739501953 0 0 13 
0.1741943359 0 0 6 
0.1744384766 0 0 16 
0.1746826172 0 0 9 
0.1749267578 0 0 10 
0.1751708984 0 0 11 
0.1754150391 0 0 11 
0.1756591797 0 0 10 
0.1759033203 0 0 16 
0.1761474609 0 0 12 
0.1763916016 0 0 15 
0.1766357422 0 0 16 
0.1768798828 0 0 17 
0.1771240234 0 0 17 
0.1773681641 0 0 11 
0.1776123047 0 0 13 
0.1778564453 0 0 11 
0.1781005859 0 0 22 
0.1783447266 0 0 14 
0.1785888672 0 0 10 
0.1788330078 0 0 10 
0.1790771484 0 0 16 
0.1793212891 0 0 11 
0.1795654297 0 0 14 
0.1798095703 0 0 17 
0.1800537109 0 0 18 
0.1802978516 0 0 18 
0.1805419922 0 0 8 
0.1807861328 0 0 24 
0.1810302734 0 0 17 
0.1812744141 0 0 13 
0.1815185547 0 0 14 
0.1817626953 0 0 10 
0.1820068359 0 0 18 
0.1822509766 0 0 19 
0.1824951172 0 0 7 
0.1827392578 0 0 11 
0.1829833984 0 0 18 
0.1832275391 0 0 17 
0.1834716797 0 0 12 
0.1837158203 0 0 13 
0.1839599609 0 0 14 
0.1842041016 0 0 13 
0.1844482422 0 0 21 
0.1846923828 0 0 19 
0.1849365234 0 0 15 
0.1851806641 0 0 11 
0.1854248047 0 0 13 
0.1856689453 0 0 14 
0.1859130859 0 0 9 
0.1861572266 0 0 15 
0.1864013672 0 0 12 
0.1866455078 0 0 16 
0.1868896484 0 0 14 
0.1871337891 0 0 17 
0.1873779297 0 0 13 
0.1876220703 0 0 9 
0.1878662109 0 0 16 
0.1881103516 0 0 10 
0.1883544922 0 0 11 
0.1885986328 0 0 6 
0.1888427734 0 0 12 
0.1890869141 0 0 10 
0.1893310547 0 0 18 
0.1895751953 0 0 15 
0.1898193359 0 0 19 
0.1900634766 0 0 12 
0.1903076172 0 0 16 
0.1905517578 2.559928912e-15 7.002916121e-16 28 
0.1907958984 5.882251823e-14 3.369933547e-15 331 
0.1910400391 7.096336669e-14 3.728615092e-15 392 
0.1912841797 6.760802228e-14 3.60311832e-15 381 
0.1915283203 6.622609894e-14 3.580017973e-15 371 
0.1917724609 7.193830865e-14 3.709685286e-15 405 
0.1920166016 6.729027861e-14 3.605235748e-15 374 
0.1922607422 7.244563269e-14 3.735495205e-15 405 
0.1925048828 6.559482864e-14 3.546833778e-15 374 
0.1927490234 6.431773182e-14 3.476121526e-15 369 
0.1929931641 6.898063746e-14 3.601320056e-15 392 
0.1932373047 6.835027729e-14 3.592111132e-15 389 
0.1934814453 7.091873991e-14 3.660764299e-15 404 
0.1937255859 6.75063145e-14 3.586917686e-15 387 
0.1939697266 4.566822045e-14 2.939803995e-15 263 
0.1942138672 0 0 25 
0.1944580078 0 0 16 
0.1947021484 0 0 9 
0.1949462891 0 0 20 
0.1951904297 0 0 11 
0.1954345703 0 0 15 
0.1956787109 0 0 19 
0.1959228516 0 0 18 
0.1961669922 0 0 13 
0.1964111328 0 0 9 
0.1966552734 0 0 16 
0.1968994141 0 0 19 
0.1971435547 0 0 17 
0.1973876953 0 0 19 
0.1976318359 0 0 15 
0.1978759766 0 0 12 
0.1981201172 0 0 14 
0.1983642578 0 0 19 
0.1986083984 0 0 10 
0.1988525391 0 0 12 
0.1990966797 0 0 17 
0.1993408203 0 0 6 
0.1995849609 0 0 10 
0.1998291016 0 0 14 
0.2000732422 0 0 16 
0.2003173828 0 0 13 
0.2005615234 0 0 13 
0.2008056641 0 0 15 
0.2010498047 0 0 16 
0.2012939453 0 0 15 
0.2015380859 0 0 5 
0.2017822266 0 0 14 
0.2020263672 0 0 12 
0.2022705078 0 0 12 
0.2025146484 0 0 12 
0.2027587891 0 0 12 
0.2030029297 0 0 8 
0.2032470703 0 0 11 
0.2034912109 0 0 15 
0.2037353516 0 0 16 
0.2039794922 0 0 18 
0.2042236328 0 0 11 
0.2044677734 0 0 8 
0.2047119141 0 0 13 
0.2049560547 0 0 14 
0.2052001953 0 0 11 
0.2054443359 0 0 25 
0.2056884766 0 0 11 
0.2059326172 8.564793409e-14 6.524198228e-15 308 
0.2061767578 1.898268961e-13 9.779922876e-15 677 
0.2064208984 1.959563622e-13 9.957996019e-15 686 
0.2066650391 1.811715938e-13 9.482726899e-15 653 
0.2069091797 1.792163598e-13 9.438098512e-15 638 
0.2071533203 1.793902209e-13 9.415398019e-15 660 
0.2073974609 1.827624226e-13 9.502765114e-15 667 
0.2076416016 1.84022234e-13 9.522771342e-15 683 
0.2078857422 1.93795343e-13 9.87509367e-15 680 
0.2081298828 1.885234546e-13 9.515442067e-15 733 
0.2083740234 1.823756655e-13 9.43729224e-15 672 
0.2086181641 1.647246617e-13 8.851138845e-15 654 
0.2088623047 1.945233141e-13 9.687558461e-15 724 
0.2091064453 1.850365614e-13 9.456373631e-15 685 
0.2093505859 1.773885865e-13 9.19636395e-15 686 
0.2095947266 1.292856647e-13 7.930589209e-15 481 
0.2098388672 0 0 14 
0.2100830078 0 0 14 
0.2103271484 0 0 14 
0.2105712891 0 0 10 
0.2108154297 0 0 17 
0.2110595703 0 0 13 
0.2113037109 0 0 19 
0.2115478516 0 0 12 
0.2117919922 0 0 16 
0.2120361328 0 0 17 
0.2122802734 0 0 11 
0.2125244141 0 0 16 
0.2127685547 0 0 10 
0.2130126953 0 0 20 
0.2132568359 0 0 18 
0.2135009766 0 0 14 
0.2137451172 0 0 24 
0.2139892578 0 0 19 
0.2142333984 0 0 14 
0.2144775391 0 0 17 
0.2147216797 0 0 14 
0.2149658203 0 0 10 
0.2152099609 0 0 10 
0.2154541016 0 0 9 
0.2156982422 0 0 9 
0.2159423828 0 0 14 
0.2161865234 0 0 14 
0.2164306641 0 0 19 
0.2166748047 0 0 13 
0.2169189453 0 0 15 
0.2171630859 0 0 13 
0.2174072266 0 0 8 
0.2176513672 0 0 11 
0.2178955078 0 0 15 
0.2181396484 0 0 15 
0.2183837891 0 0 20 
0.2186279297 0 0 9 
0.2188720703 0 0 18 
0.2191162109 0 0 13 
0.2193603516 0 0 12 
0.2196044922 0 0 14 
0.2198486328 0 0 12 
0.2200927734 0 0 13 
0.2203369141 0 0 14 
0.2205810547 0 0 12 
0.2208251953 0 0 13 
0.2210693359 1.904184657e-14 2.871425988e-15 54 
0.2213134766 1.254112234e-13 7.528002182e-15 309 
0.2215576172 1.43649574e-13 7.99893541e-15 358 
0.2218017578 1.39235043e-13 7.895009912e-15 338 
0.2220458984 1.172345113e-13 7.211597529e-15 293 
0.2222900391 1.228004634e-13 7.388403794e-15 308 
0.2225341797 1.317224226e-13 7.669672986e-15 326 
0.2227783203 1.25143474e-13 7.439223548e-15 314 
0.2230224609 1.086453487e-13 6.980690266e-15 269 
0.2232666016 1.280338383e-13 7.538767035e-15 312 
0.2235107422 1.346691482e-13 7.682188544e-15 338 
0.2237548828 1.233303531e-13 7.281009948e-15 321 
0.2239990234 1.186868622e-13 7.20661246e-15 297 
0.2242431641 1.084510563e-13 6.850676641e-15 272 
0.2244873047 1.244448133e-13 7.341131068e-15 315 
0.2247314453 1.298072849e-13 7.508498527e-15 327 
0.2249755859 1.255013692e-13 7.353900394e-15 321 
0.2252197266 8.325945223e-14 6.009196297e-15 218 
0.2254638672 0 0 13 
0.2257080078 0 0 11 
0.2259521484 0 0 20 
0.2261962891 0 0 12 
0.2264404297 0 0 13 
0.2266845703 0 0 15 
0.2269287109 0 0 18 
0.2271728516 0 0 13 
0.2274169922 0 0 15 
0.2276611328 0 0 14 
0.2279052734 0 0 18 
0.2281494141 0 0 15 
0.2283935547 0 0 17 
0.2286376953 0 0 10 
0.2288818359 0 0 11 
0.2291259766 0 0 12 
0.2293701172 0 0 13 
0.2296142578 0 0 16 
0.2298583984 0 0 18 
0.2301025391 0 0 16 
0.2303466797 0 0 14 
0.2305908203 0 0 11 
0.2308349609 0 0 14 
0.2310791016 0 0 12 
0.2313232422 0 0 19 
0.2315673828 0 0 13 
0.2318115234 0 0 15 
0.2320556641 0 0 9 
0.2322998047 0 0 16 
0.2325439453 0 0 14 
0.2327880859 0 0 18 
0.2330322266 0 0 13 
0.2332763672 0 0 9 
0.2335205078 0 0 13 
0.2337646484 0 0 15 
0.2340087891 0 0 11 
0.2342529297 0 0 15 
0.2344970703 0 0 17 
0.2347412109 0 0 22 
0.2349853516 0 0 21 
0.2352294922 0 0 9 
0.2354736328 0 0 12 
0.2357177734 0 0 11 
0.2359619141 0 0 15 
0.2362060547 0 0 12 
0.2364501953 4.557069876e-14 3.667179938e-15 173 
0.2366943359 8.211796498e-14 4.900657529e-15 303 
0.2369384766 7.530386168e-14 4.688043986e-15 290 
0.2371826172 7.249822984e-14 4.633174155e-15 267 
0.2374267578 7.473331681e-14 4.664943158e-15 280 
0.2376708984 7.879699786e-14 4.792860722e-15 296 
0.2379150391 7.976504963e-14 4.824084221e-15 301 
0.2381591797 7.627817589e-14 4.726465657e-15 286 
0.2384033203 6.49536181e-14 4.344225649e-15 242 
0.2386474609 7.503210635e-14 4.673625071e-15 285 
0.2388916016 7.618383542e-14 4.681722087e-15 298 
0.2391357422 6.682029623e-14 4.319605523e-15 271 
0.2393798828 7.387433766e-14 4.56680173e-15 291 
0.2396240234 7.552119787e-14 4.623310253e-15 299 
0.2398681641 7.432876326e-14 4.574731615e-15 290 
0.2401123047 7.10174652e-14 4.487702064e-15 272 
0.2403564453 7.732020996e-14 4.69811189e-15 301 
0.2406005859 6.906469152e-14 4.40850811e-15 269 
0.2408447266 7.587875666e-14 4.614961344e-15 297 
0.2410888672 1.166824585e-14 1.878044318e-15 51 
0.2413330078 0 0 19 
0.2415771484 0 0 11 
0.2418212891 0 0 10 
0.2420654297 0 0 14 
0.2423095703 0 0 11 
0.2425537109 0 0 14 
0.2427978516 0 0 14 
0.2430419922 0 0 15 
0.2432861328 0 0 16 
0.2435302734 0 0 16 
0.2437744141 0 0 16 
0.2440185547 0 0 9 
0.2442626953 0 0 10 
0.2445068359 0 0 21 
0.2447509766 0 0 21 
0.2449951172 0 0 10 
0.2452392578 0 0 18 
0.2454833984 0 0 7 
0.2457275391 0 0 16 
0.2459716797 0 0 12 
0.2462158203 0 0 15 
0.2464599609 0 0 13 
0.2467041016 0 0 13 
0.2469482422 0 0 11 
0.2471923828 0 0 15 
0.2474365234 0 0 8 
0.2476806641 0 0 13 
0.2479248047 0 0 6 
0.2481689453 0 0 14 
0.2484130859 0 0 14 
0.2486572266 0 0 19 
0.2489013672 0 0 9 
0.2491455078 0 0 12 
0.2493896484 0 0 17 
0.2496337891 0 0 13 
0.2498779297 0 0 11 
0.2501220703 0 0 18 
0.2503662109 0 0 17 
0.2506103516 0 0 8 
0.2508544922 0 0 8 
0.2510986328 0 0 18 
0.2513427734 0 0 10 
0.2515869141 0 0 14 
0.2518310547 5.592691101e-15 5.382373082e-16 136 
0.2520751953 1.312061878e-14 8.363248464e-16 271 
0.2523193359 1.129509892e-14 7.722637792e-16 236 
0.2525634766 1.208106866e-14 7.938015574e-16 256 
0.2528076172 1.182355169e-14 7.864710301e-16 252 
0.2530517578 1.254151303e-14 8.085509418e-16 268 
0.2532958984 1.258770724e-14 8.061900865e-16 268 
0.2535400391 1.165863683e-14 7.82324044e-16 250 
0.2537841797 1.134969404e-14 7.669336683e-16 251 
0.2540283203 1.162239568e-14 7.830366079e-16 248 
0.2542724609 1.186505745e-14 7.841927614e-16 252 
0.2545166016 1.197369789e-14 7.954923833e-16 249 
0.2547607422 1.308742716e-14 8.083084782e-16 284 
0.2550048828 1.229575652e-14 7.95599884e-16 265 
0.2552490234 1.19944476e-14 7.866141002e-16 259 
0.2554931641 1.135812379e-14 7.652339943e-16 248 
0.2557373047 1.325060859e-14 8.213596077e-16 285 
0.2559814453 1.174253036e-14 7.747408989e-16 257 
0.2562255859 1.20274871e-14 7.973985632e-16 250 
0.2564697266 1.249448367e-14 8.034688776e-16 268 
0.2567138672 1.232885475e-14 7.873685361e-16 280 
0.2569580078 2.842041848e-15 3.887683467e-16 72 
0.2572021484 0 0 12 
0.2574462891 0 0 17 
0.2576904297 0 0 19 
0.2579345703 0 0 12 
0.2581787109 0 0 23 
0.2584228516 0 0 19 
0.2586669922 0 0 10 
0.2589111328 0 0 12 
0.2591552734 0 0 12 
0.2593994141 0 0 14 
0.2596435547 0 0 13 
0.2598876953 0 0 24 
0.2601318359 0 0 12 
0.2603759766 0 0 12 
0.2606201172 0 0 13 
0.2608642578 0 0 16 
0.2611083984 0 0 17 
0.2613525391 0 0 13 
0.2615966797 0 0 20 
0.2618408203 0 0 12 
0.2620849609 0 0 17 
0.2623291016 0 0 16 
0.2625732422 0 0 15 
0.2628173828 0 0 13 
0.2630615234 0 0 19 
0.2633056641 0 0 14 
0.2635498047 0 0 16 
0.2637939453 0 0 17 
0.2640380859 0 0 15 
0.2642822266 0 0 12 
0.2645263672 0 0 18 
0.2647705078 0 0 12 
0.2650146484 0 0 8 
0.2652587891 0 0 12 
0.2655029297 0 0 14 
0.2657470703 0 0 10 
0.2659912109 0 0 17 
0.2662353516 0 0 12 
0.2664794922 0 0 14 
0.2667236328 0 0 20 
0.2669677734 0 0 18 
0.2672119141 0 0 16 
0.2674560547 1.583711502e-14 1.752926689e-15 103 
0.2677001953 3.968622878e-14 2.775774483e-15 234 
0.2679443359 3.934547625e-14 2.796068656e-15 223 
0.2681884766 4.285126986e-14 2.940792718e-15 234 
0.2684326172 4.211221209e-14 2.880967531e-15 242 
0.2686767578 3.962707325e-14 2.774861262e-15 231 
0.2689208984 3.903355963e-14 2.736726772e-15 231 
0.2691650391 3.601761364e-14 2.662688296e-15 207 
0.2694091797 4.181363166e-14 2.868462879e-15 237 
0.2696533203 3.988514275e-14 2.781929099e-15 234 
0.2698974609 4.584987316e-14 3.005571491e-15 256 
0.2701416016 4.196360745e-14 2.858957337e-15 234 
0.2703857422 4.046196569e-14 2.806018879e-15 233 
0.2706298828 3.980859477e-14 2.75653865e-15 233 
0.2708740234 4.424514026e-14 2.868658862e-15 270 
0.2711181641 3.676172956e-14 2.643846383e-15 216 
0.2713623047 3.779228108e-14 2.698208981e-15 216 
0.2716064453 3.96490494e-14 2.742849471e-15 233 
0.2718505859 3.800668703e-14 2.688718845e-15 227 
0.2720947266 4.011462542e-14 2.786038932e-15 243 
0.2723388672 3.667470396e-14 2.617908728e-15 214 
0.2725830078 3.982788005e-14 2.777269598e-15 229 
0.2728271484 3.792433132e-14 2.676261732e-15 226 
0.2730712891 2.084155894e-14 2.008442468e-15 129 
0.2733154297 0 0 17 
0.2735595703 0 0 15 
0.2738037109 0 0 11 
0.2740478516 0 0 13 
0.2742919922 0 0 12 
0.2745361328 0 0 7 
0.2747802734 0 0 21 
0.2750244141 0 0 14 
0.2752685547 0 0 13 
0.2755126953 0 0 20 
0.2757568359 0 0 8 
0.2760009766 0 0 16 
0.2762451172 0 0 19 
0.2764892578 0 0 13 
0.2767333984 0 0 14 
0.2769775391 0 0 13 
0.2772216797 0 0 18 
0.2774658203 0 0 9 
0.2777099609 0 0 16 
0.2779541016 0 0 15 
0.2781982422 0 0 12 
0.2784423828 0 0 11 
0.2786865234 0 0 23 
0.2789306641 0 0 11 
0.2791748047 0 0 13 
0.2794189453 0 0 11 
0.2796630859 0 0 13 
0.2799072266 0 0 15 
0.2801513672 0 0 15 
0.2803955078 0 0 14 
0.2806396484 0 0 10 
0.2808837891 0 0 15 
0.2811279297 0 0 13 
0.2813720703 0 0 16 
0.2816162109 0 0 12 
0.2818603516 0 0 18 
0.2821044922 0 0 8 
0.2823486328 0 0 13 
0.2825927734 0 0 13 
0.2828369141 0 0 11 
0.2830810547 0 0 13 
0.2833251953 9.211465183e-15 1.922338402e-15 39 
0.2835693359 8.366718454e-14 5.965778051e-15 237 
0.2838134766 8.840853293e-14 6.132822693e-15 235 
0.2840576172 7.580751127e-14 5.672969682e-15 202 
0.2843017578 7.862566825e-14 5.7966599e-15 215 
0.2845458984 8.931542358e-14 6.105690034e-15 243 
0.2847900391 8.884479358e-14 6.139274131e-15 234 
0.2850341797 7.192702588e-14 5.515219763e-15 190 
0.2852783203 8.90059361e-14 6.109005472e-15 244 
0.2855224609 7.17637354e-14 5.498146569e-15 195 
0.2857666016 7.909255375e-14 5.799426244e-15 215 
0.2860107422 8.093185921e-14 5.855086552e-15 211 
0.2862548828 6.616246439e-14 5.253867244e-15 182 
0.2864990234 8.642170504e-14 6.009685444e-15 234 
0.2867431641 6.739133303e-14 5.312567296e-15 187 
0.2869873047 8.504063933e-14 5.900078539e-15 230 
0.2872314453 6.759503175e-14 5.255123128e-15 186 
0.2874755859 8.026743208e-14 5.728723087e-15 219 
0.2877197266 8.378231433e-14 5.894254461e-15 222 
0.2879638672 8.196964064e-14 5.78465257e-15 230 
0.2882080078 8.35915236e-14 5.885574039e-15 221 
0.2884521484 8.428325075e-14 5.899679598e-15 231 
0.2886962891 7.548847799e-14 5.54688797e-15 211 
0.2889404297 8.133383762e-14 5.763269266e-15 231 
0.2891845703 7.158509853e-14 5.38651675e-15 205 
0.2894287109 7.973922386e-14 5.7038797e-15 223 
0.2896728516 9.307889171e-15 2.044851992e-15 33 
0.2899169922 0 0 14 
0.2901611328 0 0 10 
0.2904052734 0 0 12 
0.2906494141 0 0 11 
0.2908935547 0 0 20 
0.2911376953 0 0 14 
0.2913818359 0 0 7 
0.2916259766 0 0 17 
0.2918701172 0 0 11 
0.2921142578 0 0 16 
0.2923583984 0 0 10 
0.2926025391 0 0 15 
0.2928466797 0 0 13 
0.2930908203 0 0 12 
0.2933349609 0 0 16 
0.2935791016 0 0 10 
0.2938232422 0 0 14 
0.2940673828 0 0 20 
0.2943115234 0 0 17 
0.2945556641 0 0 16 
0.2947998047 0 0 12 
0.2950439453 0 0 14 
0.2952880859 0 0 16 
0.2955322266 0 0 12 
0.2957763672 0 0 10 
0.2960205078 0 0 11 
0.2962646484 0 0 6 
0.2965087891 0 0 13 
0.2967529297 0 0 9 
0.2969970703 0 0 17 
0.2972412109 0 0 13 
0.2974853516 0 0 16 
0.2977294922 0 0 20 
0.2979736328 0 0 17 
0.2982177734 0 0 10 
0.2984619141 0 0 14 
0.2987060547 0 0 15 
0.2989501953 0 0 14 
0.2991943359 0 0 15 
0.2994384766 0 0 20 
0.2996826172 0 0 17 
0.2999267578 0 0 6 
0.3001708984 0 0 9 
0.3004150391 0 0 17 
0.3006591797 0 0 13 
0.3009033203 0 0 11 
0.3011474609 0 0 19 
0.3013916016 0 0 10 
0.3016357422 0 0 11 
0.3018798828 0 0 18 
0.3021240234 0 0 14 
0.3023681641 0 0 14 
0.3026123047 0 0 13 
0.3028564453 0 0 20 
0.3031005859 0 0 12 
0.3033447266 0 0 18 
0.3035888672 0 0 22 
0.3038330078 0 0 12 
0.3040771484 0 0 10 
0.3043212891 0 0 15 
0.3045654297 0 0 12 
0.3048095703 0 0 9 
0.3050537109 0 0 10 
0.3052978516 0 0 13 
0.3055419922 0 0 13 
0.3057861328 0 0 12 
0.3060302734 0 0 14 
0.3062744141 0 0 12 
0.3065185547 0 0 10 
0.3067626953 0 0 16 
0.3070068359 0 0 17 
0.3072509766 0 0 12 
0.3074951172 0 0 20 
0.3077392578 0 0 11 
0.3079833984 0 0 14 
0.3082275391 0 0 14 
0.3084716797 0 0 12 
0.3087158203 0 0 12 
0.3089599609 0 0 7 
0.3092041016 0 0 10 
0.3094482422 0 0 6 
0.3096923828 0 0 15 
0.3099365234 0 0 16 
0.3101806641 0 0 12 
0.3104248047 0 0 19 
0.3106689453 0 0 10 
0.3109130859 0 0 9 
0.3111572266 0 0 14 
0.3114013672 0 0 13 
0.3116455078 0 0 11 
0.3118896484 0 0 12 
0.3121337891 0 0 11 
0.3123779297 0 0 14 
0.3126220703 0 0 17 
0.3128662109 0 0 10 
0.3131103516 0 0 21 
0.3133544922 0 0 7 
0.3135986328 0 0 16 
0.3138427734 0 0 11 
0.3140869141 0 0 8 
0.3143310547 0 0 14 
0.3145751953 0 0 12 
0.3148193359 0 0 17 
0.3150634766 0 0 17 
0.3153076172 0 0 13 
0.3155517578 0 0 5 
0.3157958984 0 0 13 
0.3160400391 0 0 13 
0.3162841797 0 0 15 
0.3165283203 4.131871304e-15 5.222850807e-16 75 
0.3167724609 9.842598998e-15 8.341281317e-16 159 
0.3170166016 1.137398256e-14 8.975648628e-16 181 
0.3172607422 1.308222455e-14 9.706801192e-16 206 
0.3175048828 1.105732688e-14 8.843532966e-16 182 
0.3177490234 1.036340527e-14 8.412182203e-16 169 
0.3179931641 1.162610646e-14 9.131659428e-16 181 
0.3182373047 1.075476663e-14 8.699206752e-16 178 
0.3184814453 1.064030409e-14 8.591262592e-16 172 
0.3187255859 1.151024315e-14 8.988157461e-16 189 
0.3189697266 9.226007148e-15 7.971799867e-16 154 
0.3192138672 1.01223991e-14 8.3717265e-16 161 
0.3194580078 1.053078468e-14 8.506616647e-16 176 
0.3197021484 1.054779672e-14 8.635116844e-16 166 
0.3199462891 1.060956789e-14 8.515858838e-16 174 
0.3201904297 1.349733027e-14 9.844059789e-16 208 
0.3204345703 1.11020784e-14 8.779825137e-16 182 
0.3206787109 9.857230687e-15 8.384467136e-16 156 
0.3209228516 1.027332722e-14 8.43518938e-16 172 
0.3211669922 1.063518681e-14 8.491045903e-16 179 
0.3214111328 9.796096229e-15 8.268052487e-16 163 
0.3216552734 1.097992638e-14 8.671407794e-16 179 
0.3218994141 1.094726247e-14 8.654489572e-16 179 
0.3221435547 1.104329156e-14 8.723197181e-16 180 
0.3223876953 1.124542716e-14 8.804943358e-16 187 
0.3226318359 1.018667758e-14 8.448742154e-16 159 
0.3228759766 1.132427185e-14 8.837826545e-16 187 
0.3231201172 1.08147752e-14 8.593358706e-16 176 
0.3233642578 9.632562593e-15 8.101872609e-16 159 
0.3236083984 1.041289847e-14 8.382004121e-16 182 
0.3238525391 8.22911591e-15 7.410603079e-16 139 
0.3240966797 9.255529399e-16 2.651115105e-16 25 
0.3243408203 0 0 12 
0.3245849609 0 0 17 
0.3248291016 0 0 15 
0.3250732422 0 0 7 
0.3253173828 0 0 14 
0.3255615234 0 0 12 
0.3258056641 0 0 12 
0.3260498047 0 0 16 
0.3262939453 0 0 9 
0.3265380859 0 0 14 
0.3267822266 0 0 14 
0.3270263672 0 0 12 
0.3272705078 0 0 10 
0.3275146484 0 0 17 
0.3277587891 0 0 13 
0.3280029297 0 0 13 
0.3282470703 0 0 11 
0.3284912109 0 0 20 
0.3287353516 0 0 7 
0.3289794922 0 0 13 
0.3292236328 0 0 17 
0.3294677734 0 0 14 
0.3297119141 0 0 6 
0.3299560547 0 0 9 
0.3302001953 0 0 14 
0.3304443359 0 0 8 
0.3306884766 0 0 14 
0.3309326172 0 0 13 
0.3311767578 0 0 6 
0.3314208984 0 0 9 
0.3316650391 0 0 15 
0.3319091797 0 0 13 
0.3321533203 0 0 14 
0.3323974609 0 0 14 
0.3326416016 0 0 8 
0.3328857422 0 0 9 
0.3331298828 0 0 14 
0.3333740234 0 0 15 
0.3336181641 0 0 11 
0.3338623047 1.969315758e-14 1.816076356e-15 149 
0.3341064453 4.948497907e-14 2.934673217e-15 322 
0.3343505859 4.645020442e-14 2.862163855e-15 301 
0.3345947266 4.903394774e-14 2.963790584e-15 312 
0.3348388672 4.672188953e-14 2.863573274e-15 303 
0.3350830078 4.290782466e-14 2.718927232e-15 287 
0.3353271484 4.521590965e-14 2.816952698e-15 291 
0.3355712891 4.810163789e-14 2.869153985e-15 323 
0.3358154297 4.913263409e-14 2.925173216e-15 318 
0.3360595703 4.729814623e-14 2.897898687e-15 307 
0.3363037109 4.215084718e-14 2.685526274e-15 280 
0.3365478516 4.66108413e-14 2.887961054e-15 299 
0.3367919922 5.356087829e-14 3.068197059e-15 355 
0.3370361328 4.45012428e-14 2.760302984e-15 296 
0.3372802734 5.276735357e-14 3.0328101e-15 340 
0.3375244141 4.420349381e-14 2.775370213e-15 293 
0.3377685547 5.10798132e-14 3.004268436e-15 336 
0.3380126953 4.827086531e-14 2.896792135e-15 314 
0.3382568359 4.892270443e-14 2.898922121e-15 329 
0.3385009766 5.142966622e-14 2.930979834e-15 347 
0.3387451172 4.699570866e-14 2.801364561e-15 317 
0.3389892578 5.114328496e-14 2.932096508e-15 343 
0.3392333984 4.668121599e-14 2.837019125e-15 319 
0.3394775391 3.969071283e-14 2.602928042e-15 274 
0.3397216797 4.656049094e-14 2.781359421e-15 325 
0.3399658203 4.729796539e-14 2.861556846e-15 305 
0.3402099609 4.716392198e-14 2.825238219e-15 315 
0.3404541016 4.487036178e-14 2.777182589e-15 296 
0.3406982422 4.162812277e-14 2.623032182e-15 288 
0.3409423828 4.728994436e-14 2.871820486e-15 308 
0.3411865234 4.257086783e-14 2.655762647e-15 296 
0.3414306641 5.074315399e-14 2.976557676e-15 335 
0.3416748047 4.371242704e-14 2.727729463e-15 309 
0.3419189453 4.602834324e-14 2.781323672e-15 311 
0.3421630859 3.047408257e-15 7.540144439e-16 30 
0.3424072266 0 0 7 
0.3426513672 0 0 8 
0.3428955078 0 0 7 
0.3431396484 0 0 12 
0.3433837891 0 0 16 
0.3436279297 0 0 17 
0.3438720703 0 0 5 
0.3441162109 0 0 13 
0.3443603516 0 0 17 
0.3446044922 0 0 12 
0.3448486328 0 0 14 
0.3450927734 0 0 14 
0.3453369141 0 0 14 
0.3455810547 0 0 12 
0.3458251953 0 0 20 
0.3460693359 0 0 13 
0.3463134766 0 0 9 
0.3465576172 0 0 7 
0.3468017578 0 0 13 
0.3470458984 0 0 13 
0.3472900391 0 0 6 
0.3475341797 0 0 19 
0.3477783203 0 0 13 
0.3480224609 0 0 13 
0.3482666016 0 0 7 
0.3485107422 0 0 14 
0.3487548828 0 0 9 
0.3489990234 0 0 15 
0.3492431641 0 0 10 
0.3494873047 0 0 6 
0.3497314453 0 0 8 
0.3499755859 0 0 12 
0.3502197266 0 0 10 
0.3504638672 0 0 11 
0.3507080078 0 0 10 
0.3509521484 0 0 10 
0.3511962891 0 0 12 
0.3514404297 0 0 9 
0.3516845703 2.088498841e-15 5.318625098e-16 33 
0.3519287109 2.825204963e-14 1.982859297e-15 230 
0.3521728516 3.755879514e-14 2.29628642e-15 303 
0.3524169922 3.317259932e-14 2.149670172e-15 263 
0.3526611328 3.591623284e-14 2.271017271e-15 282 
0.3529052734 4.020462083e-14 2.358163056e-15 324 
0.3531494141 3.528789313e-14 2.192673225e-15 281 
0.3533935547 3.809833307e-14 2.309387525e-15 311 
0.3536376953 3.592683006e-14 2.220717827e-15 293 
0.3538818359 3.472055687e-14 2.206823418e-15 274 
0.3541259766 3.464430337e-14 2.164710982e-15 284 
0.3543701172 3.394455768e-14 2.180831063e-15 263 
0.3546142578 3.327541036e-14 2.132370771e-15 271 
0.3548583984 3.479424853e-14 2.161784099e-15 287 
0.3551025391 3.507883531e-14 2.205025477e-15 287 
0.3553466797 3.714987934e-14 2.2548778e-15 299 
0.3555908203 3.097708144e-14 2.082042159e-15 247 
0.3558349609 3.426363628e-14 2.15486931e-15 277 
0.3560791016 3.435710221e-14 2.162140054e-15 282 
0.3563232422 3.329295834e-14 2.11956849e-15 277 
0.3565673828 3.329565852e-14 2.153098357e-15 270 
0.3568115234 3.361957262e-14 2.123025642e-15 284 
0.3570556641 3.802145142e-14 2.242612043e-15 312 
0.3572998047 3.140787047e-14 2.058835651e-15 264 
0.3575439453 3.302661595e-14 2.096318463e-15 272 
0.3577880859 3.682216407e-14 2.217589707e-15 310 
0.3580322266 3.667973534e-14 2.215221429e-15 306 
0.3582763672 3.327875178e-14 2.109235652e-15 289 
0.3585205078 3.831093876e-14 2.288513316e-15 304 
0.3587646484 3.227368783e-14 2.076502508e-15 271 
0.3590087891 3.322406997e-14 2.116802033e-15 275 
0.3592529297 3.001635375e-14 1.97379312e-15 257 
0.3594970703 3.400363596e-14 2.118938821e-15 281 
0.3597412109 3.518092967e-14 2.166773903e-15 301 
0.3599853516 3.460576013e-14 2.175988475e-15 283 
0.3602294922 3.369197191e-14 2.120136242e-15 277 
0.3604736328 2.939005126e-14 1.968911094e-15 256 
0.3607177734 2.30555182e-14 1.763986607e-15 193 
0.3609619141 6.685791143e-16 3.521916874e-16 12 
0.3612060547 0 0 15 
0.3614501953 0 0 10 
0.3616943359 0 0 7 
0.3619384766 0 0 17 
0.3621826172 0 0 5 
0.3624267578 0 0 16 
0.3626708984 0 0 14 
0.3629150391 0 0 22 
0.3631591797 0 0 9 
0.3634033203 0 0 13 
0.3636474609 0 0 16 
0.3638916016 0 0 13 
0.3641357422 0 0 17 
0.3643798828 0 0 20 
0.3646240234 0 0 15 
0.3648681641 0 0 14 
0.3651123047 0 0 9 
0.3653564453 0 0 15 
0.3656005859 0 0 12 
0.3658447266 0 0 12 
0.3660888672 0 0 10 
0.3663330078 0 0 9 
0.3665771484 0 0 9 
0.3668212891 0 0 8 
0.3670654297 0 0 15 
0.3673095703 0 0 14 
0.3675537109 0 0 11 
0.3677978516 0 0 12 
0.3680419922 0 0 18 
0.3682861328 0 0 9 
0.3685302734 0 0 12 
0.3687744141 0 0 10 
0.3690185547 0 0 15 
0.3692626953 0 0 5 
0.3695068359 0 0 7 
0.3697509766 0 0 16 
0.3699951172 0 0 17 
0.3702392578 0 0 16 
0.3704833984 8.390460637e-15 9.375741883e-16 95 
0.3707275391 1.358952041e-14 1.217938281e-15 149 
0.3709716797 1.167479232e-14 1.110485114e-15 124 
0.3712158203 1.238687289e-14 1.175137509e-15 132 
0.3714599609 1.338922627e-14 1.215603277e-15 144 
0.3717041016 1.105897713e-14 1.098720264e-15 112 
0.3719482422 1.225563442e-14 1.171154433e-15 125 
0.3721923828 1.446186663e-14 1.253227374e-15 150 
0.3724365234 1.153841274e-14 1.1202891e-15 129 
0.3726806641 1.162610871e-14 1.127423793e-15 127 
0.3729248047 1.204581908e-14 1.158384366e-15 129 
0.3731689453 1.167031546e-14 1.122329485e-15 124 
0.3734130859 1.259571292e-14 1.163707632e-15 135 
0.3736572266 1.10705437e-14 1.083427725e-15 121 
0.3739013672 1.168019306e-14 1.118547283e-15 129 
0.3741455078 1.246546872e-14 1.177277976e-15 132 
0.3743896484 1.029189769e-14 1.058829865e-15 107 
0.3746337891 9.653268806e-15 1.007851901e-15 114 
0.3748779297 1.010763138e-14 1.074336721e-15 109 
0.3751220703 1.217330453e-14 1.1448876e-15 128 
0.3753662109 1.165868288e-14 1.124728362e-15 122 
0.3756103516 1.109387159e-14 1.084352092e-15 130 
0.3758544922 1.422238243e-14 1.240143276e-15 150 
0.3760986328 1.197640451e-14 1.128562302e-15 137 
0.3763427734 1.28147043e-14 1.180329605e-15 136 
0.3765869141 1.454506905e-14 1.262630945e-15 145 
0.3768310547 1.147452953e-14 1.09683799e-15 128 
0.3770751953 1.381965964e-14 1.20934651e-15 152 
0.3773193359 1.268889701e-14 1.168633938e-15 139 
0.3775634766 1.03438699e-14 1.048149803e-15 122 
0.3778076172 1.296630108e-14 1.146677036e-15 147 
0.3780517578 1.400224676e-14 1.222259103e-15 148 
0.3782958984 1.388595358e-14 1.198354975e-15 151 
0.3785400391 1.251497059e-14 1.139434413e-15 139 
0.3787841797 1.263579478e-14 1.155518918e-15 144 
0.3790283203 1.033646434e-14 1.037428508e-15 112 
0.3792724609 1.032806423e-14 1.010307756e-15 121 
0.3795166016 1.170865444e-14 1.1054149e-15 124 
0.3797607422 1.402717143e-14 1.21132049e-15 154 
0.3800048828 9.475587448e-15 9.882997463e-16 108 
0.3802490234 9.7228957e-15 1.034251995e-15 106 
0.3804931641 8.169232665e-17 8.455959162e-17 14 
0.3807373047 0 0 12 
0.3809814453 0 0 14 
0.3812255859 0 0 13 
0.3814697266 0 0 8 
0.3817138672 0 0 7 
0.3819580078 0 0 9 
0.3822021484 0 0 12 
0.3824462891 0 0 10 
0.3826904297 0 0 13 
0.3829345703 0 0 10 
0.3831787109 0 0 13 
0.3834228516 0 0 8 
0.3836669922 0 0 12 
0.3839111328 0 0 6 
0.3841552734 0 0 14 
0.3843994141 0 0 11 
0.3846435547 0 0 12 
0.3848876953 0 0 14 
0.3851318359 0 0 9 
0.3853759766 0 0 11 
0.3856201172 0 0 13 
0.3858642578 0 0 6 
0.3861083984 0 0 16 
0.3863525391 0 0 9 
0.3865966797 0 0 13 
0.3868408203 0 0 18 
0.3870849609 0 0 7 
0.3873291016 0 0 9 
0.3875732422 0 0 13 
0.3878173828 0 0 1 
0.3880615234 0 0 12 
0.3883056641 0 0 10 
0.3885498047 0 0 8 
0.3887939453 0 0 15 
0.3890380859 0 0 12 
0.3892822266 0 0 15 
0.3895263672 0 0 15 
0.3897705078 2.104438896e-15 5.443727302e-16 31 
0.3900146484 1.520071843e-14 1.516056266e-15 116 
0.3902587891 1.5831248e-14 1.554751783e-15 120 
0.3905029297 1.579424734e-14 1.505026419e-15 133 
0.3907470703 1.856002306e-14 1.68908053e-15 142 
0.3909912109 1.661633219e-14 1.597161957e-15 123 
0.3912353516 1.385718149e-14 1.397759276e-15 117 
0.3914794922 1.815329617e-14 1.665315935e-15 138 
0.3917236328 1.545801047e-14 1.502408522e-15 126 
0.3919677734 1.75449779e-14 1.599517397e-15 144 
0.3922119141 1.507863176e-14 1.503385941e-15 118 
0.3924560547 1.502624031e-14 1.487254148e-15 123 
0.3927001953 1.578935423e-14 1.545010583e-15 118 
0.3929443359 1.694956365e-14 1.595739855e-15 131 
0.3931884766 1.683169221e-14 1.60515431e-15 132 
0.3934326172 1.735506397e-14 1.612511349e-15 134 
0.3936767578 1.51337448e-14 1.485675917e-15 124 
0.3939208984 1.470246272e-14 1.477121598e-15 116 
0.3941650391 1.368890554e-14 1.424711161e-15 108 
0.3944091797 1.477680026e-14 1.485588854e-15 118 
0.3946533203 1.504549907e-14 1.508248444e-15 116 
0.3948974609 1.548340259e-14 1.511578147e-15 122 
0.3951416016 1.768360413e-14 1.610099567e-15 146 
0.3953857422 1.248862976e-14 1.35419023e-15 104 
0.3956298828 1.596271381e-14 1.520477703e-15 128 
0.3958740234 1.763462486e-14 1.609211485e-15 140 
0.3961181641 1.53083448e-14 1.501627716e-15 116 
0.3963623047 1.657074367e-14 1.516518196e-15 146 
0.3966064453 1.631719942e-14 1.543761294e-15 127 
0.3968505859 1.355490509e-14 1.411236154e-15 108 
0.3970947266 1.650261266e-14 1.571644912e-15 129 
0.3973388672 1.436970747e-14 1.458326961e-15 114 
0.3975830078 1.352345782e-14 1.380936787e-15 118 
0.3978271484 1.679313744e-14 1.561299998e-15 133 
0.3980712891 1.680474258e-14 1.577966104e-15 130 
0.3983154297 1.265619013e-14 1.350762831e-15 98 
0.3985595703 1.395208657e-14 1.397262297e-15 119 
0.3988037109 1.605827391e-14 1.516233169e-15 125 
0.3990478516 1.241460981e-14 1.304861422e-15 105 
0.3992919922 1.914426728e-14 1.661676493e-15 149 
0.3995361328 1.13130259e-14 1.282345652e-15 91 
0.3997802734 1.54912533e-14 1.476716743e-15 133 
0.4000244141 1.744528232e-14 1.600455654e-15 138 
0.4002685547 1.244702979e-14 1.330477049e-15 105 
0.4005126953 1.62232592e-14 1.50778641e-15 132 
0.4007568359 6.608755902e-15 9.866916635e-16 56 
0.4010009766 0 0 10 
0.4012451172 0 0 9 
0.4014892578 0 0 10 
0.4017333984 0 0 11 
0.4019775391 0 0 12 
0.4022216797 0 0 10 
0.4024658203 0 0 11 
0.4027099609 0 0 14 
0.4029541016 0 0 12 
0.4031982422 0 0 18 
0.4034423828 0 0 7 
0.4036865234 0 0 11 
0.4039306641 0 0 8 
0.4041748047 0 0 8 
0.4044189453 0 0 15 
0.4046630859 0 0 9 
0.4049072266 0 0 8 
0.4051513672 0 0 9 
0.4053955078 0 0 15 
0.4056396484 0 0 14 
0.4058837891 0 0 12 
0.4061279297 0 0 14 
0.4063720703 0 0 15 
0.4066162109 0 0 8 
0.4068603516 0 0 15 
0.4071044922 0 0 10 
0.4073486328 0 0 16 
0.4075927734 0 0 8 
0.4078369141 0 0 10 
0.4080810547 0 0 8 
0.4083251953 0 0 6 
0.4085693359 0 0 13 
0.4088134766 0 0 13 
0.4090576172 0 0 8 
0.4093017578 0 0 8 
0.4095458984 0 0 11 
0.4097900391 0 0 4 
0.4100341797 6.150181615e-16 4.592773749e-16 8 
0.4102783203 1.940924892e-14 2.404714879e-15 85 
0.4105224609 2.498110759e-14 2.725425135e-15 102 
0.4107666016 2.689841611e-14 2.85361407e-15 107 
0.4110107422 3.179208853e-14 3.102031976e-15 123 
0.4112548828 2.824716265e-14 2.925560214e-15 109 
0.4114990234 3.016390536e-14 3.018996915e-15 117 
0.4117431641 3.371575576e-14 3.171723312e-15 128 
0.4119873047 2.804206616e-14 2.89731446e-15 112 
0.4122314453 2.94100742e-14 2.959003662e-15 113 
0.4124755859 2.703476959e-14 2.849137424e-15 111 
0.4127197266 2.317005627e-14 2.600843909e-15 98 
0.4129638672 2.881004084e-14 2.929698027e-15 119 
0.4132080078 3.292031889e-14 3.108947265e-15 139 
0.4134521484 3.171028244e-14 3.059633277e-15 125 
0.4136962891 3.160856271e-14 3.135105965e-15 114 
0.4139404297 2.746512893e-14 2.833032424e-15 108 
0.4141845703 2.881191289e-14 2.967667481e-15 111 
0.4144287109 3.131770869e-14 3.065359192e-15 117 
0.4146728516 2.640665653e-14 2.795164764e-15 107 
0.4149169922 2.662958496e-14 2.797224283e-15 113 
0.4151611328 2.627580205e-14 2.812849164e-15 105 
0.4154052734 2.662904615e-14 2.815922936e-15 102 
0.4156494141 2.974415317e-14 3.048989376e-15 113 
0.4158935547 2.976329132e-14 2.950361015e-15 116 
0.4161376953 3.378130455e-14 3.186271856e-15 129 
0.4163818359 2.975912832e-14 3.02917155e-15 110 
0.4166259766 2.38354365e-14 2.648184784e-15 93 
0.4168701172 3.016310332e-14 2.955124903e-15 129 
0.4171142578 2.348859768e-14 2.618458806e-15 99 
0.4173583984 2.871420577e-14 2.963554455e-15 107 
0.4176025391 2.860103202e-14 2.877500493e-15 124 
0.4178466797 2.90683823e-14 2.898874252e-15 120 
0.4180908203 2.265963086e-14 2.561181442e-15 97 
0.4183349609 3.143515189e-14 2.996274276e-15 124 
0.4185791016 2.535450349e-14 2.731638894e-15 102 
0.4188232422 2.800867325e-14 2.862700702e-15 114 
0.4190673828 2.891157007e-14 2.906627237e-15 115 
0.4193115234 2.649719237e-14 2.792729231e-15 109 
0.4195556641 2.880391988e-14 2.965380116e-15 112 
0.4197998047 2.729263325e-14 2.831128185e-15 106 
0.4200439453 2.488554515e-14 2.672931229e-15 98 
0.4202880859 2.54007145e-14 2.747966301e-15 108 
0.4205322266 3.003286889e-14 2.965817755e-15 122 
0.4207763672 2.933099275e-14 2.935208406e-15 121 
0.4210205078 2.819683197e-14 2.885241761e-15 114 
0.4212646484 2.68693854e-14 2.812477854e-15 104 
0.4215087891 2.632115363e-14 2.777379631e-15 108 
0.4217529297 2.555782002e-14 2.72912538e-15 102 
0.4219970703 2.403360936e-14 2.63770579e-15 99 
0.4222412109 8.400387974e-15 1.586309633e-15 37 
0.4224853516 0 0 12 
0.4227294922 0 0 8 
0.4229736328 0 0 13 
0.4232177734 0 0 9 
0.4234619141 0 0 10 
0.4237060547 0 0 7 
0.4239501953 0 0 9 
0.4241943359 0 0 8 
0.4244384766 0 0 11 
0.4246826172 0 0 7 
0.4249267578 0 0 13 
0.4251708984 0 0 9 
0.4254150391 0 0 4 
0.4256591797 0 0 10 
0.4259033203 0 0 13 
0.4261474609 0 0 8 
0.4263916016 0 0 10 
0.4266357422 0 0 4 
0.4268798828 0 0 10 
0.4271240234 0 0 12 
0.4273681641 0 0 11 
0.4276123047 0 0 11 
0.4278564453 0 0 6 
0.4281005859 0 0 13 
0.4283447266 0 0 11 
0.4285888672 0 0 8 
0.4288330078 0 0 16 
0.4290771484 0 0 10 
0.4293212891 0 0 8 
0.4295654297 0 0 14 
0.4298095703 0 0 18 
0.4300537109 0 0 13 
0.4302978516 0 0 7 
0.4305419922 0 0 7 
0.4307861328 0 0 8 
0.4310302734 0 0 9 
0.4312744141 0 0 8 
0.4315185547 5.868306465e-15 9.071940677e-16 47 
0.4317626953 1.349943918e-14 1.394504658e-15 113 
0.4320068359 1.036915617e-14 1.172809293e-15 97 
0.4322509766 1.185817279e-14 1.29340399e-15 97 
0.4324951172 1.146467461e-14 1.265303747e-15 98 
0.4327392578 1.154059822e-14 1.255974529e-15 96 
0.4329833984 1.465195463e-14 1.452208788e-15 118 
0.4332275391 1.187108747e-14 1.287800376e-15 97 
0.4334716797 1.233191682e-14 1.328088927e-15 104 
0.4337158203 1.190236803e-14 1.293883958e-15 107 
0.4339599609 1.165870517e-14 1.293325696e-15 97 
0.4342041016 1.301049313e-14 1.37299378e-15 116 
0.4344482422 1.331596733e-14 1.360594209e-15 110 
0.4346923828 1.087114364e-14 1.234539033e-15 94 
0.4349365234 1.183592247e-14 1.270928552e-15 105 
0.4351806641 1.220416978e-14 1.312575606e-15 102 
0.4354248047 1.273253571e-14 1.336134179e-15 110 
0.4356689453 1.041437979e-14 1.204706838e-15 89 
0.4359130859 1.280000583e-14 1.324303383e-15 105 
0.4361572266 1.034293505e-14 1.178144937e-15 95 
0.4364013672 1.233418165e-14 1.324606973e-15 105 
0.4366455078 1.20154656e-14 1.330729414e-15 104 
0.4368896484 1.227676264e-14 1.291440647e-15 112 
0.4371337891 1.157961398e-14 1.25219739e-15 95 
0.4373779297 1.115247015e-14 1.241908731e-15 98 
0.4376220703 1.330570266e-14 1.355421596e-15 119 
0.4378662109 1.147421175e-14 1.257044924e-15 105 
0.4381103516 1.135340825e-14 1.239689767e-15 98 
0.4383544922 1.250100001e-14 1.323127013e-15 103 
0.4385986328 1.179485471e-14 1.322260208e-15 95 
0.4388427734 1.100820302e-14 1.24327656e-15 97 
0.4390869141 1.110305846e-14 1.246435405e-15 99 
0.4393310547 1.03094958e-14 1.155680718e-15 96 
0.4395751953 1.159095119e-14 1.26073507e-15 101 
0.4398193359 9.940228076e-15 1.153579745e-15 86 
0.4400634766 1.070604508e-14 1.202808205e-15 100 
0.4403076172 1.270134964e-14 1.302951308e-15 115 
0.4405517578 1.175146872e-14 1.252108436e-15 110 
0.4407958984 1.378301079e-14 1.387386238e-15 122 
0.4410400391 1.046650123e-14 1.192947547e-15 98 
0.4412841797 1.450368397e-14 1.388113189e-15 130 
0.4415283203 1.058414183e-14 1.181107377e-15 97 
0.4417724609 1.250272523e-14 1.340004383e-15 101 
0.4420166016 1.11915225e-14 1.211557917e-15 102 
0.4422607422 1.207419119e-14 1.292060776e-15 101 
0.4425048828 1.127997833e-14 1.226743354e-15 109 
0.4427490234 1.192715067e-14 1.270089009e-15 115 
0.4429931641 1.070048627e-14 1.189098056e-15 93 
0.4432373047 1.254772771e-14 1.31831568e-15 106 
0.4434814453 1.231700124e-14 1.297360945e-15 103 
0.4437255859 1.260542164e-14 1.31347825e-15 108 
0.4439697266 1.227276608e-14 1.28909897e-15 111 
0.4442138672 1.161973414e-14 1.245074848e-15 103 
0.4444580078 1.012546075e-14 1.169668399e-15 85 
0.4447021484 9.215796383e-15 1.161467534e-15 74 
0.4449462891 0 0 6 
0.4451904297 0 0 10 
0.4454345703 0 0 9 
0.4456787109 0 0 5 
0.4459228516 0 0 8 
0.4461669922 0 0 11 
0.4464111328 0 0 11 
0.4466552734 0 0 13 
0.4468994141 0 0 10 
0.4471435547 0 0 11 
0.4473876953 0 0 7 
0.4476318359 0 0 7 
0.4478759766 0 0 9 
0.4481201172 0 0 11 
0.4483642578 0 0 8 
0.4486083984 0 0 10 
0.4488525391 0 0 8 
0.4490966797 0 0 7 
0.4493408203 0 0 7 
0.4495849609 0 0 9 
0.4498291016 0 0 8 
0.4500732422 0 0 9 
0.4503173828 0 0 12 
0.4505615234 0 0 8 
0.4508056641 0 0 9 
0.4510498047 0 0 9 
0.4512939453 0 0 6 
0.4515380859 0 0 6 
0.4517822266 0 0 10 
0.4520263672 0 0 9 
0.4522705078 0 0 6 
0.4525146484 0 0 9 
0.4527587891 0 0 13 
0.4530029297 0 0 11 
0.4532470703 0 0 5 
0.4534912109 0 0 8 
0.4537353516 0 0 11 
0.4539794922 0 0 12 
0.4542236328 0 0 13 
0.4544677734 0 0 3 
0.4547119141 0 0 10 
0.4549560547 0 0 8 
0.4552001953 0 0 5 
0.4554443359 0 0 9 
0.4556884766 0 0 14 
0.4559326172 0 0 12 
0.4561767578 0 0 12 
0.4564208984 0 0 8 
0.4566650391 0 0 12 
0.4569091797 0 0 6 
0.4571533203 0 0 9 
0.4573974609 0 0 9 
0.4576416016 0 0 9 
0.4578857422 0 0 12 
0.4581298828 0 0 10 
0.4583740234 0 0 11 
0.4586181641 0 0 5 
0.4588623047 0 0 14 
0.4591064453 0 0 10 
0.4593505859 0 0 13 
0.4595947266 0 0 7 
0.4598388672 0 0 9 
0.4600830078 0 0 7 
0.4603271484 0 0 9 
0.4605712891 0 0 10 
0.4608154297 0 0 9 
0.4610595703 0 0 1 
0.4613037109 0 0 12 
0.4615478516 0 0 8 
0.4617919922 0 0 15 
0.4620361328 0 0 10 
0.4622802734 0 0 11 
0.4625244141 0 0 8 
0.4627685547 0 0 8 
0.4630126953 0 0 11 
0.4632568359 0 0 4 
0.4635009766 0 0 9 
0.4637451172 0 0 9 
0.4639892578 0 0 6 
0.4642333984 0 0 8 
0.4644775391 0 0 7 
0.4647216797 0 0 9 
0.4649658203 0 0 5 
0.4652099609 0 0 13 
0.4654541016 0 0 9 
0.4656982422 0 0 9 
0.4659423828 0 0 12 
0.4661865234 0 0 9 
0.4664306641 0 0 8 
0.4666748047 0 0 5 
0.4669189453 0 0 8 
0.4671630859 0 0 9 
0.4674072266 0 0 7 
0.4676513672 0 0 6 
0.4678955078 0 0 9 
0.4681396484 0 0 11 
0.4683837891 0 0 6 
0.4686279297 0 0 3 
0.4688720703 0 0 11 
0.4691162109 0 0 10 
0.4693603516 0 0 7 
0.4696044922 0 0 7 
0.4698486328 0 0 3 
0.4700927734 0 0 6 
0.4703369141 0 0 11 
0.4705810547 0 0 11 
0.4708251953 0 0 7 
0.4710693359 0 0 4 
0.4713134766 0 0 8 
0.4715576172 0 0 6 
0.4718017578 0 0 10 
0.4720458984 0 0 9 
0.4722900391 0 0 9 
0.4725341797 0 0 8 
0.4727783203 0 0 5 
0.4730224609 0 0 4 
0.4732666016 0 0 12 
0.4735107422 0 0 3 
0.4737548828 0 0 7 
0.4739990234 0 0 7 
0.4742431641 0 0 15 
0.4744873047 0 0 9 
0.4747314453 0 0 10 
0.4749755859 0 0 12 
0.4752197266 0 0 7 
0.4754638672 0 0 10 
0.4757080078 0 0 9 
0.4759521484 0 0 11 
0.4761962891 0 0 9 
0.4764404297 0 0 9 
0.4766845703 0 0 7 
0.4769287109 0 0 11 
0.4771728516 0 0 9 
0.4774169922 0 0 17 
0.4776611328 8.954789787e-16 2.476943077e-16 19 
0.4779052734 4.318363334e-15 5.667150554e-16 78 
0.4781494141 4.938796163e-15 6.217597426e-16 85 
0.4783935547 5.027013152e-15 6.167291763e-16 80 
0.4786376953 5.335640279e-15 6.21509348e-16 88 
0.4788818359 5.937562685e-15 6.555013198e-16 99 
0.4791259766 5.105722663e-15 6.191854306e-16 84 
0.4793701172 5.685196469e-15 6.461274009e-16 98 
0.4796142578 4.825779264e-15 5.992150318e-16 81 
0.4798583984 5.919739638e-15 6.744971013e-16 88 
0.4801025391 5.182976658e-15 6.365145379e-16 81 
0.4803466797 4.725883667e-15 6.046397369e-16 76 
0.4805908203 4.969798331e-15 6.162629546e-16 81 
0.4808349609 5.514274391e-15 6.419856619e-16 87 
0.4810791016 5.60415892e-15 6.642106845e-16 86 
0.4813232422 5.546401737e-15 6.420279346e-16 97 
0.4815673828 6.208825368e-15 6.749766768e-16 100 
0.4818115234 5.199710004e-15 6.254284612e-16 84 
0.4820556641 5.299346633e-15 6.346140802e-16 80 
0.4822998047 6.252591002e-15 7.009251033e-16 98 
0.4825439453 5.791471545e-15 6.629198597e-16 93 
0.4827880859 4.770346276e-15 5.972968199e-16 74 
0.4830322266 5.288442847e-15 6.22097097e-16 91 
0.4832763672 4.445574694e-15 5.655789866e-16 75 
0.4835205078 6.571106596e-15 6.86986882e-16 105 
0.4837646484 5.463710373e-15 6.59026614e-16 79 
0.4840087891 4.639679984e-15 5.952180981e-16 74 
0.4842529297 4.444725838e-15 5.788056678e-16 71 
0.4844970703 5.295118137e-15 6.311864365e-16 82 
0.4847412109 5.191507937e-15 6.224948826e-16 83 
0.4849853516 5.103171204e-15 6.169723338e-16 89 
0.4852294922 5.420726025e-15 6.330727273e-16 90 
0.4854736328 4.23394428e-15 5.655797037e-16 63 
0.4857177734 4.115256028e-15 5.436775136e-16 71 
0.4859619141 5.680472405e-15 6.402219765e-16 98 
0.4862060547 5.761464553e-15 6.665535623e-16 94 
0.4864501953 5.840168695e-15 6.703384446e-16 91 
0.4866943359 4.975057692e-15 6.059183144e-16 84 
0.4869384766 4.917389384e-15 6.028652901e-16 82 
0.4871826172 5.734410317e-15 6.333743144e-16 91 
0.4874267578 5.590217548e-15 6.493131261e-16 94 
0.4876708984 6.026908548e-15 6.641662068e-16 103 
0.4879150391 4.279126103e-15 5.645908355e-16 71 
0.4881591797 4.871884624e-15 5.825174287e-16 84 
0.4884033203 4.887187853e-15 6.063437213e-16 77 
0.4886474609 4.14789843e-15 5.553607031e-16 68 
0.4888916016 5.238358125e-15 6.25524158e-16 86 
0.4891357422 5.619870776e-15 6.296406081e-16 94 
0.4893798828 4.785845324e-15 5.92220803e-16 80 
0.4896240234 5.349095603e-15 6.33786631e-16 89 
0.4898681641 5.259834911e-15 6.10442552e-16 91 
0.4901123047 5.488206116e-15 6.379368453e-16 90 
0.4903564453 4.158477939e-15 5.401316881e-16 70 
0.4906005859 4.415550543e-15 5.693996707e-16 78 
0.4908447266 5.165421277e-15 6.199276242e-16 87 
0.4910888672 4.948638986e-15 5.824727761e-16 90 
0.4913330078 4.915730558e-15 6.055466025e-16 82 
0.4915771484 4.185961012e-15 5.520129109e-16 71 
0.4918212891 5.001076874e-15 6.052587895e-16 89 
0.4920654297 5.852040755e-15 6.495730511e-16 97 
0.4923095703 4.138883722e-15 5.599556997e-16 67 
0.4925537109 4.098298933e-15 5.488907489e-16 73 
0.4927978516 5.675744792e-15 6.580348567e-16 93 
0.4930419922 5.751443495e-15 6.436791489e-16 96 
0.4932861328 5.431266692e-15 6.301650407e-16 87 
0.4935302734 4.411911253e-15 5.615498644e-16 81 
0.4937744141 3.968719704e-15 5.31208602e-16 69 
0.4940185547 8.187726659e-16 2.689263096e-16 18 
0.4942626953 0 0 8 
0.4945068359 0 0 7 
0.4947509766 0 0 5 
0.4949951172 0 0 7 
0.4952392578 0 0 13 
0.4954833984 0 0 7 
0.4957275391 0 0 7 
0.4959716797 0 0 10 
0.4962158203 0 0 6 
0.4964599609 0 0 7 
0.4967041016 0 0 7 
0.4969482422 0 0 8 
0.4971923828 0 0 7 
0.4974365234 0 0 8 
0.4976806641 0 0 9 
0.4979248047 0 0 10 
0.4981689453 0 0 7 
0.4984130859 0 0 6 
0.4986572266 0 0 11 
0.4989013672 0 0 6 
0.4991455078 0 0 7 
0.4993896484 0 0 4 
0.4996337891 0 0 11 
0.4998779297 0 0 9 
