# Format: McCode with text headers
# URL: http://www.mccode.org
# Creator: McStas 2.4.1 - Jun. 26, 2017
# Instrument: Ex_3_1_ballistic_intermed.instr
# Ncount: 1000000
# Trace: no
# Gravitation: no
# Seed: 1539943567
# Directory: /Users/pkwi/Dropbox/Work/McStas-schools/ORNL_2018/Thursday_October_18th/1030-1200_Optics/5_Guides/Ex_3_1_ballistic_intermed_20181018_105800
# Param: sa_pos=0.5
# Date: Thu Oct 18 10:58:00 2018 (1539874680)
# type: array_2d(50, 50)
# Source: Guide_B (Ex_3_1_ballistic_intermed.instr)
# component: PSD_full
# position: 0 0 37.0004
# title: PSD monitor
# Ncount: 1000000
# filename: PSD_full.dat
# statistics: X0=0.00932597; dX=2.59799; Y0=-0.072484; dY=4.7054;
# signal: Min=0; Max=1.29095e+08; Mean=1.60585e+07;
# values: 4.01462e+10 4.94566e+08 94075
# xvar: X 
# yvar: Y 
# xlabel: X position [cm]
# ylabel: Y position [cm]
# zvar: I
# zlabel: Signal per bin
# xylimits: -10 10 -10 10
# variables: I I_err N
# Data [PSD_full/PSD_full.dat] I:
14574.87474 259006.031 29548.30206 10798.50731 248008.7408 300613.8672 152713.7329 978720.2685 204444.1864 1113400.179 2179572.999 1870154.26 3768301.146 2019149.903 2340942.726 6251985.296 2906324.533 8273490.957 7437002.172 5085466.815 14786557.58 8039010.408 21500391.08 7360156.657 10471912.3 6566244.434 15685442.11 14880486.34 14935393.52 5439874.239 9733601.402 9731607.27 10489241.82 8835419.284 6128502.449 2817851.567 5513461.863 2472122.73 2196120.378 382523.5728 346538.1853 2132546.82 635954.0313 798931.5594 124104.595 622161.2912 97508.41504 34660.89976 229246.8665 0 
172908.7771 160631.2082 135523.5081 137871.8617 1001671.876 558926.9861 870931.0715 991511.6212 2746482.232 1528602.621 1282385.808 4138208.413 2074490.978 5111630.988 7205678.85 2041607.328 7201640.931 9592466.419 18262870.65 23026362.27 14861590.81 25369335.26 16432338.27 6266009.052 18411933.96 15799327.88 6319117.728 20363301.55 10614107.61 9139610.863 7729614.756 10869851.53 8848171.597 7612624.828 6512619.414 5636689.73 2180837.338 652604.8612 4136710.355 1122976.969 1224173.013 271923.8101 1777907.938 538084.9609 782060.6903 205835.4083 72185.89254 303629.0329 6651.148953 0 
0 6197.806855 0 369711.1725 80044.04098 310509.5756 131075.9768 1292195.426 1049930.916 2963589.853 1348588.252 1676978.675 1831937.59 5312596.63 8968734.736 8375368.018 14172787.88 13882069.18 17054839.13 11853390.77 7316890.453 6008838.619 20444682.93 5061265.172 16753459.16 21486035.44 19317858.66 10621774.56 18283038.21 7632744.554 7518470.818 11004432.74 7249418.487 9239702.713 6082934.186 5744607.611 3359592.496 4870465.853 2062384.789 1317516.83 2704762.053 2807038.504 1277161.808 634270.511 44049.50669 34845.93259 505164.6277 36238.16662 0 0 
0 0 35773.01623 298138.442 48682.18225 546965.528 1712632.887 308799.1132 958503.037 1000514.672 1472884.374 3099852.224 6698598.26 4164856.394 10548737.87 6512329.888 6265942.002 11701768.9 12205595.64 20004806.83 7386908.539 33403032.52 12913283.77 7200760.322 7296777.448 9822253.514 12004291.28 10135932.37 25850075.03 30166875.96 8954981.266 6527011.844 28957789.68 10120792.16 6107538.573 9881339.617 4285546.114 3166021.743 2040556.424 1974957.92 1174296.227 820422.1184 1842025.984 215172.9938 622306.7785 150029.9048 35232.47811 126421.6291 44505.40989 61156.68106 
0 0 196936.6847 11680.5926 604482.6999 669662.3887 1280515.135 126095.7766 2042226.246 780269.9672 2785469.55 3597935.56 1799233.005 5492674.048 7193178.192 3649275.74 22045228.13 12825278.51 11583594.61 4752090.974 28133497.3 10615187.86 19749895.74 21091526.84 15653098.21 13240652.26 15266634.05 12467717.85 19754516.1 26550192.27 10562331.91 17072920.67 13246073.41 1225656.433 7609153.618 6821817.971 1766516.39 2891773.57 3368096.411 3091915.862 1700279.493 1018646.049 1768470.029 589616.9715 581218.0262 33916.80573 89726.94464 212470.2579 9098.237181 0 
82410.91654 0 176647.547 61168.27797 573427.27 577818.2619 807250.4435 1192352.803 2460221.173 1560487.541 1535034.688 3565940.392 3526976.286 3979198.687 11632372.53 6054631.133 7283219.281 34390559.91 4917697.421 58089242.08 23982561.18 18949010.12 51863573.89 26082924.88 33589211.31 13873424.01 31792378.75 18634639.89 17239838.67 21092330.69 14670123.17 4528595.66 5852149.338 5856790.669 4512896.09 15051950.4 13548282.81 7438512.096 2862126.587 1789518.195 419650.1485 1116879.967 1433847.454 672264.9694 46418.33332 41752.37777 100150.8731 132802.0736 14434.56621 61037.92521 
21581.84148 0 0 644644.5423 823834.5219 714627.8392 1040674.515 1011225.49 1207387.322 1979627.511 1547373.302 7879271.523 5081929.814 5795895.653 7315257.528 7869534.518 32515953.02 17111607.39 36050849.47 11324636.96 32985953.77 45377852.23 25492029.37 34012049.57 26749519.05 29568595.39 18291933.82 36197649.05 46411876.75 27458859.34 32394464.93 31503629.77 42696539.74 13218184.5 7919623.714 5931734.291 9625102.873 4073228.428 1890699.633 690203.9289 4681282.194 1568319.867 3283047.867 1506956.245 497886.6359 562199.6565 394754.1269 181068.5599 90208.37394 28950.13251 
0 29803.4347 96604.90211 131672.1186 39625.83262 412347.9314 715080.5596 2164779.464 457595.5192 1937861.948 3962755.774 3861889.21 7746562.557 5094341.963 8583804.177 9035434.526 29789537.73 48428081.51 15766469.28 19261955.67 16138295.93 38403630.68 57197347.41 30514045.33 30212357.99 46072403.62 36184700.13 57305733.37 22636544.75 37461846.29 35072899.8 20267929.76 29735664.65 12405375.39 24235892.58 22177588.93 6515784.342 4378572.271 1702305.082 5012010.858 2687617.62 2233211.575 1051832.425 691987.5096 1265628.545 313563.2646 5.953478902e-38 60308.63155 30983.32003 0 
131343.8788 20120.21562 286072.1801 262595.723 540870.6527 471994.1984 961645.9753 1901301.619 2180824.347 2905160.002 5680085.643 7891891.061 6149692.548 10513101.75 16184745.3 29410337.67 33144295.92 14490827.93 31343234.94 36373730.08 17666962.53 35100807.62 66173186.51 17189788.52 48123299.99 46783684.17 36831213.38 60401306.86 14828884.6 15173113.95 16512778.21 5056705.575 35427792.36 22572511.81 12643497.45 13778251.23 7561111.637 4089454.399 2641447.84 4814867.997 2272390.749 3926217.177 810045.3474 421351.4536 334743.6686 498891.7621 60862.33344 0 239925.8006 0 
57387.49591 62388.89389 235490.1998 757426.9763 703122.4153 589310.283 547102.8759 1550156.164 3935731.193 4354198.786 4352183.219 4365626.833 10096866.87 6628798.233 2574802.02 14342697.08 9956795.017 16293329.38 41604715.73 37673887.37 42675625.34 20753619.79 37080839.27 43972983 28326538.41 53999498.45 43507602.68 42608087.96 40926007.71 48953402 55192151.17 40471511.09 33393265.06 18922498.76 9824001.061 8287227.931 13314202.69 10549258.72 5631119.763 5139413.372 1530068.59 1061339.759 1676592.098 1279364.476 1003982.332 931360.093 204215.5478 114476.1519 191685.1131 153058.1392 
35732.50338 270858.7314 67262.62878 488263.6793 514988.2766 775428.2976 533313.33 2215793.622 1858218.135 4086251.455 6655831.404 642170.2948 4196402.294 7456017.76 7988944.666 20367290.44 10631914.53 39408182.38 41965897.61 53377582.58 28758076.22 54449418.78 42922112.77 28047671.7 41635700.96 22344165.87 60042467.66 51794615.28 66234790.15 38029465.5 21195934.74 11434739.34 75024207.24 29400330.67 28899456.53 10512774.98 18105066.05 13331347.28 6471428.915 4181559.061 3664943.536 1075453.149 2829552.126 705038.1139 169416.4238 992448.3304 54575.03503 114571.3742 123612.6936 0 
2.533667736e-72 166225.4601 183595.9959 26333.09402 611897.3666 1451236.818 484529.2971 74785.60489 727995.6097 2008229 1657259.943 3961031.347 3055740.63 5281364.283 4952434.698 23478734.84 36563941.35 32360356.14 26053511.64 37187705.58 54923350.77 71104488.1 63369978.29 38030036.39 68469966.94 74038928.35 30785434.68 34948834.59 38265518.45 52436711.44 25529826.35 45063642.3 20626680 7971838.646 14528307.26 25164951.72 13940681.47 7085446.845 12376475.8 2163095.421 1700858.69 2309565.662 1461825.124 448898.5564 1409769.487 711063.864 149596.6688 0 13235.28981 0 
0 30119.38443 242153.6359 350386.3691 474732.9985 986838.7513 780711.8568 305099.6575 2868501.315 1850167.79 7819071.004 7189317.678 13665924.93 7370886.304 11214137.09 16951650.66 25017619.85 39398581.36 95161587.33 50142149.55 87492089.45 31520096.39 49150277.94 85858845.75 68979552.58 53866609.64 51722444.14 24919422.65 75251620.61 47732161.56 36226463.23 17261278.94 12272578.29 5612203.656 24681069.87 8072207.472 7416514.557 2909817.548 5905509.774 2047099.325 2647058.51 1871815.327 1655578.565 774408.6521 718821.9764 413977.6485 490566.8735 429906.4388 247615.5764 150986.922 
0 274272.247 489293.8663 758854.0511 919629.447 982140.3157 671966.9679 1585230.881 1965293.518 4252272.234 4173721.736 5892754.766 11504836.83 9585024.181 20500914.97 23464627.95 41925386.68 41383395.54 18670362.37 68631203.9 28211329.44 41986504.32 52503568.21 78111103.23 94122932.43 80328983.6 53612798.25 86590576.42 68902124.09 36380118.72 48062010.81 22179503.58 25301012.62 24963788.7 17774009.19 23968580.62 11965516.88 9824067.31 2550868.941 6340294.804 5848921.675 2929114.855 366585.3425 130265.0176 915031.1946 601973.9893 423680.3419 247585.9149 11483.61685 42961.1432 
111940.9405 0 376854.1633 65566.10713 235852.3838 859386.8627 1372087.346 3023851.06 1650950.198 4173031.09 7587353.727 4200266.441 7372382.565 16680346.44 9305156.348 37212536.26 19164064.94 21528087.08 14299588.83 42908117.24 42882603.98 43736389.73 57792324.53 58111391.09 63835786.9 23504046.16 39240318.26 36232905.63 70838468.73 35775342.69 43294695.3 20353292.48 51816604.98 15633165.71 18069470.99 12590456.31 13490547.82 10861156.58 4829587.754 9291865.847 4666158.502 2674144.704 1592683.491 1399758.563 1773378.166 536012.6788 113936.4788 117287.8375 177958.7549 0 
0.01551901965 71791.3707 287884.9577 563713.7835 681652.9257 902788.2889 1568211.826 1345744.788 1707908.773 4948624.803 8662299.88 2351086.369 12002228.68 5505091.75 15697455.72 26806621.87 31411321 10637703.69 34619130.95 11518595.77 43467040.17 61064117.7 45421595.33 62541615.25 83895353.76 106997371.9 54561916.01 56683499.63 38558468.31 38672737.74 54299324.58 41747516.99 17634758.47 13413258.12 19606113.84 27613214.12 10757564.16 5061238.945 7606030.07 1790919.999 2988805.489 981721.6077 3633022.093 1581759.705 847883.7997 1026278.284 49983.51167 136165.6801 171222.2842 49757.36066 
0 224434.8793 166426.1486 368336.5164 652518.651 777650.6453 926767.8273 573013.9853 2360053.375 1179756.165 5769892.547 6334230.857 14014643.54 8732849.463 9210697.057 21247205.36 13375912.57 26559055.61 23571390.98 46264502.62 56608923.14 58963112.66 47061960.25 78226051.35 56767849.06 51035350.9 34644621.34 35024974.84 66950844.74 42121059.88 39027638.08 40188529.66 32882197.06 54279118.25 21363973.55 19987013.84 6912881.153 4603785.782 6364909.206 3632514.137 3353943.06 1146926.282 2890466.857 719754.5934 889876.3846 1310755.326 563047.2765 48439.65648 0 11787.94776 
0 8438.964782 11019.3186 1490335.607 1486159.109 1333466.043 1519468.385 2295417.246 4229466.762 6494894.693 6578348.709 5207765.999 18164199.53 8856206.332 20088061.77 21773331.64 40174745.11 34453171.27 34578003.19 78243413.04 60051556.53 64121781.41 46591201.45 47206369.1 96990646.33 61524337.36 80791996.84 51807906.97 83527416.31 87763682.3 36751066.03 78592447.49 24504470.73 26115703.83 17671498.92 16661703.84 15016556.31 9041885.071 8540524.318 6914490.232 3285057.598 1677834.659 1401074.15 1723934.565 726844.3959 232574.5473 217907.9612 606288.7657 413865.1328 7730.474362 
4.670829645e-37 79987.38998 364346.928 712544.429 789548.8224 706679.1907 532976.5101 1765897.718 1400163.015 6038882.433 1626304.668 8941068.84 6966979.833 10836863.74 11309105.05 9710265.334 29009047.35 42763653.66 33127486.56 24261331.1 65554357.31 64338449.14 63350711.71 87238982.69 44476650.56 74805787.33 71269227.72 57444625.81 45406061.98 51301387.35 57095190.89 46631050.73 27508506.78 42294107.78 13777381.53 25199765.2 4436145.118 6448818.045 3705747.847 4098406.041 6741531.099 3040216.736 2264949.267 1325273.602 546187.1482 519555.7191 751967.5008 78863.54174 190060.4185 110444.8242 
169333.2973 66527.21966 295380.0665 270613.8064 1043795.089 510016.3326 387955.8688 2889063.228 6752609.491 4925348.417 6518732.42 6650909.901 7123115.784 7342490.252 14143991.1 16664846.57 17898124.9 52080422.1 22207457.75 33482011.3 40728237 42728997.18 69553160.92 54347111.1 102017073.9 60674705.3 87663781.49 65630772.19 61056012.67 56639152.46 34236279.32 70764357.47 18461502.56 36731656.49 16984525.99 10774586.42 14083748.74 11771187.23 6123266.577 3014030.294 5429367.786 1905832.948 875810.4688 1222292.186 326930.6975 850926.0392 283683.7817 241447.7418 162451.683 252658.662 
128413.1628 49409.87195 156729.835 341366.414 1340751.697 1063132.507 1015943.022 917152.0261 3673466.635 2859394.402 2637058.054 5296643.285 5852853.394 3720189.937 17067914.65 15550067.7 11000907.52 27121569.06 52483737.47 67283363.18 39395751.26 35938714.66 82886105.31 82245288.61 96323676.88 79223742.33 73612221.12 112320821.5 43421582.15 91551647.08 52920759.9 59121152.2 40522703.69 37984589.79 15168590.14 11120496.08 10838963.67 20291170.24 8094515.986 7763431.152 5593745.222 5286838.509 3799059.452 341302.5258 522741.041 547521.0758 515346.8086 759108.1835 210676.4384 80.52954721 
34255.04455 79500.92425 74799.50823 87839.69275 747455.0315 1473781.343 1606398.788 920517.1457 2754097.988 1390278.852 3629704.733 6812072.958 15340045.97 8586438.3 15542811.45 25150770.15 39520936.06 37583156.62 34994354.7 31406027.4 45808511.55 56904594.35 69987133.34 68757071.24 53363785.04 106909099.9 61413073.7 61652220.97 60656053.33 78691136.58 33954029.26 24346626.32 29454821.97 25724419.36 25703076.14 13858095.53 10102697.41 9096843.302 4848349.402 5473608.97 1807436.033 2531791.79 1114050.134 1170197.615 538354.6888 743031.0319 591530.3067 291263.8823 99545.26512 0 
175060.6464 401563.1568 18912.17818 117134.4035 1130759.588 1334030.756 1932308.79 1598054.808 2110923.776 323074.2179 5024132.209 6172000.978 6785911.712 8247125.993 19025851.47 22246644.85 39866269.23 33293400.43 67529681.94 31036032.51 49275163.98 76306128.62 109606326.1 102848001.1 65069596.99 61592654.38 58017931.24 97234276.67 74132214.28 59908254.69 60245150.82 49013576.64 26722350.76 29637796.05 18877330.62 25580529.45 20703502.81 17944842.14 8618396.824 3596476.008 3734758.952 2723773.766 1933763.623 1430963.571 1213797.298 867389.9672 415416.4668 425870.9751 267882.2063 0 
0 311776.0833 280305.9485 293131.694 1260077.639 801799.0605 1209095.641 1954014.69 2703013.724 4110938.42 4570799.067 10981581.87 9207296.542 12336778.75 21442554.43 15158570.96 18398677.2 61932937.48 22420334.7 37104648.77 77657100.21 39350962.46 27261867.54 54098988.18 51363520.44 54793092.71 44143554.74 84120827.15 51122521.98 29059179.92 25572654.18 44905493.37 47774011.41 13740026.94 28840029.41 12789847.02 10284897.54 3753682.521 6172734.77 4349017.522 6183407.435 4391242.739 2654165.92 1611612.491 269240.6432 469756.7942 1042006.699 171996.0498 53986.92462 103833.3728 
31204.3757 6280.330342 91433.06782 402174.2548 1170707.51 2011025.779 2672648.226 3047943.092 3817353.871 4480321.765 5138616.673 4205550.079 12622380.39 10184929.46 13310005.86 27220988.71 22574412.94 36625387.95 27203169.62 46592840.11 55146270.7 67947793.3 56757446.91 75235336.33 79843163.38 86959277.69 79391028.45 53060472.52 50243125.18 50575583.58 25824928.72 60778582.04 31860526.66 40989514.4 18361155.2 11143839.1 13184413.78 11957835.14 8077506.57 2533774.203 5215285.234 3927970.181 1650377.058 735323.5998 880839.4618 279228.5716 71713.42409 150190.6017 111312.0479 8492.051107 
79448.13143 56095.1554 349378.2797 338230.5913 784439.0029 695528.5921 1058298.119 3098490.892 2893620.558 2701213.207 5690109.023 6206020.754 12682777.21 14267976.4 20366205.58 23147668.02 11446199.26 20503051.16 47197463.51 101015632.5 63133337.93 42947916.05 97019299.88 88815521.59 56725921.31 53531742.39 69886120.51 129095091.4 69732818.52 68537891.37 70136385.58 53054675.74 26142017.71 34309480.29 14940315.23 18838412.7 16354836.3 12264924.51 4805391.597 7804949.448 7534607.832 3241021.016 1915517.879 2293777.127 1760494.529 928310.3282 236869.0378 46422.21171 145816.3393 2593.644867 
4.374839292e-56 144860.7518 467951.8517 116239.7701 309272.7159 1308641.4 2452175.876 2432796.011 2375409.248 2526988.596 7247454.35 12705307.98 10057143.56 8225327.057 19611609.79 28453099.3 36568201.88 43548491.3 19908933.56 38732110.94 73688172.75 44574999.41 75921506.94 89738740.26 54739226.44 76370851.07 63143490.83 82408577.78 54560821.48 56620883.2 42028331.96 25937969.72 17448884.49 17985039.9 20145712.04 34575643.55 8576733.652 13740149.27 5976422.152 1503088.446 2486106.566 2207767.833 1388169.562 487077.184 506914.5175 673091.5777 453462.5515 201317.6276 213414.0365 62057.74066 
20780.30595 95085.7519 248896.623 598181.2768 1239463.212 607340.7981 748681.5795 2663659.436 1914647.044 6394127.243 5145940.595 14569852.25 3254053.569 11767441.93 13095258.69 19056607.77 20582585.43 48423018.42 42826864.59 49467797.53 74694335.92 39958447.06 45764551.54 40330275.62 68489893.45 70099801.29 62463589.49 62343738.3 60084010.73 58509619.15 23612652.75 65192772.14 35480002.97 30134927.59 18526727.46 18462380.27 9244135.124 7490529.633 4150763.765 4487979.876 1862272.464 4012023.109 2280196.043 1055099.909 1973492.722 520273.8126 94448.70577 181498.8357 162999.7115 176509.0759 
0 256377.2178 192200.6308 607427.3252 174901.0115 1698467.816 1651771.718 4464423.317 2751538.558 2441774.415 6250283.251 4958264.96 8215587.27 7009511.408 7523971.59 12235781 16052197.87 28614543.78 46759534.98 45457260.7 36071616 52047611.23 49755041.5 79337204.12 104147729.7 48193335.02 50010700.16 69630097.16 53712945.14 50986892.5 67493271.58 39974585.41 28639140.69 27276464.33 11578138.26 4941734.047 10566595.43 9336196.387 12226873.79 6973777.683 3280609.229 2992659.433 1875110.37 1213270.302 510523.6217 421927.0871 463919.661 339064.2108 164842.4509 47003.61467 
51599.29567 135739.0974 313284.1362 502245.7198 1524020.24 1597949.57 2332257.006 3611318.648 3013618.207 3943392.614 4938768.05 2966584.876 3687343.735 19158437.82 11419156.47 27495896.67 21912853.11 38416626.57 35998761.8 38918828.38 43718947.07 45000774.61 34057969.6 69792345.32 54972556.83 53558128.24 94157045.52 62137802.85 84109744.02 88643895.31 40443551.51 40697231.13 27643002.74 20242994.45 24656158.75 7840597.852 6981931.332 8212731.78 10000980.33 3319967.18 2353203.824 2626904.275 2051772.348 905000.4723 706776.4246 544872.103 364246.1867 243179.4393 76364.90966 146127.3281 
0 607208.8881 42032.61074 444648.3187 24791.26152 1395674.747 618534.3242 1122564.558 2742833.643 1867456.143 4952161.084 4675275.655 16505646.19 9890196.12 19835667.63 34811246.48 18541962.8 44074549.5 23033812.52 35750980.31 48943113.8 74387356.26 58268110.66 57698015.26 70626286.88 92811229.09 73662017.17 48942975 79804208.66 65973731.51 29626581.89 53034060.04 24297644.39 25024315.67 39770210.87 17541596.75 11755828.67 7668201.791 4975543.556 6004789.703 6850378.763 743889.2636 949982.5389 1024800.705 863602.5722 577812.9998 343433.4207 128321.4203 14371.03408 49733.8406 
7291.550446 475512.5877 48611.38757 205281.1184 853691.2989 831891.886 1128639.384 1472640.237 2990862.648 3307061.912 2658772.25 7943421.389 5391220.462 15463908.21 15286458.19 11141439.43 11521914.47 33572763.8 19680132.42 51116672.99 64164253.1 54916651.28 54343002.18 42944694.41 100343097.4 84286825.41 32426881.99 71740914.74 54610287.27 63295786.35 85703271.26 26027661.84 25386628.22 32532046.77 17032506.29 18464240.73 8501067.747 17962343.95 3085298.312 5723498.137 4107494.674 5248458.272 1611576.065 2216420.633 2214096.469 524679.579 510900.3407 84117.99186 23712.40965 0 
0 132741.3224 468770.1303 345366.9189 487678.3634 353228.7686 733632.7141 2358758.127 4943193.911 1894782.576 2777508.248 7527448.491 9451128.595 4240065.616 12671858.11 26571120.55 10233300.14 16808557.59 15055718.72 65592188.84 69879276.41 50360509.59 34637944.28 74976415.27 76980492.45 52457163.38 56257299.36 42287890.16 102634357.5 26350567.09 45893935 42704388.61 20774244.81 35388483.15 22033609.1 15225282.11 11363014.55 11699361 8767122.17 3708306.893 2160224.178 3070450.515 3849383.886 2324926.802 1419878.103 428737.1613 10276.1788 51324.98077 7432.970589 60890.77674 
0 0 329135.5366 313400.3297 205962.605 103175.1758 412153.6159 3400986.493 3858176.881 1187580.832 3079363.702 5245844.307 8995786.41 9461628.721 7060740.822 12242131.28 20539808.59 22553757.61 31966509.73 64882254.31 60605310.37 32127806.86 60490689.74 44209114.87 49339196.26 51051774.07 49361799.89 74305045.8 39749867.66 43906675.71 31986442.36 50300845.66 21231972.08 12346166.82 19691298.26 8032458.094 10344015.32 2379229.811 4678635.13 6280022 5270734.195 2908001.859 1536274.416 1132833.216 13007.0918 378028.3536 301714.3761 201761.6765 106844.0999 28313.27902 
24330.36373 202711.9237 152185.4812 171330.33 546450.0269 526310.6249 959949.547 1323200.171 3883983.928 887335.8671 4612221.163 8701780.505 20329309.27 7334111.543 18189027.7 33677074.8 20305660.36 24283250.62 29638052.35 42171706.27 34755770.71 70718259.36 53601571.42 68277013.68 53895796.15 49329835.35 52991568.4 64000996.03 102662953 37240137.51 47276050.02 36771397.26 28049327.5 21962800.55 4452821.392 9293605.028 14375673.46 12718137.68 6207775.716 5799461.1 4210479.433 1548237.726 751108.29 1285995.32 1172759.494 723850.3679 23558.08075 77303.03038 239087.8458 244277.1779 
10715.4566 281315.0956 50968.51314 213648.0892 642135.7271 749501.1632 138055.7222 462281.3538 4271719.013 864855.9227 6949864.661 5817295.11 15018604.7 11317312.69 12157075.93 21988150.55 14716020.9 21168303.28 52463810.76 36001670.7 56915173.43 85539912.86 31382182.03 46903326.84 53243711.01 58947838.61 74350461.18 71048706.57 27664800.57 30607624.3 60425401.61 37010478.84 16206400.64 19335720.19 13755544.75 17335831.56 13904659.89 8025160.683 7539879.807 3570387.357 3323740.129 1992447.011 1099114.406 2004383.176 740152.2975 602143.4299 650040.2248 147965.9719 232027.2796 233468.2316 
30290.6308 39500.39453 209685.3801 386538.0433 721143.421 260422.8072 1578526.429 1478461.893 2055977.545 2555647.053 3498714.153 3589984.448 11285623.38 6259195.38 13720109.41 15988929.59 29832585.72 24216859.7 39828226.71 33418243.51 77782386.32 70846245.55 57133848.3 60067547.33 93365529.08 21968432.57 64894090.76 22517518.56 97370768.18 38462429.35 32170336.89 37601365.03 23068213.45 46217947.63 10761467.09 11698100.38 2450410.405 5835462.659 3494239.417 8473136.755 4118808.083 3936872.441 1424260.651 1123175.988 965554.5374 542368.9331 8488.947446 60969.89837 360590.8691 0 
0 34630.75133 86084.31003 406420.3373 1161071.584 599780.1146 1595519.672 1887354.303 2322972.129 2500428.928 3614113.797 2853247.256 3952276.694 12983756.8 17216251.23 18253553.48 16376458.19 60799611.73 26671869.35 67929773.75 39975341.15 65469438.69 73678822.12 41511554.53 44140301.12 55906007.03 38686089.19 33758120.14 44968229.43 27875594.7 67866915.7 50345484.59 23749801.49 25828127.46 12269795.01 24264801.15 7100952.747 7947610.008 7110905.644 5013147.354 2170153.659 2018687.445 1222594.565 369187.5877 116951.6777 514964.8855 114798.467 89115.77856 81720.41342 33772.97551 
11221.38846 10089.14317 190833.3199 572353.5499 361270.6545 435917.9409 1559090.436 654882.9435 4811477.892 1665767.881 3784995.314 4744662.149 6455653.488 10497930.6 9278979.338 17483685.26 14785194.96 22367448.21 20613233.63 21827696.49 15003226.04 35192198.54 64472491.74 56211705.08 58171400.86 45479214.06 45289513.54 104996004.4 55100695.03 83760975.25 53354640.55 17605532.86 20325945.13 18662706.18 17194699.42 15442824.02 14371769.05 3767659.03 10278710.92 8501463.058 4372501.247 1991637.915 814031.5445 1576160.63 1280799.915 453685.2419 86339.05629 192861.5437 0 8551.893251 
165952.8415 80070.93558 182865.0727 163417.3748 342196.9181 1119132.821 471035.9591 2075072.274 2518291.937 2299536.144 790026.258 3700322.667 4375954.474 11721626.6 6005057.749 17022087.39 12323078.19 67637782.4 34934908.07 54038770.59 64957242.75 54178129.09 49623368.02 54547884.03 56863418.16 26812241.92 50841055.97 23098262.59 29398222.4 30733545.91 25329107.39 36970711.4 15183299.9 52236112.43 9874602.325 9537223.592 4013177.407 4839454.811 3758750.955 4224836.478 1403720.562 3455159.312 1154011.41 976921.9012 708485.1111 177483.8408 420470.6582 0 0 138910.4107 
151078.7825 12602.57913 5.194194334e-09 101893.3397 810412.6812 503907.7195 962615.303 1291340.11 4718562 2552964.19 1581236.601 6105107.488 3011051.884 14044660.48 8571318.359 10407002.68 11651808.07 9637982.226 32421036.55 30231849.78 35285792.88 52339354.99 41464352.06 25428972.31 21067449.43 57511078.48 18070497.63 16950654.94 55096455.04 48278308.6 85772672.19 14629669.32 11939004.4 24787583.24 29309296.57 10589242 12183848.94 4548306.379 4738092.177 3467048.138 3766830.266 1862147.485 603506.7906 1266688.322 457857.6618 585576.3575 153627.2233 436569.1479 217571.4538 137221.2694 
89323.70411 146414.775 327055.3927 815358.303 352502.4318 1337010.895 953159.3398 3736734.946 2763241.862 3626211.411 3613203.313 4149139.473 4359864.437 6446289.82 12687337.63 15816519.92 17733383.81 21964873.07 28703242.07 28002333.38 39658144.02 15855366.51 20247499.98 19520448.33 44160500.27 40923508.03 33200334.85 19739769.57 58953230.16 9513045.248 16601076.14 17480222.74 14058666.88 12836463.85 18430917.79 29837203.99 5346190.463 9071399.618 1811130.958 2245516.856 2386533.318 2659283.812 1628508.603 458702.7188 1115972.715 9.963141391e-43 297027.4475 217248.5709 15102.41105 0 
0 21401.55291 177308.6151 258621.9893 125487.5705 331131.5892 1350763.188 611452.1647 3677209.756 2482546.621 3291104.083 3995753.054 4936363.658 16894127.34 9967411.825 13223080.88 16982804.59 22893810.47 15168718.58 27339655.24 14127050.18 32270565.27 60433972.07 36145918.24 38000662.75 39217522.52 17186918.97 20054198.89 27259630.47 22231108.14 18470418.72 9583701.383 23982122.69 15232527.27 10781423.04 12753877.71 7061650.815 6777955.114 2809632.441 2338510.301 4067776.455 1689504.91 1913748.674 642992.2146 335994.2723 831380.0015 267786.4342 206344.4848 205504.3934 7507.529701 
0 163066.1997 233039.1392 103606.4793 169258.5835 365548.6579 436023.3769 736860.672 2489799.54 1287637.684 5822321.637 600173.9761 2397841.119 11031911.53 9890901.126 12011596.09 13705568.79 18157286.2 21898701.77 15791127.26 16433181.32 44407188.17 20528281.02 37313517.82 8685530.178 24614191.44 49982052.76 25365807.16 6976424.355 19180037.12 15149100.48 15014197.36 17971014.89 19025249.74 10635012.99 7706770.076 7129334.316 2391435.704 4740916.227 3220993.031 3824537.271 1680721.677 1514056.899 1013073.154 838133.545 124047.6518 7.150178811e-13 62265.01875 31133.58923 29834.01783 
0 220135.6299 408291.0723 341854.4583 329240.9773 1241034.887 498668.1769 935455.9452 1046512.278 2051727.794 1500149.498 2698775.354 3023678.717 13192919.23 3839039.395 8320086.994 11694512.27 11851487.27 27162765.02 19983736.92 12051449.48 40489284.57 35145715.02 32124544.07 47814894.73 11759534.12 26387598.49 19220894 20784310.94 19610608.98 5124212.983 8197730.647 5116280.853 21394763.29 9547356.96 4446686.451 10071864.09 3951284.05 4437042.092 910019.7092 2612990.907 1840007.788 177305.3864 712929.2997 1011943.9 161832.8123 125181.3133 138474.8159 8672.586735 122159.8272 
93977.41095 11848.05268 6327.89642 179567.2169 150302.2677 283095.6587 828653.677 890468.8762 4302874.4 528802.2888 1905647.142 4166911.974 6801878.25 5074854.128 5780969.016 12244036.3 16765664.97 14212631.95 15570534.27 21214377.01 9727257.242 17888704.83 51145284.27 48456396.23 25272760.65 17619499.19 28687373.18 19021197.56 40422627.86 18870115.25 16881682.24 23157499.9 17301809.12 4803333.595 14589734.36 7472584.313 3437837.746 4396220.88 2996172.643 1504583.731 1997177.709 1592431.901 2115514.87 934053.6786 713797.5794 419599.7763 431258.9125 64233.31222 112449.5542 0 
0 62814.5893 4.309617516e-66 8612.618609 464737.3477 248163.9787 509699.8394 791450.4155 896050.2516 1220415.277 1855301.436 3760457.966 7570575.891 4958849.72 4284934.31 8161009.498 7279611.072 7215119.119 13538415.71 18334256.55 11053239.7 15293168.46 9549457.669 18769290.53 19293184.79 25636182.39 49088987.96 31319482.98 13208712.07 19836163.21 4719533.596 25172667.54 10786402.59 16870266.03 6545739.914 4902240.172 1894542.861 3247951.638 1361153.705 1425569.126 797153.9406 1392201.5 1577117.211 770100.5659 316801.8032 70439.26541 299569.2954 79465.6077 7041.400846 0 
61037.24167 188403.0111 33735.31447 458688.0635 192070.266 145596.4492 824029.007 649083.378 1348430.789 2148313.556 3105189.701 2016338.311 6028614.636 3522568.804 5166324.03 1558703.84 5262938.725 3231020.823 10877315.67 14542999.85 7087291.763 14885081.31 25829087.75 19414039.14 33508729.61 17355273.07 10445779.09 20554333.38 35124538.79 6225021.329 7277771.576 8822574.346 5138882.291 5804613.654 5552496.397 2794981.828 4798457.923 2310011.324 4935918.185 2444525.702 1267063.505 320481.5264 648494.0019 191029.759 141196.3363 290926.1698 71791.33052 34985.00735 3.451143311e-20 0 
0 0 168568.9613 139562.4631 65578.26661 42136.72237 174807.9506 1082121.71 232391.1703 1303480.874 3289795.424 2183133.091 1757741.356 12120536.48 5338482.405 2800904.054 5723004.293 14721985.04 15966172.84 12949304.16 19378000.98 13940495.14 8650980.328 16360075.85 19589600.88 6830369.488 8791596.276 21033638.58 9656321.622 12750200.95 15514136.05 6153135.323 12649084.82 8663705.356 5180707.987 1982110.521 4109774.21 4238493.452 4249184.667 1722722.212 1104924.08 1559518.342 1210832.742 510821.2569 232209.1131 471810.4394 0 90591.44942 183910.5271 0 
28831.97748 21705.51336 224096.5951 647526.9825 807429.413 482687.8153 302387.8817 606107.9124 641527.3707 531117.3865 3215125.324 1588460.601 1137340.649 4711123.936 2504651.644 7359215.455 10914973.91 9825156.919 8392348.144 6707483.751 21103484.09 8572350.639 11898169.78 7115123.001 17295238.07 5721625.098 10771301.19 11388536.82 12804723.23 9099158.897 7125885.536 7812570.327 6810466.788 8279376.154 7049245.397 2191846.613 5939431.569 6987141.056 2265741.495 2742348.256 2164855.954 1186065.366 1071317.514 184684.762 106424.3483 63239.41876 308488.0645 276006.1691 169262.4432 0 
# Errors [PSD_full/PSD_full.dat] I_err:
14574.87474 154756.8573 35757.81038 10798.50731 232357.3875 215003.061 123705.7057 492072.1116 134038.8799 571130.9386 1179631.845 920705.039 1691679.96 706350.8744 1183990.354 2431502.374 1025052.938 3484101.436 3251935.592 1743349.552 6667710.146 5279474.571 11230377.32 2140518.824 4743921.746 2090615.851 7864634.598 7343676.013 6536841.786 1886010.976 3242459.601 3781644.363 3900337.038 5232314.28 2603078.952 1448116.564 2530136.907 1197755.253 822514.4819 175144.0129 214022.0692 1405540.166 462701.8004 582188.3867 94014.94541 467262.9525 104350.2344 34660.89976 280768.924 0 
140876.4224 160631.2082 103034.5613 91879.76471 584163.1716 273486.5537 534227.6025 414653.1608 992207.9763 844637.9583 563799.9432 2920235.214 928000.4323 2107551.987 2490570.903 747723.2399 2085060.779 5627835.948 6543888.757 7983460.028 4548678.741 12509573.61 7631421.17 2323065.296 7705952.938 7894519.791 2244174.181 8095970.647 4347369.204 2997030.66 3067716.768 3359379.107 3643512.87 3497490.576 2168067.104 1889457.331 745135.5856 229930.1313 2377349.596 543359.8417 621760.5868 141650.9551 1084906.819 390846.5834 570743.1033 164324.0091 55699.26338 224557.5978 6651.148953 0 
0 6197.806855 0 232518.9747 53258.43688 211833.5691 103450.9792 906270.5891 522879.3466 1938229.99 839269.7191 751196.2776 801917.1711 1944449.309 4344598.828 6324953.67 8055850.013 5463664.782 11487437.05 3811189.116 3959392.311 1688386.612 6304461.708 1690124.208 4511017.055 7359109.395 7603502.716 3067106.005 6915779.68 3347578.504 3194117.103 3958625.605 2311788.661 4010623.005 2315563.02 2379190.792 1079956.231 2658028.753 852011.298 532363.3743 1426423.238 1101912.126 850353.8345 359415.56 43079.45283 24027.99641 315228.1394 22827.92159 0 0 
0 0 31117.47106 155626.2576 30293.06662 285967.4976 839741.5783 184663.059 381356.2475 409004.7335 825835.023 1400086.425 2434033.859 2522524.261 4506308.702 3160635.912 2882897.211 4335442.394 4908466.295 10874517.04 1944236.733 14872295.73 5292655.208 2942067.358 3895433.226 5017772.899 3341865.117 3934440.294 11789563.73 13868476.21 3260377.78 2822346.206 10761169.21 3888280.525 2262583.73 3917845.772 1674625.815 1176733.227 847908.1706 769853.8465 647331.4109 358644.9055 1111057.089 159737.8294 345038.0785 97279.84012 21248.94962 143705.4742 44505.40989 61156.68106 
0 0 188073.3059 11680.5926 315912.1194 503489.5928 719560.0842 75633.08157 864091.0205 353578.1251 1089031.708 2261247.455 608249.4956 2176039.734 2739805.846 1812568.789 10288093.02 4017719.981 4353004.44 1768519.756 20721913.96 4960405.155 6094435.7 8430190.649 4247144.403 5211505.441 4894663.239 3561019.133 5132179.157 14305721.33 4169555.267 4554310.182 3964312.365 463852.6108 5232565.584 2158483.918 779641.0358 896815.0717 1426612.9 1388875.443 655879.9488 455716.2755 871139.4085 323728.3318 240459.5937 41539.43387 94925.96166 162842.8887 9098.237181 0 
100932.3474 0 128610.911 74915.53474 372171.3702 281418.8442 653935.72 1009757.925 1224237.079 717065.9406 553446.0182 1267509.222 1527615.777 1390289.145 6586589.088 2560511.791 2435851.548 20818059.06 2013795.99 27531991.21 9794887.771 8317574.289 23528959.47 11006142 12622868.87 4907384.57 12057547.52 7512905.439 7354884.291 8503844.586 5744203.964 1351821.712 2196814.647 1843316.091 1531051.401 6406394.49 4790525.69 2623745.841 1303045.285 833322.0243 256136.7861 530396.5022 756258.4627 347292.4907 24453.15579 21946.76649 105705.4523 128997.4657 14434.56621 61037.92521 
15886.20836 0 0 378664.1823 410895.885 411885.12 568737.3629 515754.0989 511748.108 985584.3665 519979.4414 3228590.466 1583817.912 2945958.57 4468688.89 3957842.384 11162331.82 6971305.072 20018102.03 2985296.841 17131169.52 18928152.52 8570823.715 11413096.83 8522356.987 14152124.36 5554092.182 15452478.38 24794366.33 10010381.8 14758249.68 12370506.77 17572715.68 5060134.475 2280088.901 1571346.339 4915020.881 2004175.56 642852.3189 359906.1063 2055459.477 578455.4402 1484119.705 811997.1059 219555.7771 281887.1061 429788.1443 132721.4859 90208.37394 28950.13251 
0 29803.4347 46691.68975 73466.96172 29065.19904 390601.5964 325004.4127 1164434.23 199889.7452 1112290.226 1621336.293 1619048.601 2991034.178 1670098.663 4589348.15 2741085.168 12461375.87 24152565.84 4183624.909 6086867.517 8526032.119 18802446.73 24827524.45 13561908.71 12767165.01 19829398.86 14366921.09 21143358.14 6714855.643 13452234.48 10071772.57 7668020.719 10316871.53 4866244.799 13966658.51 15008078.55 3194745.894 1543560.452 629931.7258 2399799.434 1181605.726 927366.8455 489247.2352 365551.1137 671615.6098 203449.7365 7.291492752e-38 60308.63155 30983.32003 0 
131343.8788 15820.73098 290967.3759 278877.6365 226136.8228 239296.4056 496849.7352 874513.291 1313876.579 1463278.316 2148708.803 3276510.011 3128326.03 4060969.669 6460261.817 17163119.93 15951040.4 6836338.406 20580618.67 18079947.24 4790628.652 9612851.347 28323905.13 4997413.184 20431587.08 18062317.4 14681095.7 19740327.89 5442809.893 5119529.97 5371215.288 1515280.114 16420916.12 9425520.114 4909298.959 8697841.709 3556457.61 1548735.631 1066164.905 2004451.024 1000882.916 1698653.906 473306.3735 186995.1149 164131.6503 329706.1658 25581.03202 0 176709.81 0 
57387.49591 61283.89606 183085.3465 520545.1224 267900.6077 280344.2507 290607.2401 831038.8424 1394508.404 1887662.61 1567445.429 1428590.771 4377870.919 2295527.791 898018.9897 4342932.298 3704445.531 5203243.978 20676968.45 16482726.77 15535471.59 5821350.748 13866321.45 16258595 8629243.638 21528235.55 17077034.24 15074851.51 14375138.28 18056876.2 30021618.07 19137701.98 17411645.24 5735188.986 3348772.747 3433647.116 8653833.642 4063998.19 1847463.269 1442804.28 444034.5897 374246.0053 680093.7256 550655.8552 499628.1249 530068.7284 139343.8519 57658.02818 104665.9287 175664.3532 
28467.39426 174656.9957 69552.23965 227782.9788 298764.348 391231.8088 456720.8121 906821.9888 779772.9433 1325621.719 2254417.012 323700.3893 1366029.446 2439384.867 2972834.796 8185411.975 2979016.669 21407740.14 18819633.43 26276632.7 7408576.276 21941979.34 17269161.38 13113901.65 20992679.87 7607971.713 26117623.63 20816152.56 25985419.83 14233218.79 5596883.887 7162284.476 33673164.47 19147074.93 14381534.62 3934271.685 7530675.774 6550229.8 2819086.021 2044958.281 1629629.182 757362.8266 1080066.585 322618.4139 84847.73759 499858.8181 39042.32469 88376.13908 123612.6936 0 
2.533667736e-72 165265.5645 119671.3444 26333.09402 366631.9993 652865.9382 293834.044 50985.74905 277744.3928 727378.8921 583968.2523 1924382.794 981994.8086 2916103.821 1535618.109 11249014.64 15609378.44 11766481.2 8340212.777 13234674.42 19639952.94 20883775.94 24625751.24 16133982.56 29498193.68 22844109.75 8570810.408 11081558.38 9521279.786 22038529.74 9274006.689 21606185.14 6558426.377 3288361.585 5386008.235 9356569.11 4400166.477 2655329.25 3982383.371 841839.3711 532180.5995 990344.1588 754159.5216 239411.5555 824238.6535 430351.3305 110646.1411 0 13235.28981 0 
0 24680.69107 223835.6758 409966.2417 244217.3419 577080.6892 334741.286 140994.6592 1064346.63 602488.0575 2349389.221 3853503.259 4236723.332 2684238.43 3962251.022 6798919.178 7058284.579 15450942.64 35729331.09 26982067 28732958.14 9896180.115 21718184.5 30506411.91 21809315.46 20616847.97 18290182.69 7919435.355 22836032.11 13932419.08 11377730.55 5914447.274 5699204.163 2161092.908 7011564.184 3003590.902 3440426.505 773267.6716 2191049.346 752158.037 874315.4046 659352.482 675179.2489 320741.8776 425820.3647 289684.6099 388783.1601 262072.9068 202921.2708 89149.23683 
0 233489.1683 255749.3501 389023.7007 490694.3304 497625.0029 328279.1393 558904.1127 794286.8165 1541983.304 1112978.352 2033848.703 4492977.27 3571153.236 6188369.617 11128133.41 19666660.1 21061724.83 6584359.15 27185535.4 12481061.42 15661845.67 15692875.13 30357601.25 29998206.56 31332702.61 19442715.58 30841698.89 24626880.91 12141598.67 16788626.23 7037093.424 7624784.643 9519787.455 6024290.304 9578709.349 7704350.563 4894071.544 1035995.775 2176542.837 2380897.309 1103209.364 162275.5769 59036.82901 363031.2475 539529.5385 193440.8871 132483.864 11483.61685 42961.1432 
92007.51171 0 316866.4322 31959.37651 134990.563 432663.2276 756256.7054 1154336.531 679109.9092 1607928.973 3052700.495 1729321.671 2563438.345 6448803.951 2637309.785 14019199.32 6649560.778 8511657.529 4265325.412 13943567.81 18684766.55 13697051.93 24934997.77 22924940.5 16327695.45 8005364.279 17810212.29 13858255.22 26716049.63 8940083.752 17448228.63 5788550.401 16308474.78 4326148.721 6518370.931 6561339.524 4069790.329 3367825.26 2093829.665 3006896.3 1889804.759 1259838.242 734977.5895 539867.5364 912600.9796 318430.1177 93918.03947 92937.99594 119820.3877 0 
0.01551901965 71791.3707 160311.1004 298283.333 452825.8657 312736.6926 711863.6855 732162.2818 727618.5663 2244950.586 2875249.313 831491.3032 4528586.918 1633672.366 6143027.338 11194264.21 9775468.505 2846865.626 12329776.24 3100544.846 14650891.11 22635458.43 14984311.87 20871520.57 30079707.64 32567291.78 22071359.45 23908040.3 13894841.97 22041852.98 17596226.06 12416687.77 5906319.974 5594037.151 6489694.929 9720763.373 3162332.085 1529603.27 2406826.618 983468.7564 907344.6614 316412.5193 1353041.442 791022.3137 445836.6282 502446.2568 30837.64547 70166.82237 171222.2842 30083.21767 
0 224434.8793 141824.788 259513.1249 443959.3396 332217.155 334381.8231 353251.3555 980745.2728 537931.7182 2630426.764 2162042.912 4019467.218 2879805.504 2487006.159 11374875.58 4564922.25 9110198.282 10379727.27 22865798.22 17400257.24 16049497.91 14033692.51 32665970.88 15049289.38 18506453.16 17472069.71 15928246.89 27729472.67 15947939.79 12240388.44 19086634.86 13346375.11 24928048.13 9001583.619 7307529.159 2842821.067 1437122.178 2657929.623 1221248.289 1023888.087 467047.8899 1279134.323 384216.1124 369086.16 609256.5366 251778.6814 48439.65648 0 11787.94776 
0 8438.964782 11019.3186 548623.5049 556537.3226 481500.1815 697146.9185 1041196.896 1674023.551 2008263.347 2194556.43 1979547.278 5453706.974 2872628.157 6601740.11 6353790.662 18945096.97 12410466.28 12050962.33 30272989.87 24291147.41 27279043.8 12583786.09 17851059.85 24286837.54 18746337.94 28000039.28 20580198.55 23875667.93 29959392.09 14681271.22 26289120.56 7326405.145 8082741.861 5422166.331 6146745.931 4895120.514 2635477.477 3476733.732 1979174.848 1403674.284 828874.8615 625559.022 711502.2827 354559.1075 109541.2283 137766.1141 357282.0823 276353.8944 7730.474362 
4.670829645e-37 49571.49486 332138.6185 348125.2764 474334.0978 313174.4477 304368.8184 675457.7104 617750.797 1851439.204 485192.2284 2986831.427 2409630.65 3970508.499 3718139.392 3003458.237 9248348.923 14325277.78 11118491.87 6550093.406 21485911.46 24656344.09 16814835.26 25634663.93 17483526.41 27609163.89 23394862.32 21606178.53 20743476.63 15543121.51 21750343.99 21774184.72 7948686.746 14221233.22 3636218.852 8854982.627 1814426.834 2357248.877 1304435.345 1218154.129 2154873.921 1315070.615 1183240.125 497332.4386 313679.5461 409325.0027 379274.7969 46760.65431 190060.4185 110444.8242 
113365.2186 69805.10777 160307.7622 167173.462 438305.4094 229943.8334 160440.3155 1287413.29 2092331.042 1547539.838 2109947.677 2054729.489 2068157.025 2187002.405 4029073.046 4825485.411 6736050.637 20692524.12 4672192.851 13044058.27 21076637.8 14276177.38 28358470.87 23238405.92 33954840.94 26568891.27 25671495.95 20700701.01 25284656.65 20594451.47 9297034.557 27444268.64 6721093.877 13812955.11 5458959.809 3710473.19 3744459.763 3654520.377 2038023.107 948860.9663 2251142.953 608320.0943 350382.4423 696720.8902 119106.8102 503079.864 167339.3569 138623.7686 132607.3181 181858.8198 
116765.3001 32146.85691 72401.70485 370787.4918 609858.9104 511570.7697 482586.7487 437875.6498 1195559.578 1449669.147 1376270.834 1867611.07 3012319.049 1130953.392 5486017.214 5036059.617 3261871.285 9957076.746 26614363.71 26379791.5 10270383.84 9558768.655 28539309.63 26386420.63 30207953 25439403.6 28501296.94 32973974.94 12995716.66 32809842.82 15604092.85 21643992.62 12264124.75 14084239.82 5230374.603 4447805.843 3112098.67 6405870.41 2662516.495 2650913.2 2670083.02 1863121.894 1332115.008 162513.1885 199300.1212 299901.0192 282347.7506 359881.219 171050.0841 98.62814994 
25494.16953 80556.3613 54545.55291 63349.63898 425379.7497 622594.4961 699337.603 468728.4598 1104073.151 420567.2831 1390062.938 2481787.43 5071813.234 2016127.952 7199567.847 9179038.998 17120535.06 13514336.25 11025348.31 12239446.76 19942514.78 22847002.61 23261450.41 26462965.51 16338458.5 31761159.56 19863163.61 22762789.87 21034259.11 22657002.41 9085550.239 5284853.416 6544098.723 8434969.926 7010151.657 5241252.976 3201880.027 2774493.812 1798882.355 1976739.677 649287.5586 989838.4151 472890.5942 630183.1089 308707.768 428221.4222 345421.5814 158555.8523 88709.43298 0 
133614.0082 183954.5348 13751.08444 135211.5101 523695.0876 797168.8505 651952.6161 741490.8261 910230.2717 137034.3788 1822181.282 2549553.164 2771058.451 2310974.413 8934442.322 7701942.426 14272592.33 14117612.77 24898426.69 10644964.51 14169306.31 23365777.91 33724168.52 29462321.32 22935902.1 15526005.04 20976495.02 29974358.44 20720305.83 18613076.41 21054566.29 13655158.34 5756171.443 9045305.299 5399374.784 7250894.966 5943783.745 6722939.859 2524336.398 1445910.69 1131772.26 975155.529 651748.4424 686570.8649 624984.2408 437012.8216 275983.5353 259519.8904 159463.5813 0 
0 152131.9298 232909.7118 203779.8977 591837.7564 402157.7299 478490.6747 738499.6077 833666.2815 1344759.119 1709504.719 3565395.798 2989930.163 3572663.535 12165754.31 4288162.145 6558221.509 26182977.1 5602544.518 15426855.32 24921585.11 12115491.3 6151523.61 16673051.43 17331774.78 21632320.22 11380562.94 23582248.57 18976226.42 7770890.014 6020356.449 14897293.21 19150381.49 4137340.525 12480669.25 3719296.779 3406524.319 1528419.153 2414839.726 1286799.285 2511386.201 1590510.645 843463.6423 625720.5584 213275.2234 179983.9945 440483.8716 91080.32934 54021.23186 74495.5896 
31204.3757 6280.330342 54730.65116 192777.3167 456241.2296 831960.615 1068952.68 1474857.853 1506537.09 1312050.183 1312924.863 1647752.33 4590637.051 3366201.568 5005126.391 7423004.684 6117882.256 14822060.97 9919824.952 11817177.22 20815886.57 23429022.17 19329793.49 23478441.61 30037868.36 26553603.13 25821371.68 15778005.09 14653633.49 18255392.59 6707477.966 24509311.13 11298807.58 18471286.39 6681694.405 3174928.422 4930933.547 4107898.939 2030328.605 1134631.415 1650334.788 1562443.832 623880.8749 345935.3641 342087.5204 201854.7731 36271.4692 83266.04582 111312.0479 8492.051107 
79448.13143 42845.7138 228174.9014 197934.4997 387970.5303 352371.0843 418955.8866 1216489.176 930427.5454 1277891.063 1887396.866 1978568.037 4168336.922 4356985.473 6949464.156 11232016.22 3031648.744 4834131.006 17636515.16 34390980.46 24952766.97 9660446.771 34838810.6 24947673.74 18381076.77 15826190.71 20598594.36 43128347.37 24192188.22 22985167.14 26200949.86 20564072.07 12101315.86 20738519.1 3946305.713 5950439.463 4520058.409 4178993.651 1836671.151 2324206.312 2320950.825 1531294.993 861808.6802 895902.5559 784190.0367 457992.2324 189032.0263 37782.43615 178249.1439 2593.644867 
4.374839292e-56 117182.7124 242852.0296 99393.80781 126052.9176 558511.973 740113.8969 861876.5477 1199246.118 878071.1074 2524185.82 4309298.646 5155873.186 2363082.883 5394560.506 10483349.75 19693303.72 15036653.39 6326013.533 13903627.83 25824783.02 13742886.51 30821208.16 29793341.29 16289663.96 17817107.48 21760002.48 26490815.92 12685311.46 21719461.8 16795947.51 7312482.38 6298762.798 7801930.952 6190189.246 12710343.1 2629268.017 4870960.465 3092369.979 463196.9004 866011.3115 705891.9448 554858.3384 242688.1391 294109.1166 404403.1857 219161.2799 151413.5296 128286.7281 49229.97004 
15509.2702 63331.88966 224537.4192 260842.7518 547298.7994 283635.3832 321954.9594 1159349.611 646660.3633 2130435.495 1543598.766 5490402.84 884366.5712 4240798.915 5470464.747 6221509.096 5947207.029 14442637.46 22509279.86 14796582.24 31751687 9006323.316 15520786.15 15556750.43 24147359.74 25220103.23 23510043.46 27774553.31 14322036.53 24519525.4 8643822.932 19804323.98 8323330.125 11885692.13 5808393.231 6731439.534 3076866.307 3405419.565 1625361.143 1294121.144 818512.4484 1288390.96 923700.216 577520.7987 657993.212 224294.5409 53298.99511 113186.359 149413.977 139817.9495 
0 189099.6188 105188.4354 300628.4186 121006.2756 757969.5029 620608.0955 1670409.474 1199243.074 982069.3931 1963769.208 1963455.861 2563397.639 2026741.678 2639122.823 2971176.891 5385121.014 7661037.058 13069551.67 11652502.19 17841803.15 19759250.76 17524193.02 30308662.15 33687958.9 14602416.79 20793433.05 27201015.73 12822498.78 19120786.5 16187919.84 15066715.61 6901542.22 12378944.13 3004305.066 1402800.073 3694420.163 3257868.663 4381423.836 2522359.19 1024373.139 1207233.595 611012.689 548337.1639 358355.3252 185346.9703 238250.3624 236729.4191 118231.5111 47003.61467 
51599.29567 69900.90363 197666.0542 328232.4908 623419.9946 613235.1967 820036.0401 1299425.065 1556374.774 1258359.494 1584152.967 1172726.009 1244738.936 8726667.185 3867129.659 9063633.351 7538866.978 13481340.39 7887890.797 13671522.3 18169401.38 12162743.19 8585210.768 26563497.85 18601587.75 11886734.94 31806434.07 21255608.47 28343285.1 27114198.03 9523312.79 15856782.59 8873307.837 4985680.652 15561737.95 3003158.737 2380867.178 2629743.319 3327315.723 1567581.621 934281.5832 1129084.552 963166.9149 437974.7715 396775.2282 310843.727 206755.4384 189922.4201 60936.75369 116972.4356 
0 319580.9708 40357.84066 308355.2265 19162.73312 629072.8424 330888.496 508881.835 1003786.875 644935.5436 1810860.843 1631355.729 5481720.958 3349187.341 7586564.5 17427145.62 5516889.131 22068852.07 7735650.044 8702567.744 19527150.05 23978169.96 17619119.92 22637785.22 28373439.86 23600891.46 22541841.66 13830522.84 28028954.86 22637961.23 7838460.363 18078957.17 6089392.432 11692170.15 19287481.13 6182999.181 3174872.267 2860693.923 1346097.972 1886265.103 2686215.328 306897.7958 460609.2177 353560.451 361965.1846 284241.1546 174817.3262 128321.4203 14371.03408 44432.10865 
7291.550446 277723.6036 29919.63673 156820.5847 408854.8724 343985.6671 486690.6947 685129.2683 1243897.5 1165391.332 1274384.19 3101047.983 2224525.898 4808058.416 4796281.23 3404536.107 3471088.303 9048468.692 5526896.519 21614497.65 17090465.53 18802348.46 15071488.39 18679594.42 34980273.41 31901143.77 6835793.282 22158176.6 24235168.79 22270883.45 22747187.88 9579569.186 7679209.433 14716607.77 4750128.233 5797392.521 2792067.659 6406589.196 848778.5317 1913965.099 1465648.389 1787683.872 858570.2817 1101160.186 784773.9655 415087.1275 221991.5521 68551.45277 23712.40965 0 
0 137331.7626 194897.861 178857.6676 280915.4828 174034.2377 361607.2852 821113.4405 1935362.105 729265.3516 1023062.716 2876060.268 3408644.986 1763859.296 4000035.936 10497574.64 3813312.213 4357688.353 4034155.39 20140939.14 22144228.67 16686655.29 8007148.084 27399315.05 32847502.67 15975386.09 19059678.41 10805533.25 29167190.41 9036130.887 15697213.76 11049629.34 5991786.235 12750607.12 9920694.327 4535372.229 3524371.131 5702722.457 3246480.399 1224288.91 839815.6873 1086967.413 1182258.357 963196.3836 678791.673 181094.1764 10276.1788 51324.98077 7432.970589 74575.66653 
0 0 255129.4576 144916.583 176119.9466 71666.80616 154732.6747 1201358.64 1263250.048 593208.6693 945514.9415 2075562.467 3876637.792 3683368.655 2750804.039 3456426.144 6941247.065 8219923.407 10913474.21 29804199.14 16428806.74 10745772.42 14332040.61 11977403.36 18736402.09 19013050.53 18732254.66 24238268.65 20691442.56 14447154.44 8750522.078 19829114.79 6583506.471 3225129.425 6240491.819 2685440.706 5780538.523 785730.9016 2270351.09 2320558.755 1877376.12 1489881.256 798544.6732 409389.0247 9207.710344 205364.7023 161564.1124 99541.61097 89017.56295 28313.27902 
24369.1464 149724.8545 82369.24288 89459.67551 381078.2592 361669.4339 496019.5457 405691.7501 1380998.165 269227.1428 1656258.124 2843368.811 8039127.876 3122614.008 7030114.185 12362688.17 12761980.36 7409851.664 12571161.53 14126394.63 11719824.56 26636179.21 17345448.57 26898574.35 19844796.89 20996006.54 18213953.16 27334154.23 31707286.17 12387797.3 13885258.69 12943346.43 8414669.419 7498377.065 1338622.242 2688843.014 5230140.672 4654602.062 2479891.741 2405065.959 1533603.372 583802.3512 443093.5832 748493.9966 600712.9 386363.2146 17999.39793 42183.44855 156644.6437 167030.332 
10715.4566 213641.0192 36742.48571 127572.1692 380489.2247 443560.6055 67250.26635 160014.285 1880086.511 447910.2977 2327185.27 1837198.045 5542821.245 4334453.635 4323493.83 13879716.71 4392977.125 7147952.069 19449023.77 11378314.87 23501398.99 30181185.93 9012756.545 18216377.5 17953838.36 19118975.68 29338496.93 29300498.16 15569018.47 11613870.05 18977389.77 14508202.23 5891103.892 8020018.164 4495611.243 5836857.857 7251417.84 4165936.298 3686692.67 1445638.904 1077566.544 762813.3895 427192.9257 990256.7638 350053.9566 317980.5782 378428.16 94971.67962 147915.9119 181298.4388 
30290.6308 24097.73258 107911.9494 224566.5937 356764.5445 171557.9967 594451.5111 498038.9753 723505.269 1220727.286 1446954.575 1384781.42 3731637.693 2209660.225 4170989.43 5236998.893 10995209.73 6939457.513 19321379.53 10343723.27 34337397.9 23747342.32 21837738.47 20603676.75 28564856.97 7429029.17 23947769.25 6940624.05 27313780.81 13158589.31 9222517.486 19428730.05 8649707.081 21644360.2 3919821.656 3677499.054 713777.6358 1748623.975 1252468.394 3161422 1679279.535 1776418.46 718248.4462 568560.1346 481885.7608 298858.0497 10396.79485 49376.11259 182563.443 0 
0 34630.75133 51030.51252 336047.2033 612564.3056 513149.5098 698743.0007 717768.2918 1082546.791 1591281.919 1622630.374 1310668.257 2340481.484 4780798.715 6294955.712 4805624.496 6638366.644 25656064.63 12110503.93 27831687.29 15219136.56 21348922.86 25484051.37 20166762.62 11875521.87 15977624.11 19169994.56 11927980.34 21804025.09 7463736.233 27607704.96 17097851.55 8526398.771 10116730.15 4534979.023 12060538.76 2615183.707 3661489.69 3437835.036 2216981.264 1247162.85 1300968.589 762362.6399 198943.4479 72932.1273 325674.6749 69252.10062 68525.99341 64626.41766 31606.18358 
13743.33797 10089.14317 118433.8928 290694.6205 282751.7217 219568.4522 819492.497 303470.2471 1948533.008 589014.0514 1136362.326 1713820.235 2878245.245 4566099.07 3427023.76 8316032.731 6089888.014 11070823.84 6308158.021 5966592.568 4862359.274 12386114.83 25297429.59 21512555.32 26627406.42 15495185.63 16698940.34 32530007.21 25914505.17 29904926.46 19867038.73 5408554.987 8652373.524 7022231.273 6620101.527 5324665.895 5179519.499 1425904.088 3981803.308 2952487.501 1535529.4 855209.5767 372472.4792 787008.0476 760185.4157 207025.4665 99695.75478 77275.59966 0 8551.893251 
168374.4458 60786.51531 182865.0727 89340.04915 194431.472 468634.406 219335.3028 1023003.656 1208154.902 1138792.262 314570.3346 1639232.923 1520022.147 4290307.614 1736243.53 13214172.31 4953277.57 28738965.14 19115015.67 24409705.11 28956076.15 22554229.48 22289218.81 22471008.14 25061010.83 7009120.393 13038360.51 8075513.344 7369258.99 10235637.16 13894194.58 16831642.89 6120548.785 24561519.7 3733328.991 3162205.114 1550631.755 2057330.094 2400749.171 2108795.025 562411.7354 1556106.271 710671.3354 373695.1036 487884.3668 115187.8572 252984.0549 0 0 134917.0774 
124953.6579 8911.508496 5.194194334e-09 109119.6254 468694.5087 233157.4083 565367.8608 564747.12 1921660.95 1288344.524 657429.2787 1987747.028 1124736.899 4084276.031 4223072.684 4587205.743 5299794.881 3126119.545 20336035.3 9017095.109 15012920.64 22714448.82 15117866.57 10466216.64 5133625.219 26322853.94 7097387.329 5534973.306 27280259.5 21759125.06 33077733.53 7958586.557 3618829.941 13960109.42 12218019.28 5201452.346 7252627.859 2060453.061 1652419.129 1259756.642 1255836.005 1066508.335 298892.2765 735078.814 183882.3343 319765.0839 87767.11895 295311.6646 186060.1458 128073.9027 
89323.70411 104133.8355 271409.5261 403285.2501 188540.6311 599389.4913 350204.0432 1504571.734 1081926.21 1534238.916 1508839.792 1637628.253 2051404.881 2343426.084 5785048.777 8035502.433 5627394.003 6645436.468 11120320 16033519.86 23688609.36 4267561.374 11324795.21 6153700.79 17267389.9 21648651.25 9205949.306 5821420.337 27467976.61 2965473.481 7304791.562 8042805.696 7318035.261 6651165.288 8248109.539 17595633.36 2384192.306 2667519.782 791602.1099 785941.5012 1373882.721 1179546.206 732650.8223 229421.5942 491469.83 9.963141391e-43 216445.7666 217248.5709 10940.99183 0 
0 15404.12897 129383.0641 155946.8907 107575.1785 175136.4971 610775.0585 422579.7616 1789944.935 1297020.256 1204814.553 1508937.98 2761599.326 6520721.467 3531365.286 9380051.018 5405592.785 8093423.836 6366197.592 9470245.665 8162507.669 13092608.01 27096702.98 15912896.4 16719451.73 18568964 4154222.51 5900851.058 17491689.93 5148835.378 6918835.288 3308902.29 9592896.127 5549947.679 3232795.939 3995413.174 2574096.396 4344455.54 1151720.869 913662.5525 1858019.728 740392.1051 908053.2084 322396.4948 225803.0286 361411.5789 156897.2366 206344.4848 204324.0047 7507.529701 
0 199714.4918 165146.303 83529.45702 131545.382 184747.1466 364439.885 434480.337 990197.761 497322.6801 1891003.227 321107.8686 1269457.47 5580432.972 4711657.993 5626586.989 4666221.087 8846419.582 5888503.835 6569342.317 9560159.365 23009680.79 6158943.222 12762035.35 2403420.117 10653173.92 18047735.8 7948575.531 2929673.313 8231222.211 4118642.295 5188630.114 5673241.953 8850931.059 3963030.9 2408461.356 2873733.681 1004731.864 1918582.409 1617008.593 2074382.138 801807.1847 1062737.517 589069.1039 367917.7624 83738.14085 8.757141752e-13 62265.01875 24465.59002 29834.01783 
0 164685.6281 226676.0546 156978.1604 229075.7506 677484.1178 297246.5973 443470.518 476397.2468 923157.6972 639723.9432 1199338.583 1177545.052 6616030.318 1328346.936 2794580.184 3911393.671 4329402.429 16756295.9 7197209.389 3890399.591 23827833.67 18450402.34 12541340.56 14796024.03 4316211.561 11193192.68 8608522.041 5655050.54 6090352.665 1825403.257 3530120.355 1957897.003 11415494.67 2956369.864 2016694.948 5121804.722 1579552.836 2063913.183 389560.5453 1639025.811 761735.2059 73284.82425 549145.2291 743688.0122 131852.2558 128038.086 138474.8159 10621.6876 87567.61146 
93977.41095 11848.05268 6327.89642 117639.465 119496.9064 160247.9265 461574.1324 622801.07 1419611.079 250812.4227 998626.6194 2228071.557 4087225.353 3044828.412 2577055.038 4474177.92 7057047.733 5527529.133 7591160.691 5527576.704 3425258.984 9417045.19 24496352.14 19915000.81 7473438.609 6872813.229 14917302.01 6481542.012 17444007.49 8210316.356 6061881.375 9710168.293 10310667.02 2363780.898 7277075.583 3892920.93 1528847.759 2483486.211 1608594.024 652803.033 979000.5047 604260.1741 1033091.053 459272.9548 354267.3377 197765.1562 218357.0372 64233.31222 112449.5542 0 
0 53461.99743 4.309617516e-66 8612.618609 245757.138 153497.4855 211886.1673 485331.114 335393.9042 836670.1472 861430.705 1727205.499 3016876.501 2554632.868 1896884.024 3122481.496 2843349.263 2395616.509 5669900.526 10472564.22 3305135.585 7377093.961 3523241.959 6625675.83 8908471.59 11521060.47 18635798.28 16841480.13 4206686.479 7114440.987 1530477.297 13615282.45 3937909.278 9754013.615 2590340.708 1882633.079 654903.5615 1311038.043 602038.0648 681637.4037 688277.943 692937.6059 805124.4057 520682.8495 209637.2869 42727.57109 233618.2813 64352.00571 7041.400846 0 
61037.24167 140155.8821 33735.31447 275530.0822 156122.0144 106136.9071 459465.8833 400915.6396 781852.7143 1225930.714 1382909.348 991395.3844 2794389.553 1959666.821 1865410.336 421620.9196 1861071.037 1234669.576 4161343.897 4779137.795 2331098.74 6249353.842 8879001.199 9578861.6 11875573.39 5143872.945 4063763.001 12282141.14 16696063.19 2577823.84 3068906.967 3021457.715 1879872.34 2553532.381 2886519.512 1132296.021 2188337.318 1086454.996 2249551.968 1246084.629 506341.5899 128399.4493 370439.0139 106526.2177 101517.4601 169566.8417 86999.47172 20235.86623 3.451143311e-20 0 
0 0 181508.9296 120879.085 55724.91659 25744.31634 94807.72306 746660.9282 128597.1902 643845.3044 1745570.597 1008691.177 989798.0127 6017153.839 2091887.317 1013725.98 1979791.577 11201277.96 7092847.369 4067000.746 8293563.642 5588789.064 3871768.012 6834072.061 10440289.74 2787183.075 2669668.451 8540232.139 2569596.9 4700636.987 9047011.36 1923672.047 4599029.13 3083656.154 2770336.537 928701.9558 2336150.034 1728188.2 1807287.21 960145.2387 546857.8555 972528.6429 879525.3626 360832.3282 169452.0158 269605.0906 0 63013.96678 137057.6379 0 
28831.97748 21705.51336 170295.3365 330132.5137 490858.2752 261549.4767 189812.7601 384776.1209 402165.0146 203500.2932 1678341.136 892161.8409 411247.805 2484123.803 1381772.602 3274023.734 3578443.984 3819328.846 2845993.669 2601027.273 6039478.14 2969803.738 4701600.864 2307974.64 7485724.918 1944351.16 6205293.469 6789418.494 3930826.384 3574708.558 2956245.404 2992736.843 3330073.253 3273500.014 2659636.683 754251.6402 3847740.607 2762262.024 889007.4917 1630982.921 904510.6979 827962.1014 829407.841 124990.1969 72393.49012 58306.79174 236776.5391 223953.9591 113200.9263 0 
# Events [PSD_full/PSD_full.dat] N:
1 3 2 1 3 7 8 7 3 12 12 16 26 26 20 33 38 36 39 43 43 44 36 40 42 51 42 51 53 37 53 40 40 39 29 26 29 13 21 11 8 12 6 7 4 6 2 1 2 0 
3 1 4 3 5 8 8 16 18 10 17 20 18 27 36 36 42 31 36 43 42 46 51 45 52 49 55 52 42 46 47 56 39 35 39 31 24 22 17 15 10 9 7 7 8 3 3 5 1 0 
0 1 0 5 3 5 4 8 10 16 13 20 15 28 25 31 44 34 24 46 35 53 53 54 61 60 55 51 63 39 40 45 43 25 36 30 28 22 24 15 14 14 7 5 3 3 4 3 0 0 
0 0 2 6 3 8 12 9 18 16 18 18 24 27 37 27 39 53 42 58 58 50 52 62 39 47 55 57 56 44 38 43 54 36 35 37 29 24 19 20 9 13 10 6 7 5 3 2 1 1 
0 0 3 1 7 6 10 4 15 16 17 21 24 37 37 29 54 53 47 40 34 57 70 53 62 49 48 63 64 67 48 49 48 28 34 34 24 33 23 20 17 13 19 8 10 2 3 3 1 0 
2 0 3 2 7 8 3 10 18 18 23 25 29 29 39 46 37 44 37 64 51 62 53 54 64 61 60 58 49 50 47 38 41 36 34 45 45 26 25 17 7 15 13 12 6 5 3 3 1 1 
2 0 0 5 8 11 8 9 16 13 25 31 38 26 33 39 46 48 63 61 42 56 66 59 71 66 60 60 61 61 58 57 52 42 46 39 27 26 24 11 17 21 16 10 11 9 3 2 1 1 
0 1 5 5 2 4 10 11 12 11 28 23 33 33 34 53 45 48 69 56 62 69 60 68 61 68 72 72 56 70 64 52 65 49 43 44 29 39 22 25 20 11 11 8 8 4 2 1 1 0 
1 2 3 3 10 10 10 14 17 15 26 32 26 33 50 42 47 38 69 66 68 68 81 61 79 72 75 89 55 63 57 41 58 37 39 29 26 21 26 29 18 25 8 11 10 7 6 0 4 0 
1 4 3 6 11 9 14 13 19 26 24 32 35 40 27 55 41 63 58 68 78 65 65 74 70 66 65 61 81 69 66 67 48 56 39 42 33 37 30 36 22 22 15 16 9 8 3 5 4 2 
3 5 3 5 10 7 8 17 23 30 30 13 34 45 38 50 56 58 72 61 79 79 68 64 63 72 63 87 69 71 70 47 47 57 47 46 40 30 30 20 22 13 20 9 7 9 3 3 1 0 
1 2 4 1 5 13 9 3 19 22 25 28 28 38 43 60 62 70 79 64 82 90 84 77 86 80 71 70 88 74 61 65 54 47 53 52 41 43 48 22 21 21 12 7 9 7 4 0 1 0 
0 3 3 2 12 15 17 10 19 24 36 36 36 46 48 53 59 63 78 52 87 79 73 86 83 72 69 93 77 95 81 66 55 46 54 41 37 36 30 30 28 22 18 14 10 6 5 8 4 3 
0 4 5 8 6 13 10 15 16 29 32 34 32 47 59 50 74 53 61 75 89 89 75 79 90 71 66 80 87 67 70 75 61 53 45 38 42 33 35 32 16 21 11 9 14 4 8 5 1 1 
3 0 6 5 7 11 13 19 22 22 31 26 44 36 51 62 57 74 65 86 78 77 78 92 87 85 68 81 92 71 69 72 64 65 61 46 42 43 26 44 29 26 12 20 13 10 3 3 3 0 
1 1 8 6 13 17 17 12 17 18 37 34 45 48 39 66 65 58 76 68 66 81 84 76 71 83 80 93 71 67 84 71 66 48 59 59 48 42 37 18 28 25 17 19 11 10 4 7 1 4 
0 1 4 6 8 12 17 12 24 15 20 35 51 43 55 56 59 67 67 71 96 76 75 91 101 78 79 88 87 77 93 86 60 71 56 46 45 40 41 27 25 17 13 12 11 14 12 1 0 1 
0 1 1 11 12 15 13 20 31 38 38 41 45 47 59 61 72 72 71 77 89 72 96 75 116 94 95 90 98 88 84 92 55 68 79 53 45 45 41 38 26 21 14 20 9 10 7 6 6 1 
1 3 3 9 11 9 8 16 19 36 29 40 45 53 48 54 55 68 83 84 91 87 89 96 97 93 78 92 91 86 78 75 77 63 57 57 36 37 30 45 33 22 15 15 8 8 9 5 1 1 
3 2 6 6 9 11 13 23 31 31 42 30 44 49 56 72 55 75 85 70 68 87 96 86 108 86 98 93 91 84 73 85 64 67 65 59 54 44 41 38 27 23 15 13 12 8 7 8 4 3 
3 3 6 3 14 10 13 16 28 26 24 33 30 52 52 48 49 72 73 89 92 81 98 102 104 109 94 113 97 98 89 78 77 69 71 46 49 39 36 29 28 33 23 10 14 9 7 9 4 2 
2 2 4 4 9 14 20 17 30 30 36 34 53 57 54 61 61 82 78 73 88 91 109 103 88 118 93 84 79 89 81 95 88 57 61 54 39 44 46 29 21 24 17 16 11 7 8 8 2 0 
2 9 2 3 7 12 17 15 22 14 33 41 37 46 59 61 72 67 75 78 80 102 102 109 90 102 105 101 92 100 85 78 77 71 57 66 48 54 44 35 29 21 27 8 7 10 6 6 4 0 
0 7 4 6 11 8 18 23 24 31 26 45 42 46 65 63 58 86 83 83 88 85 83 95 95 86 102 95 103 84 79 73 72 77 61 60 45 34 36 27 19 29 22 20 5 11 10 6 3 2 
1 1 5 8 12 16 23 15 19 31 38 39 50 37 53 70 84 89 76 94 97 111 99 112 99 103 84 90 102 94 69 81 62 83 43 52 49 42 42 32 27 28 19 11 15 6 6 6 1 1 
1 3 5 7 10 13 23 23 29 17 31 44 45 41 57 57 62 73 78 89 85 97 102 114 92 84 104 105 92 99 79 79 60 55 60 55 51 42 31 42 33 26 18 18 16 14 3 3 2 1 
1 6 10 4 11 14 24 13 15 24 38 49 40 41 58 60 57 82 63 69 85 98 88 106 108 100 78 90 96 101 88 67 64 58 65 58 49 44 28 28 25 28 19 9 9 8 5 2 4 3 
2 3 3 10 12 12 13 25 27 35 39 50 35 47 60 60 63 78 80 84 72 101 86 84 99 98 102 87 94 80 70 92 81 63 52 51 46 36 37 40 19 25 21 12 18 13 5 4 4 3 
0 5 6 8 5 16 16 16 18 22 44 36 40 40 50 67 48 65 90 91 74 92 78 85 107 99 94 81 89 95 103 58 74 62 62 49 49 43 48 35 29 23 22 11 10 7 7 5 5 1 
1 4 6 9 13 14 17 25 20 26 36 28 35 55 49 63 58 63 78 90 85 96 79 91 100 99 100 106 89 85 86 68 65 65 61 54 48 49 46 24 22 18 16 9 8 9 7 6 4 3 
0 5 2 6 3 14 10 17 23 22 31 41 48 46 50 63 66 68 59 82 92 108 85 90 103 91 92 86 94 109 92 90 72 62 68 59 57 48 48 28 28 15 15 18 10 11 8 1 1 2 
1 7 5 5 13 14 14 20 24 28 26 32 39 45 57 58 50 70 69 88 100 83 86 70 105 93 92 100 80 85 92 80 59 68 60 48 46 50 39 30 32 27 15 16 22 7 8 4 1 0 
0 2 6 8 7 10 12 20 29 29 31 44 38 37 57 60 49 65 71 78 90 106 109 83 78 82 94 86 105 54 83 88 73 53 55 59 49 26 41 35 24 21 22 19 11 11 1 1 1 2 
0 0 5 10 7 7 12 19 31 20 31 30 35 51 33 51 58 63 68 72 93 88 102 80 93 80 85 93 81 86 86 83 73 62 64 48 45 29 42 29 33 19 17 19 2 8 6 7 2 1 
2 4 5 6 6 9 13 21 25 21 33 38 39 39 49 60 67 64 57 81 61 84 80 88 61 82 83 96 76 84 77 65 80 71 44 46 48 27 29 32 27 22 10 12 12 10 3 6 6 3 
1 2 3 6 8 9 7 15 20 18 34 39 48 42 55 50 58 66 88 81 77 92 70 88 85 83 89 82 59 76 84 82 64 67 46 55 33 25 26 21 31 21 18 16 11 11 8 6 3 2 
1 3 6 6 9 8 13 19 23 23 35 28 45 44 52 47 58 74 65 76 78 93 79 82 84 86 76 87 85 77 78 58 57 53 53 49 28 49 38 31 25 18 13 13 9 6 2 3 6 0 
0 1 4 6 7 11 14 20 18 20 22 27 26 44 48 58 49 72 70 63 79 89 88 82 83 94 69 70 79 69 74 63 50 75 55 43 45 32 36 29 20 12 10 11 5 8 7 3 2 2 
2 1 5 8 6 8 8 12 23 21 32 28 25 45 47 41 45 69 61 57 78 81 82 91 68 84 73 83 83 73 71 58 70 59 38 49 41 32 34 35 27 18 13 14 11 7 3 8 0 1 
3 4 1 4 7 16 10 15 17 18 20 23 32 40 49 52 46 63 68 65 78 63 85 76 67 65 89 75 89 64 55 69 49 69 36 44 38 32 27 18 15 21 13 14 8 5 3 0 0 2 
2 2 1 3 4 10 8 15 18 19 21 27 27 51 35 31 51 37 62 75 77 66 80 69 76 78 60 55 64 71 74 56 61 33 45 43 35 31 27 25 29 12 12 11 9 10 4 4 3 2 
1 5 2 7 5 15 16 13 21 26 22 33 32 42 46 34 58 63 60 60 67 66 70 67 73 67 91 72 63 65 50 48 51 44 42 43 32 38 26 26 18 22 17 10 11 1 6 1 2 0 
0 2 3 9 4 8 12 10 13 17 27 27 23 38 47 37 44 57 42 47 49 52 59 75 64 63 76 69 72 78 45 55 54 50 48 37 34 25 31 26 18 15 12 12 5 11 6 1 3 1 
0 2 4 3 4 7 4 9 18 20 29 15 24 28 31 45 55 51 62 62 50 58 43 59 63 56 62 70 54 62 61 52 44 53 47 40 33 28 33 16 20 16 8 12 11 5 2 1 2 1 
0 3 9 9 6 8 6 9 12 12 19 21 31 30 31 37 42 46 41 55 58 60 62 70 66 55 74 59 65 55 43 32 43 44 37 27 29 28 28 15 18 11 8 8 9 5 2 1 2 2 
1 1 1 4 2 5 8 7 25 11 20 24 25 26 34 42 32 44 43 65 41 73 58 58 69 63 52 58 53 54 44 52 39 30 37 36 19 28 23 17 14 20 15 8 8 7 9 1 1 0 
0 2 1 1 7 5 9 8 17 13 13 22 32 19 33 39 35 37 52 39 55 52 43 64 48 58 71 61 55 47 36 51 41 33 33 35 26 23 27 15 5 13 9 9 4 4 4 3 1 0 
1 2 1 5 3 3 9 10 12 14 20 14 27 25 27 33 40 43 41 49 46 52 51 44 59 67 38 57 54 36 38 36 45 37 33 26 28 20 28 17 18 13 7 8 3 5 2 3 1 0 
0 0 2 4 2 3 6 9 5 13 19 16 18 38 29 32 37 43 48 40 42 48 51 54 45 43 56 56 61 55 36 42 28 37 33 23 24 22 17 14 13 10 8 6 7 9 0 4 2 0 
1 1 3 6 7 6 9 11 8 10 15 13 21 25 26 27 33 31 40 43 62 37 42 48 43 39 46 34 43 36 40 39 32 29 29 30 17 21 18 18 15 12 5 4 4 3 3 4 3 0 
