# Format: McCode with text headers
# URL: http://www.mccode.org
# Creator:  3.5.2, git
# Instrument: Airport_scannerII.instr
# Ncount: 1000000
# Trace: no
# Gravitation: no
# Seed: 1728639371998144
# Directory: Scan_Src_Quasi/6
# Param: SFILE=input_abs_objects_template.dat
# Param: ANGLE=0
# Param: posX=-0.45
# Param: posY=-0.3
# Param: posZ=0
# Param: Ncount=0
# Date: Fri Oct 11 09:36:16 2024 (1728639376)
# type: array_1d(101)
# Source: Airp_scannerII (Airport_scannerII.instr)
# component: emon
# position: 0 0 0.11
# title: Energy monitor
# Ncount: 1000000
# filename: emon.dat
# statistics: X0=70.0532; dX=39.8592;
# signal: Min=0; Max=0.014612; Mean=0.00990099;
# values: 1 0.001 1e+06
# xvar: E
# yvar: (I,I_err)
# xlabel: Energy [keV]
# ylabel: Intensity
# xlimits: 0 200
# variables: E I I_err N
0.9900990099 0.007166 8.465222974e-05 7166 
2.97029703 0.014415 0.0001200624837 14415 
4.95049505 0.014571 0.0001207103972 14571 
6.930693069 0.014408 0.0001200333287 14408 
8.910891089 0.01431 0.0001196244122 14310 
10.89108911 0.014155 0.0001189747872 14155 
12.87128713 0.014259 0.0001194110548 14259 
14.85148515 0.014304 0.0001195993311 14304 
16.83168317 0.014423 0.0001200957951 14423 
18.81188119 0.014379 0.0001199124681 14379 
20.79207921 0.014177 0.0001190672079 14177 
22.77227723 0.014359 0.0001198290449 14359 
24.75247525 0.014333 0.0001197205079 14333 
26.73267327 0.014365 0.0001198540779 14365 
28.71287129 0.014245 0.0001193524193 14245 
30.69306931 0.014299 0.0001195784261 14299 
32.67326733 0.014235 0.0001193105192 14235 
34.65346535 0.014275 0.0001194780315 14275 
36.63366337 0.014325 0.000119687092 14325 
38.61386139 0.014176 0.0001190630085 14176 
40.59405941 0.014305 0.0001196035117 14305 
42.57425743 0.014315 0.0001196453091 14315 
44.55445545 0.014316 0.0001196494881 14316 
46.53465347 0.014355 0.0001198123533 14355 
48.51485149 0.014376 0.0001198999583 14376 
50.4950495 0.014231 0.0001192937551 14231 
52.47524752 0.014155 0.0001189747872 14155 
54.45544554 0.014413 0.0001200541544 14413 
56.43564356 0.014483 0.0001203453364 14483 
58.41584158 0.014485 0.0001203536456 14485 
60.3960396 0.014372 0.0001198832766 14372 
62.37623762 0.014445 0.0001201873537 14445 
64.35643564 0.014148 0.0001189453656 14148 
66.33663366 0.014183 0.0001190924011 14183 
68.31683168 0.014327 0.0001196954469 14327 
70.2970297 0.01446 0.0001202497401 14460 
72.27722772 0.014371 0.0001198791058 14371 
74.25742574 0.014564 0.0001206813987 14564 
76.23762376 0.014448 0.0001201998336 14448 
78.21782178 0.014353 0.0001198040066 14353 
80.1980198 0.014055 0.0001185537853 14055 
82.17821782 0.014279 0.0001194947698 14279 
84.15841584 0.014299 0.0001195784261 14299 
86.13861386 0.014382 0.0001199249765 14382 
88.11881188 0.014316 0.0001196494881 14316 
90.0990099 0.01444 0.0001201665511 14440 
92.07920792 0.014375 0.0001198957881 14375 
94.05940594 0.014459 0.000120245582 14459 
96.03960396 0.014246 0.0001193566085 14246 
98.01980198 0.014425 0.0001201041215 14425 
100 0.014492 0.000120382723 14492 
101.980198 0.014491 0.0001203785695 14491 
103.960396 0.014237 0.0001193189004 14237 
105.9405941 0.01435 0.0001197914855 14350 
107.9207921 0.014257 0.00011940268 14257 
109.9009901 0.014507 0.0001204450082 14507 
111.8811881 0.014188 0.0001191133914 14188 
113.8613861 0.014492 0.000120382723 14492 
115.8415842 0.014431 0.0001201290972 14431 
117.8217822 0.014406 0.0001200249974 14406 
119.8019802 0.014327 0.0001196954469 14327 
121.7821782 0.014485 0.0001203536456 14485 
123.7623762 0.014366 0.0001198582496 14366 
125.7425743 0.014278 0.0001194905854 14278 
127.7227723 0.014322 0.0001196745587 14322 
129.7029703 0.014215 0.0001192266749 14215 
131.6831683 0.014612 0.0001208801059 14612 
133.6633663 0.014507 0.0001204450082 14507 
135.6435644 0.014397 0.0001199874993 14397 
137.6237624 0.01429 0.000119540788 14290 
139.6039604 0.00279 5.282045058e-05 2790 
141.5841584 0 0 0 
143.5643564 0 0 0 
145.5445545 0 0 0 
147.5247525 0 0 0 
149.5049505 0 0 0 
151.4851485 0 0 0 
153.4653465 0 0 0 
155.4455446 0 0 0 
157.4257426 0 0 0 
159.4059406 0 0 0 
161.3861386 0 0 0 
163.3663366 0 0 0 
165.3465347 0 0 0 
167.3267327 0 0 0 
169.3069307 0 0 0 
171.2871287 0 0 0 
173.2673267 0 0 0 
175.2475248 0 0 0 
177.2277228 0 0 0 
179.2079208 0 0 0 
181.1881188 0 0 0 
183.1683168 0 0 0 
185.1485149 0 0 0 
187.1287129 0 0 0 
189.1089109 0 0 0 
191.0891089 0 0 0 
193.0693069 0 0 0 
195.049505 0 0 0 
197.029703 0 0 0 
199.009901 0 0 0 
