# Format: McCode with text headers
# URL: http://www.mccode.org
# Creator:  3.5.2, git
# Instrument: templateSANS2.instr
# Ncount: 833333
# Trace: no
# Gravitation: no
# Seed: 1728480831807573
# Directory: R_scan/10
# Nodes: 12
# Param: lambda=6
# Param: dlambda=0.6
# Param: r=550
# Param: PHI=0.001
# Param: Delta_Rho=6e+10
# Param: frac_dir=0.03
# Param: frac_inc=0.01
# Param: slit1=0.02
# Param: slit2=0.02
# Param: LC=3
# Param: LD=3
# Date: Wed Oct  9 15:33:54 2024 (1728480834)
# type: array_1d(1000)
# Source: templateSANS2 (templateSANS2.instr)
# component: Ldetector
# position: 0 0 6.2
# title: Wavelength monitor
# Ncount: 9999996
# filename: Edet.dat
# statistics: X0=6.02739; dX=0.287608;
# signal: Min=0.0292159; Max=0.0428713; Mean=0.0356838;
# values: 35.6838 0.008972 5.52353e+07
# xvar: L
# yvar: (I,I_err)
# xlabel: Wavelength [AA]
# ylabel: Intensity
# xlimits: 5.5 6.5
# variables: L I I_err N
5.5005 0.03023457189 0.0002393845647 55727 
5.5015 0.02967286997 0.0002371924534 54868 
5.5025 0.02936689935 0.0002363564887 53877 
5.5035 0.02989057309 0.0002382779968 54887 
5.5045 0.03050526772 0.000240715434 56619 
5.5055 0.03002162234 0.0002387033279 55373 
5.5065 0.03025807593 0.0002393200837 55825 
5.5075 0.03022503115 0.0002399593095 54732 
5.5085 0.03054551129 0.000240336068 56053 
5.5095 0.02964593287 0.000237645531 54033 
5.5105 0.02989632994 0.0002377345274 55579 
5.5115 0.03041629322 0.0002408461517 55286 
5.5125 0.03038276542 0.0002401534072 55958 
5.5135 0.02996832666 0.0002380893473 55572 
5.5145 0.03036887173 0.0002406595869 55969 
5.5155 0.03135892702 0.0002450453184 56822 
5.5165 0.03005668936 0.000239316289 55153 
5.5175 0.03000640543 0.0002390432176 54990 
5.5185 0.02982816973 0.0002386495235 54856 
5.5195 0.03019526433 0.0002402702481 55086 
5.5205 0.03050342998 0.0002423693639 54968 
5.5215 0.03003173982 0.0002391187757 54851 
5.5225 0.03021329845 0.000240263021 55132 
5.5235 0.02921587593 0.0002357471321 53831 
5.5245 0.0301424453 0.0002398796701 55158 
5.5255 0.0301884778 0.0002407079526 54790 
5.5265 0.03002269739 0.0002397110465 54958 
5.5275 0.02959427014 0.0002379418334 54031 
5.5285 0.02991597226 0.0002392001413 55045 
5.5295 0.03036875421 0.0002413076136 55638 
5.5305 0.03021444653 0.0002402213927 54845 
5.5315 0.02995346135 0.000239241987 54984 
5.5325 0.03056790592 0.0002417788421 55764 
5.5335 0.03030403269 0.0002410125995 55216 
5.5345 0.03097411642 0.0002442108209 56421 
5.5355 0.03086570384 0.0002431997519 56519 
5.5365 0.03041668866 0.0002414324823 55616 
5.5375 0.02992595627 0.000239508709 54761 
5.5385 0.02984186152 0.000239011199 54512 
5.5395 0.03118059768 0.0002457294899 55817 
5.5405 0.03075342829 0.0002431463347 55809 
5.5415 0.0302256874 0.0002414901502 55023 
5.5425 0.03027271181 0.0002415570951 55049 
5.5435 0.03039088379 0.0002415041173 55673 
5.5445 0.0299020736 0.0002398421132 54842 
5.5455 0.03017914118 0.0002412475667 54771 
5.5465 0.03021229277 0.0002405786626 55748 
5.5475 0.03034869538 0.0002419458395 54844 
5.5485 0.03115184778 0.0002457726898 55922 
5.5495 0.03082215069 0.0002435253739 55865 
5.5505 0.03001703355 0.0002402221721 54704 
5.5515 0.03026748097 0.0002413384696 55374 
5.5525 0.03158005258 0.0002473874227 56623 
5.5535 0.03058374437 0.0002429489502 55378 
5.5545 0.03068186175 0.0002430743399 55898 
5.5555 0.03083870657 0.0002440976014 55817 
5.5565 0.03125044302 0.0002458660753 56762 
5.5575 0.03009549077 0.0002403506202 54569 
5.5585 0.03050475056 0.0002428920413 55299 
5.5595 0.0303164901 0.0002420372792 55029 
5.5605 0.03120377172 0.0002461507335 55777 
5.5615 0.03053027856 0.0002428989589 55332 
5.5625 0.03085540497 0.0002450111553 55511 
5.5635 0.03070100847 0.0002430709305 55993 
5.5645 0.03099871729 0.0002458048093 55115 
5.5655 0.03040986109 0.0002429192509 55216 
5.5665 0.03028131641 0.0002424971551 54437 
5.5675 0.03118236731 0.0002467317512 56028 
5.5685 0.03073806921 0.0002440763426 55407 
5.5695 0.0305642225 0.0002431513109 55073 
5.5705 0.03050697217 0.0002433414114 55394 
5.5715 0.03056120115 0.0002436683104 54998 
5.5725 0.03057950075 0.0002433840672 55289 
5.5735 0.03040553618 0.0002430768541 54804 
5.5745 0.03092513286 0.0002447022246 55527 
5.5755 0.0312814788 0.0002472796656 55967 
5.5765 0.0309819607 0.0002463109642 55090 
5.5775 0.0309469549 0.0002452128439 55447 
5.5785 0.0311451435 0.0002463323123 55680 
5.5795 0.03054277219 0.0002441636463 54876 
5.5805 0.03034802609 0.0002431393053 54367 
5.5815 0.03200083353 0.0002499018848 56835 
5.5825 0.03024284948 0.0002435532449 54347 
5.5835 0.03083890444 0.0002457015281 55199 
5.5845 0.03129448532 0.0002481332156 55512 
5.5855 0.03119884426 0.0002474857309 55484 
5.5865 0.03118789226 0.0002466725832 55836 
5.5875 0.03052745383 0.0002437450784 54916 
5.5885 0.03089916875 0.0002452506121 55485 
5.5895 0.03121742717 0.0002473433689 55526 
5.5905 0.03025696263 0.0002435361062 53864 
5.5915 0.03067854383 0.0002453151066 54900 
5.5925 0.03057580215 0.0002449829594 54373 
5.5935 0.03154406974 0.000249335165 55409 
5.5945 0.03077488046 0.0002452017091 54703 
5.5955 0.03070797817 0.0002452237114 54922 
5.5965 0.03034388148 0.0002429190973 54571 
5.5975 0.03101420632 0.000247219773 55007 
5.5985 0.03070809094 0.0002448652567 54847 
5.5995 0.03110911746 0.0002468345083 55572 
5.6005 0.0318880114 0.0002505478488 56123 
5.6015 0.03072164109 0.0002455758952 54510 
5.6025 0.03073492281 0.0002458617244 54614 
5.6035 0.03068175958 0.0002457582993 54213 
5.6045 0.03113003361 0.0002479131329 55057 
5.6055 0.03152367845 0.000249030981 55766 
5.6065 0.03121761408 0.0002481947596 54710 
5.6075 0.03163054747 0.0002491756357 56438 
5.6085 0.03146577879 0.0002489332179 55346 
5.6095 0.03117673472 0.0002480047409 55104 
5.6105 0.03125592857 0.000249453833 54300 
5.6115 0.03123322168 0.0002485611622 55087 
5.6125 0.0311157776 0.0002485926563 54533 
5.6135 0.03153945673 0.0002502441763 55047 
5.6145 0.03029923106 0.0002448467146 53717 
5.6155 0.03067610485 0.0002461388213 54469 
5.6165 0.03114460438 0.000248074914 55445 
5.6175 0.03091548594 0.0002472335887 54742 
5.6185 0.03151431775 0.000249577792 55935 
5.6195 0.03119187512 0.0002483347258 55046 
5.6205 0.0317514076 0.0002506730968 55871 
5.6215 0.0309573901 0.0002476714962 54748 
5.6225 0.03145552829 0.0002497796489 55064 
5.6235 0.03269644482 0.0002556348094 56591 
5.6245 0.03048912668 0.000246106076 54046 
5.6255 0.03120440202 0.0002489947472 54513 
5.6265 0.03035701916 0.0002443688882 54361 
5.6275 0.03136918552 0.0002498086928 55147 
5.6285 0.03084999105 0.0002468449435 55194 
5.6295 0.03028293877 0.0002458663001 53385 
5.6305 0.03147880784 0.0002499986061 55340 
5.6315 0.03127612999 0.0002491716499 55103 
5.6325 0.03115892345 0.0002490935657 54849 
5.6335 0.03238039749 0.0002542034157 56177 
5.6345 0.03108989209 0.0002490836 54629 
5.6355 0.0315386945 0.0002509547436 54906 
5.6365 0.03160676613 0.000251507131 54770 
5.6375 0.03155635553 0.0002506388983 55458 
5.6385 0.03162559008 0.0002510264451 55115 
5.6395 0.03195632097 0.000252627417 55605 
5.6405 0.0313678446 0.0002495495354 55679 
5.6415 0.0317734316 0.0002514098305 55847 
5.6425 0.03090143395 0.000248472532 54383 
5.6435 0.03112737515 0.0002496491924 54038 
5.6445 0.03207357508 0.0002533610949 55890 
5.6455 0.0316822101 0.0002512323956 55118 
5.6465 0.03196632264 0.0002527964812 55836 
5.6475 0.03183605036 0.0002525102181 54968 
5.6485 0.03101505379 0.0002492213811 54048 
5.6495 0.031761098 0.0002514685142 55518 
5.6505 0.03150957135 0.0002511261087 54703 
5.6515 0.03183139586 0.0002523626841 55483 
5.6525 0.03113868303 0.0002493132006 54172 
5.6535 0.03059984373 0.0002467960751 54221 
5.6545 0.03162256598 0.000251210854 55418 
5.6555 0.03167780743 0.0002518830353 55413 
5.6565 0.03142772278 0.0002513222371 54261 
5.6575 0.03189823145 0.0002537892419 54994 
5.6585 0.03205289655 0.0002544092329 55396 
5.6595 0.03179067584 0.0002528350957 55064 
5.6605 0.03222078787 0.0002545912193 55454 
5.6615 0.03143858694 0.0002508794152 54781 
5.6625 0.0319209697 0.0002521995356 56037 
5.6635 0.03219632459 0.000254659438 55565 
5.6645 0.03230056031 0.000255321119 55386 
5.6655 0.03159214301 0.0002524854629 54611 
5.6665 0.03178031025 0.0002528867917 54997 
5.6675 0.03200486701 0.000253863116 55088 
5.6685 0.03228594354 0.000255202103 55866 
5.6695 0.03242717993 0.000255797906 55952 
5.6705 0.03247520024 0.0002559948307 55876 
5.6715 0.03196010909 0.0002541627045 55027 
5.6725 0.03150726632 0.0002523533588 54556 
5.6735 0.03140068009 0.0002510276014 54736 
5.6745 0.03153030918 0.0002516808814 54706 
5.6755 0.03134037253 0.0002509905079 54548 
5.6765 0.03267033846 0.0002571271997 56148 
5.6775 0.03103801245 0.0002506644993 53892 
5.6785 0.03190551828 0.0002542675028 55123 
5.6795 0.03176852213 0.000253581378 54818 
5.6805 0.03221597701 0.0002554049209 55307 
5.6815 0.03267150319 0.0002571669192 55983 
5.6825 0.03175340128 0.0002528628533 54571 
5.6835 0.03227755749 0.0002555791033 55653 
5.6845 0.03159591808 0.0002527324032 54859 
5.6855 0.03198364591 0.0002542319861 55236 
5.6865 0.03221338669 0.0002552229941 55509 
5.6875 0.03267964412 0.0002577142514 56122 
5.6885 0.03178701978 0.0002539267628 54587 
5.6895 0.03217298229 0.0002554710708 55646 
5.6905 0.03169980335 0.0002533823473 54321 
5.6915 0.03223206686 0.0002566918631 54789 
5.6925 0.03258190358 0.0002578190648 55619 
5.6935 0.03235873794 0.0002563993781 55744 
5.6945 0.03218883712 0.0002555531733 54809 
5.6955 0.03246818621 0.0002574582157 55508 
5.6965 0.03225054869 0.0002560807226 55112 
5.6975 0.03226302205 0.0002566980772 55356 
5.6985 0.03281675115 0.0002588611575 55741 
5.6995 0.03249474821 0.0002577450126 55261 
5.7005 0.0319683029 0.0002553631521 54586 
5.7015 0.03247319916 0.000257256124 55664 
5.7025 0.03295697844 0.0002598848537 55855 
5.7035 0.03270624207 0.0002578829251 56264 
5.7045 0.03193036553 0.0002549635964 55243 
5.7055 0.03245910716 0.0002573536673 55402 
5.7065 0.03211539693 0.0002563277177 54701 
5.7075 0.03246456284 0.0002572035684 55725 
5.7085 0.03163089257 0.000254481585 53978 
5.7095 0.03249872128 0.0002577941457 55107 
5.7105 0.03261212304 0.0002590700674 55010 
5.7115 0.03265524115 0.0002584208483 55166 
5.7125 0.03314066787 0.0002609215759 55899 
5.7135 0.03206906833 0.0002561496122 54711 
5.7145 0.03250913723 0.0002573027882 55991 
5.7155 0.03236403151 0.0002574473135 55087 
5.7165 0.03224158143 0.0002564452293 55530 
5.7175 0.03280492295 0.0002596024335 55749 
5.7185 0.03211666847 0.0002561318959 54979 
5.7195 0.03288682662 0.0002591467745 55885 
5.7205 0.03244135611 0.0002582074608 55109 
5.7215 0.03247438695 0.0002581023769 55204 
5.7225 0.03224734518 0.0002574548218 55150 
5.7235 0.03174906423 0.0002550773583 54345 
5.7245 0.03219839468 0.0002571964532 54429 
5.7255 0.03232532666 0.0002582864392 54277 
5.7265 0.03195758271 0.0002564844926 54159 
5.7275 0.0338667782 0.0002642584944 56243 
5.7285 0.03185136972 0.0002554920014 54008 
5.7295 0.03200761394 0.0002563611525 54751 
5.7305 0.03219691293 0.0002575793611 54698 
5.7315 0.03303424249 0.0002601044259 55962 
5.7325 0.03286495414 0.0002606844481 55082 
5.7335 0.03289150026 0.000260478372 55196 
5.7345 0.03258508451 0.000259692741 54507 
5.7355 0.03324695547 0.0002617826648 55740 
5.7365 0.03204864323 0.0002565102885 54264 
5.7375 0.03210778959 0.0002574341418 54482 
5.7385 0.03189688221 0.0002565477204 53994 
5.7395 0.03281951842 0.0002609082034 54684 
5.7405 0.03305221959 0.0002616323271 55172 
5.7415 0.03354011247 0.0002638151079 55726 
5.7425 0.03286120354 0.000262131653 54572 
5.7435 0.03319862363 0.0002625244692 55818 
5.7445 0.03226720044 0.0002577267892 54768 
5.7455 0.03285509337 0.0002609465109 55134 
5.7465 0.03250590099 0.0002594430663 55114 
5.7475 0.03229957273 0.0002578592223 54182 
5.7485 0.03209942506 0.0002574088712 54515 
5.7495 0.0329699983 0.0002613743676 54981 
5.7505 0.03224356076 0.0002584383597 54229 
5.7515 0.03275202803 0.0002611632143 54539 
5.7525 0.03334513527 0.0002634261017 55789 
5.7535 0.033112082 0.0002623931053 55245 
5.7545 0.03265977534 0.0002603857828 54882 
5.7555 0.03309158878 0.0002621381048 55127 
5.7565 0.03347024794 0.0002641074038 55780 
5.7575 0.03262968269 0.0002605451216 53914 
5.7585 0.03252236882 0.0002603219755 54448 
5.7595 0.03292091322 0.0002623739095 54527 
5.7605 0.03281538467 0.0002614475798 54594 
5.7615 0.03326434282 0.000263026868 55706 
5.7625 0.03303352851 0.0002619991201 55344 
5.7635 0.03277684142 0.0002611339803 54768 
5.7645 0.03194225766 0.0002567276746 54084 
5.7655 0.03284039562 0.0002619854298 54646 
5.7665 0.03245340965 0.0002606241087 54238 
5.7675 0.03313139172 0.0002625613262 55770 
5.7685 0.03384081925 0.0002658064101 55717 
5.7695 0.03311770346 0.0002628695177 54899 
5.7705 0.0323165489 0.0002591984881 54410 
5.7715 0.03353181464 0.0002651983032 54975 
5.7725 0.03247355629 0.000259447884 54614 
5.7735 0.03242849256 0.0002609389426 53672 
5.7745 0.03370878121 0.0002654730689 55841 
5.7755 0.03217220962 0.0002592031627 53622 
5.7765 0.03318941124 0.0002633055462 54864 
5.7775 0.03319676115 0.0002633347264 55546 
5.7785 0.03325287346 0.0002638854628 54716 
5.7795 0.03327666603 0.0002637685377 55040 
5.7805 0.03294208618 0.000262365042 54656 
5.7815 0.03263168447 0.0002615235951 53955 
5.7825 0.03287446665 0.0002623645035 55095 
5.7835 0.03348034098 0.0002646499308 55472 
5.7845 0.03312421788 0.0002638300364 54764 
5.7855 0.03358259743 0.0002656133883 55463 
5.7865 0.03299749717 0.0002633495229 54679 
5.7875 0.03327417495 0.0002645054568 54544 
5.7885 0.03272187196 0.0002627206693 54205 
5.7895 0.03349613465 0.000265011796 55523 
5.7905 0.03219463212 0.0002597639274 53693 
5.7915 0.03276949314 0.0002622382344 54787 
5.7925 0.03284704146 0.0002622430254 53977 
5.7935 0.03361497761 0.0002660676311 55546 
5.7945 0.03289084042 0.0002623611581 54515 
5.7955 0.0331273022 0.0002643832495 54889 
5.7965 0.03341094039 0.0002653024429 55375 
5.7975 0.03370407529 0.0002670427371 55269 
5.7985 0.03296634751 0.0002632020806 54708 
5.7995 0.03321867336 0.0002650227013 54626 
5.8005 0.03332223495 0.0002656651705 54310 
5.8015 0.03310097492 0.0002640283762 55135 
5.8025 0.03384032778 0.0002676955576 55021 
5.8035 0.03404900407 0.0002685434769 55541 
5.8045 0.03322289708 0.000264913087 54671 
5.8055 0.03393882912 0.0002678677649 55648 
5.8065 0.03364152737 0.0002668129929 55574 
5.8075 0.03281096398 0.0002623702627 54710 
5.8085 0.03270140487 0.000262411915 54161 
5.8095 0.03357589994 0.0002664562225 55653 
5.8105 0.03270816847 0.0002628500778 54585 
5.8115 0.03282430657 0.0002627441646 54519 
5.8125 0.0330053655 0.0002632454605 55044 
5.8135 0.03321759902 0.0002641065013 54675 
5.8145 0.03428085737 0.0002690993665 56087 
5.8155 0.03338130669 0.0002657327539 55006 
5.8165 0.03359727185 0.0002654506744 56245 
5.8175 0.03357733115 0.0002665985847 55429 
5.8185 0.03242004371 0.000260787529 54319 
5.8195 0.0340228661 0.000267628059 56343 
5.8205 0.03364606572 0.000266768374 55094 
5.8215 0.03318190068 0.0002642463562 55164 
5.8225 0.03316813336 0.0002646079512 54881 
5.8235 0.03336793403 0.000265874874 54613 
5.8245 0.03289935897 0.0002635052077 54172 
5.8255 0.03392356044 0.0002675959706 55559 
5.8265 0.03290098197 0.0002628152385 54454 
5.8275 0.03386755999 0.0002673314687 55474 
5.8285 0.03300711469 0.0002634818367 54568 
5.8295 0.03351312069 0.0002667646001 54764 
5.8305 0.03411100973 0.0002686033039 55565 
5.8315 0.03402420782 0.0002684645728 55776 
5.8325 0.0338041549 0.0002671787757 55574 
5.8335 0.03374253138 0.0002669379513 55807 
5.8345 0.03344636634 0.0002657707877 54691 
5.8355 0.03426106715 0.0002695013924 55863 
5.8365 0.03419784778 0.0002682896999 56107 
5.8375 0.03340838549 0.0002646176414 56012 
5.8385 0.03353714509 0.0002666538295 55210 
5.8395 0.03331707234 0.0002659571608 54830 
5.8405 0.03399767629 0.000267800542 55964 
5.8415 0.03340157541 0.0002663027675 55149 
5.8425 0.03426352992 0.0002691987294 55758 
5.8435 0.03450755189 0.0002706941675 56288 
5.8445 0.03339467273 0.000265997236 54776 
5.8455 0.03364357972 0.0002673097284 54642 
5.8465 0.03311583454 0.0002649697398 54243 
5.8475 0.03332531247 0.0002658969543 54978 
5.8485 0.03278297024 0.0002634058325 54287 
5.8495 0.03335822264 0.0002660597442 55062 
5.8505 0.03370342244 0.000267732196 54879 
5.8515 0.03401316683 0.0002684722476 55633 
5.8525 0.03356889917 0.0002669591367 54885 
5.8535 0.03413024961 0.0002694016291 55728 
5.8545 0.0339629703 0.0002690638591 55126 
5.8555 0.03358746005 0.0002670245485 54724 
5.8565 0.03506109628 0.0002732670097 57164 
5.8575 0.03442629909 0.000271037267 55332 
5.8585 0.03492418145 0.0002733862623 56524 
5.8595 0.03348357747 0.0002670418535 54918 
5.8605 0.03475744396 0.0002720470236 56301 
5.8615 0.03473253733 0.0002721197232 56179 
5.8625 0.03323545823 0.0002658887569 54483 
5.8635 0.03412000156 0.0002702192102 55545 
5.8645 0.03422786594 0.000270156143 55991 
5.8655 0.03404581172 0.000270676932 54785 
5.8665 0.03558346487 0.0002762500174 57440 
5.8675 0.03497128503 0.0002732326807 56763 
5.8685 0.03400383013 0.0002696168 55348 
5.8695 0.03392637061 0.0002692007341 55863 
5.8705 0.03427134186 0.0002704077109 55686 
5.8715 0.03457163101 0.0002722435143 55565 
5.8725 0.03397806142 0.0002702652761 54704 
5.8735 0.03366584241 0.0002685576408 54452 
5.8745 0.03346620055 0.0002678334295 54344 
5.8755 0.03337512711 0.000267022125 54650 
5.8765 0.03402990586 0.0002694379168 55235 
5.8775 0.03438091784 0.0002722539152 55507 
5.8785 0.03484976537 0.0002732234992 55695 
5.8795 0.03416527629 0.0002707061763 55214 
5.8805 0.03437306318 0.0002720482057 55653 
5.8815 0.03389655196 0.0002697439811 54481 
5.8825 0.03420062837 0.0002713843654 54929 
5.8835 0.03378314435 0.0002696880119 54214 
5.8845 0.03411175362 0.0002709051869 55177 
5.8855 0.03472475485 0.000273286511 55977 
5.8865 0.03472463338 0.0002732537742 55981 
5.8875 0.0346462589 0.0002733864162 55485 
5.8885 0.0339238877 0.0002695874855 55121 
5.8895 0.034732256 0.0002733444636 56499 
5.8905 0.03443470619 0.0002723614204 55665 
5.8915 0.03466807438 0.0002738235276 55474 
5.8925 0.03410286296 0.0002703511605 55400 
5.8935 0.03402897295 0.0002698967499 55402 
5.8945 0.03377599862 0.0002699998159 54556 
5.8955 0.03447077161 0.0002729733683 55217 
5.8965 0.03405646349 0.0002701081945 55559 
5.8975 0.03427644686 0.0002714297525 55257 
5.8985 0.03413208553 0.0002709665228 55827 
5.8995 0.03443167833 0.0002721383171 55415 
5.9005 0.03467723163 0.0002738722005 55502 
5.9015 0.03396588168 0.0002711635564 54392 
5.9025 0.03402843963 0.0002706682716 54999 
5.9035 0.03459031767 0.0002733127403 55533 
5.9045 0.0344770994 0.0002731412947 55482 
5.9055 0.03403667222 0.0002710521467 54898 
5.9065 0.03443272478 0.0002731743792 54896 
5.9075 0.03388182232 0.000270877217 54600 
5.9085 0.03503336855 0.0002758647306 55442 
5.9095 0.0346952218 0.0002738439685 55639 
5.9105 0.0345129855 0.000273092307 55338 
5.9115 0.03434342673 0.0002723352096 55001 
5.9125 0.03453825181 0.0002728880152 55575 
5.9135 0.03445650311 0.0002736869952 55168 
5.9145 0.03497626611 0.0002758859175 55520 
5.9155 0.03543760211 0.0002776525955 56319 
5.9165 0.03477922574 0.0002745052546 55407 
5.9175 0.03438110041 0.0002731145852 55022 
5.9185 0.03407139709 0.0002715081599 55102 
5.9195 0.03484136674 0.0002754029541 55745 
5.9205 0.03429537102 0.0002730776604 55307 
5.9215 0.03487633808 0.0002756191636 55754 
5.9225 0.03498750529 0.000275812944 55655 
5.9235 0.03433867737 0.0002727971329 55047 
5.9245 0.03479588321 0.000274681091 56006 
5.9255 0.03459744539 0.0002750532258 54952 
5.9265 0.03475602233 0.0002749542691 55213 
5.9275 0.03461321995 0.0002746349043 55251 
5.9285 0.03515478646 0.0002765964406 55687 
5.9295 0.03520751189 0.0002769440931 56019 
5.9305 0.03476744173 0.000274815181 55804 
5.9315 0.03541102853 0.0002774886166 55822 
5.9325 0.03475523727 0.0002751876355 55321 
5.9335 0.03454039825 0.0002741469566 55096 
5.9345 0.03459037774 0.000275118446 54931 
5.9355 0.03396697903 0.0002714454549 54627 
5.9365 0.03496471937 0.0002766360487 55558 
5.9375 0.03400645517 0.0002729916254 54312 
5.9385 0.0349569283 0.0002761624593 55952 
5.9395 0.0352385336 0.0002781646946 55832 
5.9405 0.03504843626 0.0002772496399 55137 
5.9415 0.03512747586 0.0002777653876 55401 
5.9425 0.03527420239 0.0002773451126 55880 
5.9435 0.03455869189 0.0002750238874 55098 
5.9445 0.03476497447 0.0002750957628 55868 
5.9455 0.03508939426 0.0002765866611 55977 
5.9465 0.03512478855 0.0002774653233 55435 
5.9475 0.03529702719 0.0002783752496 55064 
5.9485 0.03526256747 0.0002779324409 56043 
5.9495 0.03520506256 0.0002782848024 55548 
5.9505 0.0353239638 0.0002781059482 55759 
5.9515 0.03502941995 0.0002777527512 55089 
5.9525 0.03496840879 0.0002771646156 55166 
5.9535 0.03563446675 0.0002804399272 56264 
5.9545 0.03473504524 0.0002757589291 55255 
5.9555 0.03510855419 0.0002774921539 55504 
5.9565 0.03553476491 0.0002794125081 55957 
5.9575 0.03568252384 0.0002796028051 56348 
5.9585 0.03524570034 0.0002787269257 55632 
5.9595 0.03527493326 0.0002782478545 55665 
5.9605 0.0350354681 0.000277585793 55444 
5.9615 0.03492675244 0.0002771783002 54907 
5.9625 0.03523310993 0.0002790054214 54938 
5.9635 0.03555097857 0.0002802183827 55620 
5.9645 0.03554873161 0.0002799479267 55688 
5.9655 0.03543365186 0.0002795361743 55575 
5.9665 0.03493503328 0.0002779054472 54757 
5.9675 0.03595820928 0.0002816848636 56292 
5.9685 0.03540991149 0.000279499686 55544 
5.9695 0.03513492015 0.000278672128 55334 
5.9705 0.03519473781 0.0002780187296 55640 
5.9715 0.03442637315 0.0002757201243 54288 
5.9725 0.03565920738 0.0002808504436 55949 
5.9735 0.03584157868 0.0002821405563 55912 
5.9745 0.03500894202 0.0002772575561 55265 
5.9755 0.03574407764 0.0002816637638 55455 
5.9765 0.03546914929 0.0002805225621 55158 
5.9775 0.03540382341 0.0002801505571 55288 
5.9785 0.03506415679 0.0002781656082 55185 
5.9795 0.03504399713 0.0002781214929 55222 
5.9805 0.03545598231 0.0002805926277 55482 
5.9815 0.03431896984 0.0002752523692 53933 
5.9825 0.03575807867 0.0002815006228 56008 
5.9835 0.03548429082 0.0002804403304 55547 
5.9845 0.03554291827 0.0002813491789 55151 
5.9855 0.03533099001 0.0002799052221 55407 
5.9865 0.03556605907 0.0002810416133 55678 
5.9875 0.03480050378 0.0002775695556 54728 
5.9885 0.03581318747 0.0002818522749 56238 
5.9895 0.03534430551 0.0002799560057 55696 
5.9905 0.03464599471 0.0002776979636 54111 
5.9915 0.03527654955 0.0002801646875 55171 
5.9925 0.03534776328 0.0002795588416 55103 
5.9935 0.03498924886 0.0002788756976 54747 
5.9945 0.03473170028 0.0002776508369 54671 
5.9955 0.03578749284 0.000282378002 55394 
5.9965 0.03534010984 0.0002806858321 54707 
5.9975 0.03522685768 0.000280164389 54717 
5.9985 0.03554803502 0.0002810762557 55243 
5.9995 0.03501578373 0.0002794064642 54618 
6.0005 0.03576973921 0.000282570573 55449 
6.0015 0.03528892621 0.0002806945013 55025 
6.0025 0.03582248945 0.0002822452862 55635 
6.0035 0.03515357016 0.0002793786267 54609 
6.0045 0.0356069847 0.0002813441113 55459 
6.0055 0.03570515784 0.0002823627229 55143 
6.0065 0.03537618841 0.0002803005539 55139 
6.0075 0.03611043245 0.0002846009677 55544 
6.0085 0.03551617594 0.0002811746786 55272 
6.0095 0.03636074623 0.0002854203013 55786 
6.0105 0.03624526548 0.0002858870042 55590 
6.0115 0.03511380384 0.0002802024142 54636 
6.0125 0.03482848229 0.0002788229902 53825 
6.0135 0.03509276686 0.0002803056996 54738 
6.0145 0.03532262509 0.0002807480871 54913 
6.0155 0.03567024943 0.0002819054022 55457 
6.0165 0.03606264678 0.0002847142465 55931 
6.0175 0.03606360669 0.0002842626307 55628 
6.0185 0.03573988621 0.0002830797596 55225 
6.0195 0.03598909768 0.0002842195448 55307 
6.0205 0.0362604982 0.0002848724508 56270 
6.0215 0.03580352713 0.0002835615406 55466 
6.0225 0.03623803398 0.0002853237769 56051 
6.0235 0.03592762687 0.0002846739621 54950 
6.0245 0.03606150284 0.0002840157228 55588 
6.0255 0.03614797039 0.0002853957921 55353 
6.0265 0.03550372568 0.0002821170887 55120 
6.0275 0.03594917753 0.000284316812 55510 
6.0285 0.03593317181 0.0002837827075 55359 
6.0295 0.03572041999 0.0002824235811 55086 
6.0305 0.03659458094 0.0002879640694 55813 
6.0315 0.03520523829 0.0002819771473 53865 
6.0325 0.03512572628 0.0002811915761 54248 
6.0335 0.0354086161 0.0002826795142 53969 
6.0345 0.0361261038 0.0002857304511 55705 
6.0355 0.03628547148 0.0002865092198 55145 
6.0365 0.035990679 0.0002853984336 55102 
6.0375 0.03703080255 0.0002889144015 56571 
6.0385 0.03689731223 0.0002896646039 55568 
6.0395 0.03599238485 0.0002851746789 55107 
6.0405 0.03598494356 0.0002845386745 55072 
6.0415 0.03566896445 0.0002826257218 54998 
6.0425 0.03669177422 0.0002886489233 55717 
6.0435 0.03645906847 0.0002858182755 56211 
6.0445 0.03583075866 0.0002837074588 55782 
6.0455 0.03616649907 0.0002861455329 55487 
6.0465 0.03647165592 0.0002872986481 55476 
6.0475 0.03634915725 0.0002865419428 55630 
6.0485 0.03619312425 0.0002863434413 55074 
6.0495 0.03644761724 0.0002877013029 55394 
6.0505 0.03669083219 0.0002882983276 55656 
6.0515 0.03589414954 0.0002844672611 55205 
6.0525 0.03549796917 0.0002832474996 54747 
6.0535 0.03659790738 0.0002876849244 55925 
6.0545 0.03567106077 0.0002838643654 54815 
6.0555 0.03602383181 0.0002852013861 54949 
6.0565 0.0366077324 0.0002883181792 55813 
6.0575 0.0363368713 0.0002875734004 54937 
6.0585 0.03628022423 0.0002877077092 54688 
6.0595 0.03541424622 0.0002832911165 53905 
6.0605 0.03636348234 0.0002874925398 55515 
6.0615 0.0370605061 0.0002907299863 56039 
6.0625 0.03681555518 0.0002898495899 56206 
6.0635 0.03569079537 0.0002850189713 54417 
6.0645 0.03658233247 0.0002885391792 55349 
6.0655 0.03635888245 0.0002874423142 54768 
6.0665 0.03598574024 0.000286501551 54923 
6.0675 0.03647239533 0.0002886592094 54942 
6.0685 0.03608100427 0.0002870517378 54819 
6.0695 0.03747800816 0.0002936586373 56062 
6.0705 0.03588316449 0.0002866859777 54539 
6.0715 0.03598817811 0.000285740276 54532 
6.0725 0.03657462957 0.0002891102058 55899 
6.0735 0.03609760818 0.0002869009515 54783 
6.0745 0.037115124 0.0002911917457 56179 
6.0755 0.03547704941 0.0002843381546 54054 
6.0765 0.03648870871 0.000289397883 55239 
6.0775 0.03684297337 0.0002902537303 55307 
6.0785 0.03664064003 0.000289209358 55415 
6.0795 0.0361407403 0.0002874845692 54650 
6.0805 0.03676851342 0.0002903323808 55771 
6.0815 0.03589560359 0.0002865257425 55030 
6.0825 0.03573717426 0.0002856627662 54581 
6.0835 0.03677384854 0.0002892099835 55720 
6.0845 0.0364158264 0.0002883445538 55278 
6.0855 0.03645914618 0.0002894631781 55033 
6.0865 0.03646092431 0.000288537075 55404 
6.0875 0.03665745457 0.0002897563749 55362 
6.0885 0.03592015395 0.0002874394345 53887 
6.0895 0.0363450715 0.0002879465332 55084 
6.0905 0.03672524951 0.0002912819807 54677 
6.0915 0.03665599122 0.0002894295338 55816 
6.0925 0.03643047543 0.0002887830385 54889 
6.0935 0.03673295304 0.0002902078952 55684 
6.0945 0.03661106788 0.0002901069843 54890 
6.0955 0.03678785863 0.0002901022108 55738 
6.0965 0.03718796595 0.0002922411879 55715 
6.0975 0.03579451918 0.0002855454638 54560 
6.0985 0.03691783718 0.0002912055833 55919 
6.0995 0.03746596473 0.0002922057831 56545 
6.1005 0.03699357881 0.0002920199696 55632 
6.1015 0.03678555934 0.0002906355142 55637 
6.1025 0.03670555763 0.0002905633759 55392 
6.1035 0.03685178254 0.0002911843102 55190 
6.1045 0.03657494013 0.0002893900938 55563 
6.1055 0.03789374101 0.0002956600666 56725 
6.1065 0.03715847153 0.0002924300569 56033 
6.1075 0.0368098575 0.0002916645546 55182 
6.1085 0.03729563938 0.0002930944422 55858 
6.1095 0.03742983988 0.0002941088047 55738 
6.1105 0.03638914077 0.0002896273603 54432 
6.1115 0.03738375587 0.0002942217617 55178 
6.1125 0.03722178878 0.0002929581135 56183 
6.1135 0.03608002191 0.0002877051774 54533 
6.1145 0.03707444412 0.000292295364 55702 
6.1155 0.03660289384 0.0002900434272 55290 
6.1165 0.03620762922 0.0002895024468 54207 
6.1175 0.03777436288 0.0002962816755 55849 
6.1185 0.03606465985 0.0002883616343 53965 
6.1195 0.036858198 0.0002923207099 54695 
6.1205 0.03733263213 0.0002934508719 55982 
6.1215 0.0371421705 0.0002935199488 55322 
6.1225 0.03639372405 0.0002898165868 54613 
6.1235 0.0376526277 0.0002954156763 55966 
6.1245 0.03767619656 0.0002958069111 55877 
6.1255 0.03733762774 0.000294623152 56010 
6.1265 0.03643648987 0.0002899288923 54862 
6.1275 0.0379361447 0.0002969616321 56307 
6.1285 0.03660623624 0.0002913854199 54954 
6.1295 0.03726007615 0.0002940711783 55246 
6.1305 0.03719745471 0.0002941066371 55198 
6.1315 0.03676126744 0.0002916365715 54840 
6.1325 0.03639939457 0.0002906182911 54211 
6.1335 0.03719022796 0.0002939212041 55494 
6.1345 0.03710561851 0.0002933800536 55307 
6.1355 0.03746743737 0.0002947622327 56281 
6.1365 0.03711339967 0.0002935317124 55258 
6.1375 0.03683508794 0.0002922714779 55112 
6.1385 0.03773261078 0.0002957183806 56237 
6.1395 0.03786967407 0.0002967485294 56350 
6.1405 0.03792414042 0.0002972514294 56113 
6.1415 0.03746324546 0.0002958874751 55078 
6.1425 0.03752610057 0.0002957373758 55568 
6.1435 0.03781739032 0.0002973635015 55914 
6.1445 0.03682111979 0.000292700805 55132 
6.1455 0.03722643795 0.0002944359374 55011 
6.1465 0.03783637467 0.0002973959202 55811 
6.1475 0.03721138946 0.0002949497886 54825 
6.1485 0.03751277266 0.0002962465844 55231 
6.1495 0.03869215739 0.0003006512804 56956 
6.1505 0.03741100653 0.0002951562603 55660 
6.1515 0.03662007912 0.0002926386132 54161 
6.1525 0.03708407027 0.0002939773911 55123 
6.1535 0.03734574491 0.0002956413805 54902 
6.1545 0.03758974083 0.0002961598172 55815 
6.1555 0.0380463063 0.0002982317761 55646 
6.1565 0.03794643238 0.0002977183276 56141 
6.1575 0.03758657749 0.0002961325273 55883 
6.1585 0.03817078123 0.0002996058863 55856 
6.1595 0.03763343949 0.0002967027992 55827 
6.1605 0.03741614596 0.0002955568441 55402 
6.1615 0.03794561163 0.0002983806499 55708 
6.1625 0.03747858991 0.0002964133964 55067 
6.1635 0.03768123853 0.0002965350293 55625 
6.1645 0.0369361944 0.000294736257 54703 
6.1655 0.03707476967 0.0002948263318 54689 
6.1665 0.03758060672 0.0002977294636 54974 
6.1675 0.03723051284 0.0002963686474 54916 
6.1685 0.03844210089 0.0003005151484 56347 
6.1695 0.03818362413 0.0003003650535 55749 
6.1705 0.0382608719 0.0003000657076 55986 
6.1715 0.03734800544 0.0002965445484 54597 
6.1725 0.03869627851 0.0003018280559 56407 
6.1735 0.03850776377 0.0003003464854 56625 
6.1745 0.03805484725 0.0002993847835 55517 
6.1755 0.03797124076 0.0002995535859 55063 
6.1765 0.03746237123 0.000296877646 54946 
6.1775 0.03819246889 0.0002994657407 55753 
6.1785 0.03722014092 0.0002955042925 54828 
6.1795 0.03738395251 0.0002966371003 54818 
6.1805 0.0375969372 0.0002979316795 55315 
6.1815 0.03792708568 0.0002990414969 55811 
6.1825 0.03725758951 0.000296411611 54726 
6.1835 0.03933333771 0.00030545844 56765 
6.1845 0.03801689654 0.0002993141177 55623 
6.1855 0.0384360901 0.0003013854257 56203 
6.1865 0.03748707494 0.0002978365596 54426 
6.1875 0.03782041835 0.0002989287404 55733 
6.1885 0.03681476189 0.0002945598196 54310 
6.1895 0.0379220429 0.0002993254551 55903 
6.1905 0.03714549191 0.0002964353692 54388 
6.1915 0.0382101452 0.0003009672475 55250 
6.1925 0.03832335715 0.0003007288937 56138 
6.1935 0.03857511729 0.0003026958591 55873 
6.1945 0.03769117818 0.0002982735369 54584 
6.1955 0.03838312257 0.0003018649772 55675 
6.1965 0.03771138038 0.000298845893 55161 
6.1975 0.03747561816 0.0002971845759 55265 
6.1985 0.03854317984 0.0003022558993 55683 
6.1995 0.03859016433 0.0003026091316 55796 
6.2005 0.03764402111 0.0002985236333 55281 
6.2015 0.03836178946 0.0003017498962 55698 
6.2025 0.03742856597 0.0002980932419 54290 
6.2035 0.03879060504 0.0003039522713 56088 
6.2045 0.03825024679 0.0003016961065 55328 
6.2055 0.0379287042 0.0002993933142 55296 
6.2065 0.03820123229 0.0003011663014 55484 
6.2075 0.03877251259 0.0003036366682 56304 
6.2085 0.03800554199 0.0003003617043 55004 
6.2095 0.03774867841 0.0002999273607 54917 
6.2105 0.0381881737 0.0003014242772 55529 
6.2115 0.03818162545 0.0003015551897 55313 
6.2125 0.0377875132 0.0002995417338 54846 
6.2135 0.03792708818 0.0003007724444 54492 
6.2145 0.03839138401 0.0003022929303 55423 
6.2155 0.03847023461 0.0003024974356 55823 
6.2165 0.03912572861 0.0003053537589 55948 
6.2175 0.03816774204 0.0003018602692 55365 
6.2185 0.03862998105 0.0003046333938 55515 
6.2195 0.03790265521 0.0002997637488 55166 
6.2205 0.03824018675 0.0003020590896 55387 
6.2215 0.0373781373 0.0002987232015 54040 
6.2225 0.03780935747 0.0003004883901 54767 
6.2235 0.03847796034 0.0003030496601 55503 
6.2245 0.03856636965 0.0003039464331 55623 
6.2255 0.03790377606 0.0003005037262 55040 
6.2265 0.03830778664 0.0003026092454 55307 
6.2275 0.03848408603 0.000303794265 55447 
6.2285 0.03826820928 0.0003026846667 55363 
6.2295 0.03852006099 0.0003037054996 55595 
6.2305 0.03818224193 0.0003023716729 54930 
6.2315 0.0378623683 0.0003012184614 54910 
6.2325 0.03865758817 0.0003047813727 55576 
6.2335 0.03811757953 0.0003016984481 55309 
6.2345 0.03842098786 0.0003031283936 55381 
6.2355 0.03876466357 0.0003045368598 56261 
6.2365 0.03817252573 0.0003023583154 55159 
6.2375 0.03848151399 0.0003036653135 55343 
6.2385 0.03871667062 0.0003060844212 55322 
6.2395 0.03867893501 0.0003041753851 55492 
6.2405 0.03902708346 0.0003062235802 56026 
6.2415 0.03940333756 0.0003078709399 56442 
6.2425 0.038352295 0.0003031048515 55171 
6.2435 0.03858495219 0.0003043544299 55482 
6.2445 0.03899225549 0.0003065280946 55817 
6.2455 0.03892973454 0.0003054757551 56049 
6.2465 0.03824457922 0.000303382362 54602 
6.2475 0.03787646723 0.0003013441577 55166 
6.2485 0.03923838407 0.0003074461495 55901 
6.2495 0.03955937796 0.0003092680399 56097 
6.2505 0.03864358406 0.0003044694247 55699 
6.2515 0.03849416559 0.0003048765309 54981 
6.2525 0.03786086891 0.0003016058391 54203 
6.2535 0.03882232418 0.0003062415377 55056 
6.2545 0.03859662299 0.0003052347863 54787 
6.2555 0.03796694681 0.0003025149152 54325 
6.2565 0.03879103138 0.0003052949289 55854 
6.2575 0.03862413076 0.0003048628335 54904 
6.2585 0.03920386276 0.0003081996287 56009 
6.2595 0.03798623696 0.000302658559 54823 
6.2605 0.03859197859 0.0003050347038 55594 
6.2615 0.03857726705 0.0003053514 54975 
6.2625 0.03787395171 0.000302180652 54624 
6.2635 0.03955638025 0.0003101147936 55562 
6.2645 0.03951701077 0.0003100000037 55949 
6.2655 0.0395298789 0.0003102370908 55836 
6.2665 0.03879202785 0.000307187585 55000 
6.2675 0.03752381109 0.0003014187446 53557 
6.2685 0.03932491044 0.0003095099238 55429 
6.2695 0.03873118213 0.0003063701515 55139 
6.2705 0.03901907964 0.0003076878075 55583 
6.2715 0.03851160976 0.0003053169655 55024 
6.2725 0.03889690455 0.0003073164827 54935 
6.2735 0.03992790001 0.0003104458677 56873 
6.2745 0.03819431826 0.000303267246 54787 
6.2755 0.0388951194 0.0003073031106 55279 
6.2765 0.03981178889 0.0003100568348 56817 
6.2775 0.03857585789 0.000306016355 54560 
6.2785 0.03959551859 0.0003102050515 55717 
6.2795 0.0391860891 0.0003085017208 55385 
6.2805 0.04060596437 0.0003135872066 57654 
6.2815 0.03921306578 0.0003090260104 55400 
6.2825 0.0397340621 0.0003108789749 56107 
6.2835 0.03916249757 0.0003085611295 55540 
6.2845 0.03896071041 0.000308591287 54635 
6.2855 0.03847912888 0.0003059308962 54573 
6.2865 0.03964557024 0.0003105597964 56146 
6.2875 0.03934300962 0.0003097058144 55391 
6.2885 0.03879149003 0.0003071123247 54859 
6.2895 0.0394247702 0.0003105297439 55271 
6.2905 0.0394040935 0.0003106364842 55278 
6.2915 0.03891650971 0.0003070904139 55489 
6.2925 0.03927901394 0.0003107171749 54880 
6.2935 0.03936655798 0.0003104803215 55089 
6.2945 0.03902454835 0.0003087583741 54995 
6.2955 0.03859930456 0.0003067800403 55185 
6.2965 0.03770596029 0.0003034253559 53373 
6.2975 0.03895385055 0.0003086397429 54901 
6.2985 0.03940139702 0.0003112483284 55105 
6.2995 0.03858706595 0.0003068701963 54276 
6.3005 0.04013418402 0.0003135914926 56431 
6.3015 0.03794886316 0.0003040435814 53969 
6.3025 0.03909214089 0.000308855354 55076 
6.3035 0.03935437589 0.0003110058721 55314 
6.3045 0.03882217575 0.0003085143295 54605 
6.3055 0.03962172413 0.0003119006223 55274 
6.3065 0.03894602696 0.0003085192243 54728 
6.3075 0.03871978303 0.0003074403635 54351 
6.3085 0.03816583335 0.0003055390185 54206 
6.3095 0.03868893374 0.0003084847349 54419 
6.3105 0.03978626443 0.0003126324034 55457 
6.3115 0.03879703963 0.0003085868489 54552 
6.3125 0.03877112379 0.0003086418682 53943 
6.3135 0.03857408172 0.0003073172818 54320 
6.3145 0.0389387196 0.0003096644931 54241 
6.3155 0.03986082337 0.0003132410986 55800 
6.3165 0.03962295716 0.0003124035383 55282 
6.3175 0.03994033337 0.0003139832923 55687 
6.3185 0.04000536283 0.0003135394193 55712 
6.3195 0.03845112528 0.0003062333698 54534 
6.3205 0.03862696647 0.0003075336018 54900 
6.3215 0.03883030515 0.0003095855163 54017 
6.3225 0.04111401294 0.0003189123175 57084 
6.3235 0.03985941783 0.0003130721704 55772 
6.3245 0.04055631785 0.0003166353353 56201 
6.3255 0.04015189957 0.0003140884291 56002 
6.3265 0.0400634509 0.0003150606347 55715 
6.3275 0.03965237933 0.0003128457389 55096 
6.3285 0.03933471836 0.0003122847388 54216 
6.3295 0.03831240948 0.0003065135692 54449 
6.3305 0.03976305029 0.000313588814 55682 
6.3315 0.0397351197 0.0003136747171 55291 
6.3325 0.04014920149 0.0003145276901 56137 
6.3335 0.03937637713 0.0003114320956 55052 
6.3345 0.0385694075 0.0003085186194 54123 
6.3355 0.03945173725 0.000312140409 54781 
6.3365 0.03889338828 0.000309485093 54769 
6.3375 0.04012135583 0.0003152412629 55817 
6.3385 0.03989189183 0.0003146422277 55627 
6.3395 0.03976105679 0.0003136602194 55304 
6.3405 0.04032438226 0.0003168926263 55509 
6.3415 0.03908584837 0.0003114973407 54240 
6.3425 0.04055865641 0.00031725951 55733 
6.3435 0.03875174293 0.0003090945947 54675 
6.3445 0.03845493323 0.0003080029626 54286 
6.3455 0.04041675695 0.0003161288555 55884 
6.3465 0.03907523404 0.0003102556786 54835 
6.3475 0.03941144759 0.0003126931018 54283 
6.3485 0.03973096578 0.0003133465575 55266 
6.3495 0.03969968072 0.0003129528975 55422 
6.3505 0.03904184423 0.0003110067855 54868 
6.3515 0.0406013212 0.0003183780628 55900 
6.3525 0.03969920791 0.0003136019222 55673 
6.3535 0.03969674902 0.0003139330955 55055 
6.3545 0.03943144906 0.0003137465077 54300 
6.3555 0.04080921135 0.000319432002 56790 
6.3565 0.04006707199 0.0003154946699 55347 
6.3575 0.0404922191 0.0003181907837 56195 
6.3585 0.0402538206 0.0003171002662 55034 
6.3595 0.0399702775 0.0003161016259 54677 
6.3605 0.04066350721 0.0003178743103 56636 
6.3615 0.04037601104 0.000317102819 55635 
6.3625 0.04035520458 0.0003172046893 56117 
6.3635 0.04075619128 0.0003182248199 56377 
6.3645 0.04051164399 0.000317908588 55813 
6.3655 0.04074094094 0.0003186229971 56014 
6.3665 0.03991273889 0.0003158179998 54850 
6.3675 0.03944768133 0.0003130477729 54791 
6.3685 0.04054484102 0.0003179864673 55773 
6.3695 0.0400740253 0.0003169801733 55124 
6.3705 0.04035167248 0.0003176600785 55361 
6.3715 0.03988992705 0.0003154430646 55182 
6.3725 0.03999700019 0.0003160186519 54909 
6.3735 0.03932673154 0.0003134125293 54685 
6.3745 0.04069901156 0.0003198668378 55377 
6.3755 0.03929291662 0.0003133766661 54621 
6.3765 0.04094076692 0.0003202010179 55979 
6.3775 0.03986968707 0.00031605806 54542 
6.3785 0.04002319397 0.0003170781831 54739 
6.3795 0.03918944398 0.0003128955636 54098 
6.3805 0.0406485354 0.0003187608677 55745 
6.3815 0.04025322679 0.0003177561311 55237 
6.3825 0.04023840794 0.0003177443355 55184 
6.3835 0.04075835452 0.0003199989647 55853 
6.3845 0.0398802064 0.0003163506272 54642 
6.3855 0.03993437111 0.0003174420774 54481 
6.3865 0.03941442725 0.0003144592653 54296 
6.3875 0.04043686346 0.0003182598804 55805 
6.3885 0.04030129991 0.0003173126601 55541 
6.3895 0.0396792649 0.0003157018531 54383 
6.3905 0.04039500879 0.0003180057789 55281 
6.3915 0.04059240264 0.0003194104723 55515 
6.3925 0.04015271417 0.0003172449701 54923 
6.3935 0.03963021142 0.000315762874 54550 
6.3945 0.04041828737 0.0003189143738 55231 
6.3955 0.04112267004 0.0003217034831 56248 
6.3965 0.04009481676 0.0003173087115 54330 
6.3975 0.04092388362 0.0003210185163 55933 
6.3985 0.04034002181 0.0003184240695 55147 
6.3995 0.04033809709 0.0003193480928 55010 
6.4005 0.04043791741 0.0003189161614 55557 
6.4015 0.04124187198 0.0003227376255 55809 
6.4025 0.04039225097 0.0003185435201 55080 
6.4035 0.03972954948 0.000315484248 54805 
6.4045 0.04022111836 0.0003180688042 55307 
6.4055 0.0400106481 0.0003175336267 54770 
6.4065 0.04089736915 0.0003219124418 55245 
6.4075 0.04006650601 0.0003181139972 54676 
6.4085 0.04046240226 0.000320780428 54198 
6.4095 0.04046657717 0.0003193033843 55229 
6.4105 0.0395924359 0.0003152203578 54270 
6.4115 0.04021717421 0.0003186160637 54999 
6.4125 0.04037862121 0.0003191696579 54911 
6.4135 0.04103632473 0.0003225343779 55546 
6.4145 0.04107423654 0.0003231741385 55722 
6.4155 0.04074489525 0.0003210958266 55462 
6.4165 0.04060745403 0.0003205566911 55386 
6.4175 0.04053121105 0.000320242155 55176 
6.4185 0.04068147219 0.0003216447841 54768 
6.4195 0.04106236432 0.0003225763189 55497 
6.4205 0.04035763543 0.0003194795704 55027 
6.4215 0.04003453214 0.0003188384679 53814 
6.4225 0.04055162447 0.0003209786623 54960 
6.4235 0.04118018088 0.0003230995095 55543 
6.4245 0.04076440406 0.000321775471 55236 
6.4255 0.04055603081 0.0003206540229 54865 
6.4265 0.04038169509 0.000319177461 55176 
6.4275 0.0417442086 0.0003261197698 56762 
6.4285 0.03984272696 0.0003174521233 54290 
6.4295 0.04128257996 0.0003240610808 55418 
6.4305 0.04118128807 0.0003238259592 55181 
6.4315 0.03993848566 0.000318252091 54216 
6.4325 0.0401376641 0.0003189892799 54819 
6.4335 0.03971040072 0.0003173694394 54269 
6.4345 0.04063138427 0.0003213338445 55070 
6.4355 0.0409890972 0.0003221882035 55691 
6.4365 0.0410011203 0.0003218193226 55713 
6.4375 0.04096263342 0.0003231052537 55154 
6.4385 0.04130209067 0.0003248745783 55389 
6.4395 0.04085161498 0.000323383195 54631 
6.4405 0.04055205613 0.0003214695695 55155 
6.4415 0.04121057046 0.0003238263402 55511 
6.4425 0.04127205375 0.0003247502429 55455 
6.4435 0.04266008845 0.0003304725365 56639 
6.4445 0.04111661126 0.0003233852094 55704 
6.4455 0.04061444901 0.0003215008433 55023 
6.4465 0.04064884948 0.0003218866296 55113 
6.4475 0.0422893534 0.0003296171574 55918 
6.4485 0.04069541746 0.0003225482242 54837 
6.4495 0.04107587068 0.0003232409925 55510 
6.4505 0.04189450135 0.0003272798164 55795 
6.4515 0.0413314671 0.0003241445303 55953 
6.4525 0.04134546331 0.0003253728543 55506 
6.4535 0.04071824724 0.0003220568797 55173 
6.4545 0.04102608495 0.0003233448071 55325 
6.4555 0.04169828119 0.0003270275184 55209 
6.4565 0.04122324511 0.0003253307259 55297 
6.4575 0.04169397119 0.0003272232916 55339 
6.4585 0.04287127902 0.0003323647298 57196 
6.4595 0.04175178041 0.0003271768767 55318 
6.4605 0.04052447002 0.0003221754306 55011 
6.4615 0.04166821383 0.0003265621431 55864 
6.4625 0.04064285561 0.0003229526472 54507 
6.4635 0.04153164931 0.0003259436991 56229 
6.4645 0.0417729013 0.0003269568354 56167 
6.4655 0.0412102857 0.0003265756317 54526 
6.4665 0.04142695604 0.0003268875119 55140 
6.4675 0.04078615633 0.0003231060552 54525 
6.4685 0.04182898943 0.0003275058269 56100 
6.4695 0.04157212757 0.0003277849983 54790 
6.4705 0.04080126113 0.0003237367586 54885 
6.4715 0.04171631241 0.0003280288014 55229 
6.4725 0.04108925352 0.0003247516279 54972 
6.4735 0.04116724263 0.0003258072337 54889 
6.4745 0.04113743264 0.0003249426333 55100 
6.4755 0.04050314441 0.0003221903485 54898 
6.4765 0.04059151275 0.0003225896954 54527 
6.4775 0.04139941722 0.0003268277863 54945 
6.4785 0.04113721088 0.0003249342812 54755 
6.4795 0.0415373398 0.0003277475215 55014 
6.4805 0.04203475983 0.0003299573967 56214 
6.4815 0.04170204135 0.000328367454 54962 
6.4825 0.04037067966 0.0003225462528 54104 
6.4835 0.04120713003 0.0003253847239 55513 
6.4845 0.04131941769 0.0003271725654 54666 
6.4855 0.0421865327 0.0003294235906 55890 
6.4865 0.04120535305 0.0003263832224 55330 
6.4875 0.04137072024 0.0003265152269 54953 
6.4885 0.04118312359 0.0003264756261 55025 
6.4895 0.04138547125 0.0003271860978 54766 
6.4905 0.0413886783 0.000327070346 55026 
6.4915 0.04213449018 0.0003299649617 55986 
6.4925 0.04084964964 0.0003246792039 54647 
6.4935 0.04217551051 0.0003304694277 56268 
6.4945 0.04201416953 0.0003304397081 55436 
6.4955 0.04140771575 0.0003277096474 54658 
6.4965 0.0412619329 0.0003268332879 54750 
6.4975 0.041104216 0.0003260964149 54988 
6.4985 0.04189006473 0.0003294155622 55345 
6.4995 0.04189027133 0.0003296145142 55105 
