# Format: McCode with text headers
# URL: http://www.mccode.org
# Creator:  3.5.2, git
# Instrument: Airport_scannerII.instr
# Ncount: 1000000
# Trace: no
# Gravitation: no
# Seed: 1728639363748469
# Directory: Scan_Src_Quasi/4
# Param: SFILE=input_abs_objects_template.dat
# Param: ANGLE=0
# Param: posX=-0.5
# Param: posY=-0.3
# Param: posZ=0
# Param: Ncount=0
# Date: Fri Oct 11 09:36:07 2024 (1728639367)
# type: array_1d(101)
# Source: Airp_scannerII (Airport_scannerII.instr)
# component: emon
# position: 0 0 0.11
# title: Energy monitor
# Ncount: 1000000
# filename: emon.dat
# statistics: X0=69.982; dX=39.8579;
# signal: Min=0; Max=0.014615; Mean=0.00990099;
# values: 1 0.001 1e+06
# xvar: E
# yvar: (I,I_err)
# xlabel: Energy [keV]
# ylabel: Intensity
# xlimits: 0 200
# variables: E I I_err N
0.9900990099 0.007159 8.461087401e-05 7159 
2.97029703 0.014377 0.0001199041284 14377 
4.95049505 0.014432 0.0001201332593 14432 
6.930693069 0.014309 0.0001196202324 14309 
8.910891089 0.014215 0.0001192266749 14215 
10.89108911 0.01459 0.0001207890724 14590 
12.87128713 0.014387 0.0001199458211 14387 
14.85148515 0.014331 0.0001197121548 14331 
16.83168317 0.014453 0.0001202206305 14453 
18.81188119 0.014392 0.000119966662 14392 
20.79207921 0.014149 0.0001189495691 14149 
22.77227723 0.014255 0.0001193943047 14255 
24.75247525 0.014361 0.0001198373898 14361 
26.73267327 0.014446 0.0001201915138 14446 
28.71287129 0.014511 0.0001204616121 14511 
30.69306931 0.01427 0.0001194571053 14270 
32.67326733 0.014315 0.0001196453091 14315 
34.65346535 0.014187 0.0001191091936 14187 
36.63366337 0.014266 0.0001194403617 14266 
38.61386139 0.014413 0.0001200541544 14413 
40.59405941 0.014326 0.0001196912695 14326 
42.57425743 0.014367 0.0001198624211 14367 
44.55445545 0.014439 0.0001201623901 14439 
46.53465347 0.014474 0.0001203079382 14474 
48.51485149 0.014515 0.0001204782138 14515 
50.4950495 0.014272 0.0001194654762 14272 
52.47524752 0.014247 0.0001193607976 14247 
54.45544554 0.014325 0.000119687092 14325 
56.43564356 0.014348 0.0001197831374 14348 
58.41584158 0.014615 0.0001208925142 14615 
60.3960396 0.014492 0.000120382723 14492 
62.37623762 0.014364 0.0001198499061 14364 
64.35643564 0.014336 0.0001197330364 14336 
66.33663366 0.014265 0.0001194361754 14265 
68.31683168 0.014166 0.0001190210065 14166 
70.2970297 0.014204 0.0001191805353 14204 
72.27722772 0.014269 0.0001194529196 14269 
74.25742574 0.014394 0.0001199749974 14394 
76.23762376 0.014282 0.000119507322 14282 
78.21782178 0.014287 0.0001195282393 14287 
80.1980198 0.014458 0.0001202414238 14458 
82.17821782 0.014304 0.0001195993311 14304 
84.15841584 0.01415 0.0001189537725 14150 
86.13861386 0.014317 0.0001196536669 14317 
88.11881188 0.014259 0.0001194110548 14259 
90.0990099 0.014219 0.0001192434485 14219 
92.07920792 0.014407 0.0001200291631 14407 
94.05940594 0.01427 0.0001194571053 14270 
96.03960396 0.01431 0.0001196244122 14310 
98.01980198 0.014577 0.0001207352475 14577 
100 0.014383 0.0001199291457 14383 
101.980198 0.014595 0.0001208097678 14595 
103.960396 0.014363 0.0001198457342 14363 
105.9405941 0.014132 0.0001188780888 14132 
107.9207921 0.014412 0.0001200499896 14412 
109.9009901 0.014278 0.0001194905854 14278 
111.8811881 0.014273 0.0001194696614 14273 
113.8613861 0.01446 0.0001202497401 14460 
115.8415842 0.014262 0.0001194236158 14262 
117.8217822 0.014566 0.0001206896847 14566 
119.8019802 0.014395 0.0001199791649 14395 
121.7821782 0.014386 0.0001199416525 14386 
123.7623762 0.014203 0.0001191763399 14203 
125.7425743 0.014334 0.0001197246842 14334 
127.7227723 0.014279 0.0001194947698 14279 
129.7029703 0.014283 0.0001195115057 14283 
131.6831683 0.014399 0.0001199958333 14399 
133.6633663 0.01433 0.000119707978 14330 
135.6435644 0.014261 0.0001194194289 14261 
137.6237624 0.014519 0.0001204948132 14519 
139.6039604 0.002811 5.301886457e-05 2811 
141.5841584 0 0 0 
143.5643564 0 0 0 
145.5445545 0 0 0 
147.5247525 0 0 0 
149.5049505 0 0 0 
151.4851485 0 0 0 
153.4653465 0 0 0 
155.4455446 0 0 0 
157.4257426 0 0 0 
159.4059406 0 0 0 
161.3861386 0 0 0 
163.3663366 0 0 0 
165.3465347 0 0 0 
167.3267327 0 0 0 
169.3069307 0 0 0 
171.2871287 0 0 0 
173.2673267 0 0 0 
175.2475248 0 0 0 
177.2277228 0 0 0 
179.2079208 0 0 0 
181.1881188 0 0 0 
183.1683168 0 0 0 
185.1485149 0 0 0 
187.1287129 0 0 0 
189.1089109 0 0 0 
191.0891089 0 0 0 
193.0693069 0 0 0 
195.049505 0 0 0 
197.029703 0 0 0 
199.009901 0 0 0 
