# Format: McCode with text headers
# URL: http://www.mccode.org
# Creator:  3.5.2, git
# Instrument: templateSANS2.instr
# Ncount: 833333
# Trace: no
# Gravitation: no
# Seed: 1728480828758315
# Directory: R_scan/9
# Nodes: 12
# Param: lambda=6
# Param: dlambda=0.6
# Param: r=500
# Param: PHI=0.001
# Param: Delta_Rho=6e+10
# Param: frac_dir=0.03
# Param: frac_inc=0.01
# Param: slit1=0.02
# Param: slit2=0.02
# Param: LC=3
# Param: LD=3
# Date: Wed Oct  9 15:33:51 2024 (1728480831)
# type: array_1d(1000)
# Source: templateSANS2 (templateSANS2.instr)
# component: Ldetector
# position: 0 0 6.2
# title: Wavelength monitor
# Ncount: 9999996
# filename: Edet.dat
# statistics: X0=6.02712; dX=0.287652;
# signal: Min=0.0266185; Max=0.0389019; Mean=0.0324803;
# values: 32.4803 0.00816059 5.52322e+07
# xvar: L
# yvar: (I,I_err)
# xlabel: Wavelength [AA]
# ylabel: Intensity
# xlimits: 5.5 6.5
# variables: L I I_err N
5.5005 0.02731754223 0.0002167866601 55407 
5.5015 0.02753104559 0.0002181998097 55246 
5.5025 0.02717500092 0.0002163363491 54642 
5.5035 0.02719791379 0.000216972021 54735 
5.5045 0.02761988766 0.0002188288693 55493 
5.5055 0.02787136682 0.0002197543884 55928 
5.5065 0.02762980966 0.0002183833479 55901 
5.5075 0.02729307287 0.0002175428537 54884 
5.5085 0.02737565458 0.0002171877658 55703 
5.5095 0.02760121196 0.0002181121514 56131 
5.5105 0.02714544417 0.0002173727454 54365 
5.5115 0.02711539472 0.0002166205454 54656 
5.5125 0.02773747117 0.0002195281644 55832 
5.5135 0.0277597862 0.00021903841 55856 
5.5145 0.02722562181 0.0002175578042 54672 
5.5155 0.02682646128 0.0002160825685 53738 
5.5165 0.02800527142 0.0002201362645 56261 
5.5175 0.02782835655 0.0002199765781 55599 
5.5185 0.02726641119 0.0002173332074 55049 
5.5195 0.02749137222 0.0002186260958 55397 
5.5205 0.02698464361 0.0002161652695 54542 
5.5215 0.02739649722 0.000217784227 54944 
5.5225 0.02756961819 0.0002187551996 55498 
5.5235 0.02724292096 0.0002183265236 53860 
5.5245 0.02713351362 0.0002169594049 54905 
5.5255 0.02799017788 0.0002203594593 56046 
5.5265 0.02717233485 0.0002173094009 54523 
5.5275 0.02774823493 0.000220037314 55274 
5.5285 0.02788593712 0.0002202471829 56005 
5.5295 0.02758022982 0.0002187973208 55925 
5.5305 0.02741356945 0.0002189353872 54632 
5.5315 0.02661848739 0.0002151839789 53555 
5.5325 0.02753869831 0.0002189938308 55282 
5.5335 0.02829836209 0.0002230529441 55844 
5.5345 0.02812419693 0.0002218558552 56048 
5.5355 0.02801060692 0.0002212891784 56220 
5.5365 0.02788803856 0.0002205792144 55995 
5.5375 0.02802198677 0.0002212920267 56414 
5.5385 0.02791314697 0.000221092137 55483 
5.5395 0.02780002487 0.0002207653486 55166 
5.5405 0.02726626547 0.0002184754741 54617 
5.5415 0.02792812856 0.000220478281 56189 
5.5425 0.02841405919 0.0002228908584 56240 
5.5435 0.02724984553 0.000218783719 53877 
5.5445 0.02775386441 0.00022021784 55345 
5.5455 0.0276089972 0.0002194309539 55317 
5.5465 0.02752123122 0.0002196428558 54463 
5.5475 0.02794474691 0.000220762377 55852 
5.5485 0.02760728545 0.0002198969181 55143 
5.5495 0.02785037711 0.0002215173639 55186 
5.5505 0.02737258724 0.0002185126303 54883 
5.5515 0.02775576741 0.0002210351701 54743 
5.5525 0.02766918995 0.0002207273051 54321 
5.5535 0.02781688016 0.000221064594 55557 
5.5545 0.02752156532 0.0002194623581 54999 
5.5555 0.0276985292 0.0002213863779 54427 
5.5565 0.02770283643 0.0002210711756 54656 
5.5575 0.02822285435 0.0002231190398 55513 
5.5585 0.02811779068 0.0002227654997 55778 
5.5595 0.02817473323 0.0002223830247 56093 
5.5605 0.0283427614 0.000224280898 55069 
5.5615 0.0275518546 0.0002198281879 54885 
5.5625 0.02785758791 0.0002219285477 55531 
5.5635 0.02794262358 0.000222082526 55005 
5.5645 0.02763099269 0.000221127298 54295 
5.5655 0.02788946931 0.0002217806266 55121 
5.5665 0.02780963 0.0002218079419 54463 
5.5675 0.02875362883 0.0002252497191 56686 
5.5685 0.02793187255 0.0002219753106 55316 
5.5695 0.02777390576 0.0002218613374 54847 
5.5705 0.02843377197 0.0002241660383 55778 
5.5715 0.02769289776 0.0002210828097 55057 
5.5725 0.02774177525 0.0002214998551 54513 
5.5735 0.02873276627 0.0002256429464 56159 
5.5745 0.02768752858 0.0002211855227 54436 
5.5755 0.02837607316 0.0002238716401 55919 
5.5765 0.02778622294 0.0002220716876 55073 
5.5775 0.02843948954 0.0002246717618 55495 
5.5785 0.02830703418 0.0002245389154 54578 
5.5795 0.02798103852 0.000222523608 55083 
5.5805 0.02736136776 0.0002198773939 53843 
5.5815 0.02833474211 0.0002244340281 55424 
5.5825 0.0285948641 0.000225561827 55703 
5.5835 0.02838396517 0.0002241276529 55888 
5.5845 0.02836550667 0.0002251746725 55285 
5.5855 0.02766944487 0.0002218118154 53953 
5.5865 0.02862281277 0.0002254460228 55905 
5.5875 0.02793580398 0.000222418651 54755 
5.5885 0.02768255963 0.0002218642351 54530 
5.5895 0.02811402571 0.0002232846366 55303 
5.5905 0.02833333206 0.0002242002527 55565 
5.5915 0.027966924 0.0002230742388 54719 
5.5925 0.02809953908 0.0002230024626 55275 
5.5935 0.02798797143 0.0002235478401 54777 
5.5945 0.02847161402 0.0002255427986 55596 
5.5955 0.02763753807 0.0002218865322 54104 
5.5965 0.02883702543 0.000227443727 55340 
5.5975 0.02801602193 0.0002228526388 55178 
5.5985 0.02830682408 0.0002252360583 54793 
5.5995 0.02784778516 0.0002226355318 54571 
5.6005 0.02837804441 0.0002249568453 55341 
5.6015 0.02819182592 0.0002238667041 55080 
5.6025 0.02890073989 0.0002274164525 55963 
5.6035 0.02863110827 0.0002262204503 56031 
5.6045 0.02853890106 0.0002258307244 55448 
5.6055 0.02831455614 0.0002252021323 55382 
5.6065 0.02810700178 0.0002246830691 54810 
5.6075 0.02799008806 0.0002239576971 54516 
5.6085 0.02880493863 0.0002278067334 55176 
5.6095 0.02795311214 0.0002238230412 54266 
5.6105 0.02907731957 0.000228295121 56486 
5.6115 0.02854220915 0.0002262588067 54980 
5.6125 0.02849977604 0.0002260795388 55166 
5.6135 0.02845235101 0.0002256953471 55845 
5.6145 0.02849519607 0.0002267329125 54969 
5.6155 0.02803107023 0.0002241287991 54799 
5.6165 0.0289138339 0.0002282550031 55889 
5.6175 0.02871693003 0.000227225197 55315 
5.6185 0.02797269701 0.0002243133086 54379 
5.6195 0.02821324658 0.000224354003 54794 
5.6205 0.02837383597 0.0002262743134 54713 
5.6215 0.02909348788 0.0002292437257 55922 
5.6225 0.02893755647 0.0002284276121 56202 
5.6235 0.02872318509 0.0002273130158 55170 
5.6245 0.02847354466 0.0002268581169 54817 
5.6255 0.02846103681 0.0002262347811 54767 
5.6265 0.02935509889 0.0002302662426 56484 
5.6275 0.0282892143 0.0002256029668 54855 
5.6285 0.02843161626 0.0002259000368 55183 
5.6295 0.02862220424 0.0002280243269 54567 
5.6305 0.0284998334 0.000226769354 54784 
5.6315 0.02876741908 0.0002279214711 55697 
5.6325 0.02831517917 0.0002265816283 54457 
5.6335 0.02778319717 0.0002241131135 54086 
5.6345 0.0290191748 0.0002293405794 55560 
5.6355 0.02826804672 0.000226228416 54616 
5.6365 0.02861881717 0.00022699828 55337 
5.6375 0.02873287952 0.0002279799961 55544 
5.6385 0.02881462451 0.0002293014332 54748 
5.6395 0.02956538519 0.0002315173621 56451 
5.6405 0.02903196743 0.0002295563379 55452 
5.6415 0.02823717169 0.0002259583293 54401 
5.6425 0.02933191407 0.0002308053045 56164 
5.6435 0.02809626885 0.000225284027 54497 
5.6445 0.02974652015 0.0002322892591 56879 
5.6455 0.02870080243 0.0002286446605 55049 
5.6465 0.02902852704 0.0002296895358 55281 
5.6475 0.02939949863 0.0002313805419 56247 
5.6485 0.02922482276 0.0002303159967 56056 
5.6495 0.02892711895 0.0002289714368 55521 
5.6505 0.0283969657 0.0002270637145 54849 
5.6515 0.02847807564 0.0002276896658 54271 
5.6525 0.02940362588 0.0002319199329 55776 
5.6535 0.02931412959 0.0002308434592 56057 
5.6545 0.02913556151 0.0002310684927 55371 
5.6555 0.02917601542 0.0002307289738 56054 
5.6565 0.02935014155 0.0002315732233 56008 
5.6575 0.02886776159 0.0002300203215 54740 
5.6585 0.02879882198 0.0002291930674 54977 
5.6595 0.02876086242 0.0002298932953 54695 
5.6605 0.0293466541 0.0002313943812 55838 
5.6615 0.02852154233 0.0002285393878 54734 
5.6625 0.02915141635 0.0002313727029 55357 
5.6635 0.02888078108 0.0002296434356 54590 
5.6645 0.02877593695 0.000229126071 55287 
5.6655 0.02953691656 0.0002324683361 55926 
5.6665 0.02852585752 0.0002287194533 54145 
5.6675 0.02863839585 0.0002290398106 54393 
5.6685 0.02912961607 0.0002306102327 55286 
5.6695 0.02902831497 0.0002308879467 55088 
5.6705 0.02917523651 0.0002312248164 55413 
5.6715 0.02888350796 0.0002299365349 55028 
5.6725 0.02962489742 0.0002330956037 55591 
5.6735 0.02930356962 0.0002321391243 55386 
5.6745 0.02915257418 0.0002314748713 55226 
5.6755 0.02927411811 0.0002318666599 54876 
5.6765 0.02883639337 0.0002299683557 54625 
5.6775 0.02935963556 0.0002322797316 55484 
5.6785 0.02908707732 0.0002303299835 56058 
5.6795 0.02914277985 0.0002317467006 55228 
5.6805 0.0290531505 0.0002308699317 54892 
5.6815 0.02902875544 0.0002308653774 54928 
5.6825 0.02946108022 0.000232828424 55332 
5.6835 0.02913770723 0.0002317954412 54951 
5.6845 0.02933080614 0.0002331597146 55042 
5.6855 0.02873903288 0.0002294132661 55026 
5.6865 0.02890899273 0.0002307781125 54532 
5.6875 0.02833764339 0.0002286691439 53534 
5.6885 0.02900055713 0.0002312374023 54879 
5.6895 0.02938881295 0.0002328646417 55100 
5.6905 0.02858737629 0.0002292620935 54014 
5.6915 0.02909133236 0.0002318860534 54820 
5.6925 0.02969061669 0.0002340777361 56338 
5.6935 0.02856980348 0.0002294661187 54281 
5.6945 0.02889037849 0.0002302532857 54637 
5.6955 0.02957648779 0.000233985508 55523 
5.6965 0.02941519586 0.0002326787085 55369 
5.6975 0.02899622493 0.0002317813064 54779 
5.6985 0.02986994238 0.0002353924332 55885 
5.6995 0.02918423076 0.0002316252261 55689 
5.7005 0.02945914806 0.0002329751849 55247 
5.7015 0.02958295776 0.0002341525894 55203 
5.7025 0.02877823754 0.0002310861597 53705 
5.7035 0.02939572394 0.0002336240267 55293 
5.7045 0.02866408805 0.0002297114712 54746 
5.7055 0.0296185262 0.0002349605221 54847 
5.7065 0.02932848274 0.0002331903434 55267 
5.7075 0.02863221978 0.0002298252288 54343 
5.7085 0.03010974094 0.0002363828139 56418 
5.7095 0.02993462728 0.0002354187556 56313 
5.7105 0.0301030462 0.0002369677466 55768 
5.7115 0.02946738135 0.0002346502036 54404 
5.7125 0.02950278041 0.0002340543063 54896 
5.7135 0.03001583919 0.0002362374765 55970 
5.7145 0.02973021124 0.0002353707892 55418 
5.7155 0.03007727237 0.0002364381726 56183 
5.7165 0.0294541677 0.0002341235809 54887 
5.7175 0.02966891343 0.0002351604892 55336 
5.7185 0.02912170982 0.0002331020771 54365 
5.7195 0.02938714111 0.0002345657801 54631 
5.7205 0.02943917701 0.0002349362756 54061 
5.7215 0.02879712899 0.0002316099406 54034 
5.7225 0.03031411198 0.0002385630756 55566 
5.7235 0.02979340222 0.0002364156878 54892 
5.7245 0.03021480058 0.000237387751 55857 
5.7255 0.0293921997 0.0002342130502 54961 
5.7265 0.02992832325 0.0002366050725 55517 
5.7275 0.02953794919 0.0002347371621 55409 
5.7285 0.02979427612 0.0002365720386 55161 
5.7295 0.02978355034 0.0002361406333 55449 
5.7305 0.02913756128 0.0002333824956 54030 
5.7315 0.02898202307 0.0002321670823 55020 
5.7325 0.0300043818 0.0002376385544 55031 
5.7335 0.03019631507 0.0002378478538 55723 
5.7345 0.02936224865 0.0002338569007 55294 
5.7355 0.0297663177 0.0002361390555 55053 
5.7365 0.02922680732 0.0002339192372 54391 
5.7375 0.02972744061 0.0002364914734 54954 
5.7385 0.02985551254 0.0002367030156 55486 
5.7395 0.02951530837 0.0002349289513 54789 
5.7405 0.02987718315 0.0002371591247 55113 
5.7415 0.02969638356 0.0002362422736 54980 
5.7425 0.03051018473 0.0002396265411 56007 
5.7435 0.02943176714 0.0002351460006 54623 
5.7445 0.02991678229 0.000237429209 55285 
5.7455 0.02945515554 0.0002363520511 54150 
5.7465 0.0295224685 0.0002356516534 55220 
5.7475 0.02983949003 0.0002371402475 55049 
5.7485 0.03014472612 0.0002390955877 55198 
5.7495 0.02985420485 0.0002377625195 54961 
5.7505 0.03033323023 0.0002388069012 55804 
5.7515 0.03068869927 0.0002403066245 56422 
5.7525 0.02995016311 0.0002372740712 55522 
5.7535 0.03034340015 0.0002393581033 55918 
5.7545 0.0300498497 0.0002384894256 55150 
5.7555 0.03017373135 0.0002388316368 55595 
5.7565 0.02943766273 0.000235545564 54379 
5.7575 0.03009590956 0.0002386099224 54935 
5.7585 0.03003238234 0.0002384780503 55142 
5.7595 0.02928998084 0.000235568016 54045 
5.7605 0.02976307486 0.0002373011875 54456 
5.7615 0.03022381913 0.0002397447025 55065 
5.7625 0.02924684044 0.0002345976955 54620 
5.7635 0.02990601804 0.000237652592 54856 
5.7645 0.0308256897 0.0002416028282 56023 
5.7655 0.0297781435 0.0002371765839 54868 
5.7665 0.03023106897 0.0002399068064 54920 
5.7675 0.02969622087 0.000237141746 54527 
5.7685 0.03056438461 0.0002407354477 55915 
5.7695 0.03011307931 0.0002390910853 54612 
5.7705 0.02996830504 0.0002377186342 55508 
5.7715 0.03059580892 0.0002412221991 55848 
5.7725 0.02980718002 0.0002380345403 54528 
5.7735 0.03012783167 0.0002390878884 54782 
5.7745 0.03079221216 0.0002420857278 55699 
5.7755 0.03020963579 0.0002400034756 55138 
5.7765 0.02988296269 0.0002380736195 54527 
5.7775 0.02989583559 0.0002385501908 54427 
5.7785 0.03024575548 0.0002399052966 55055 
5.7795 0.03057045134 0.0002415469725 55631 
5.7805 0.0304526928 0.0002405380692 55541 
5.7815 0.0300539679 0.0002390968739 54927 
5.7825 0.03030381067 0.0002405542453 55034 
5.7835 0.03009152846 0.0002395786596 55002 
5.7845 0.02969413837 0.0002380242523 54245 
5.7855 0.03010496169 0.0002395062279 55175 
5.7865 0.03021136505 0.0002395883375 55832 
5.7875 0.0301827773 0.0002397330578 55078 
5.7885 0.03027076636 0.000240065372 55569 
5.7895 0.03012952989 0.0002395929512 55349 
5.7905 0.0311518912 0.000244159373 56271 
5.7915 0.02993700448 0.0002386628095 54730 
5.7925 0.03043616869 0.0002411882293 55274 
5.7935 0.0302079691 0.000240686521 54389 
5.7945 0.02987146245 0.0002385564588 54372 
5.7955 0.02962305871 0.0002378356653 54123 
5.7965 0.03062517163 0.0002424821603 55279 
5.7975 0.03114182675 0.0002448453252 55729 
5.7985 0.03039635106 0.0002412511531 54932 
5.7995 0.02979670204 0.000239165418 53749 
5.8005 0.03035936686 0.000240944175 55009 
5.8015 0.03174392961 0.0002473064333 56746 
5.8025 0.02994135205 0.0002397258101 54443 
5.8035 0.03051566429 0.000241711357 55255 
5.8045 0.02979443726 0.0002391562576 54420 
5.8055 0.03066688902 0.0002430028775 54915 
5.8065 0.03028973723 0.0002404891837 54983 
5.8075 0.0300494964 0.000239990882 54285 
5.8085 0.02972138121 0.0002385353083 54147 
5.8095 0.02996480303 0.0002400340826 54419 
5.8105 0.02953918377 0.0002378376729 53887 
5.8115 0.03018223889 0.0002406815447 55468 
5.8125 0.03059804433 0.0002423680438 55097 
5.8135 0.03021882618 0.0002407343524 55036 
5.8145 0.03001290892 0.0002397810819 54424 
5.8155 0.03082462559 0.0002428586888 55730 
5.8165 0.03070557078 0.0002428145158 55696 
5.8175 0.03000066894 0.0002398602997 54332 
5.8185 0.03074718395 0.0002428031202 55340 
5.8195 0.0311032447 0.0002445171311 56321 
5.8205 0.03098161319 0.0002446199227 55750 
5.8215 0.02994416481 0.0002390906737 54731 
5.8225 0.03040730249 0.000240890866 55318 
5.8235 0.03041602555 0.0002415034088 54532 
5.8245 0.03021923434 0.0002405809202 54609 
5.8255 0.03048074797 0.0002419904533 55086 
5.8265 0.03073943856 0.0002422527983 55795 
5.8275 0.03053072785 0.0002415253274 55870 
5.8285 0.03061328614 0.0002422052853 55608 
5.8295 0.03049984248 0.0002421747016 55166 
5.8305 0.03017683063 0.0002411627374 54439 
5.8315 0.03098895591 0.0002435997191 56006 
5.8325 0.03065936123 0.0002425222509 55106 
5.8335 0.03055411276 0.0002421880651 55128 
5.8345 0.02991800456 0.0002391775012 55253 
5.8355 0.03059171054 0.0002423705228 55068 
5.8365 0.03100270919 0.0002442517674 55838 
5.8375 0.03026989875 0.0002403380637 55310 
5.8385 0.03044628723 0.0002422092682 54973 
5.8395 0.03080573211 0.0002434143661 55867 
5.8405 0.03023633709 0.0002408989069 54848 
5.8415 0.03023560452 0.0002405483032 55186 
5.8425 0.03067121219 0.0002429277295 55277 
5.8435 0.03060037427 0.0002423366604 54928 
5.8445 0.03032081305 0.0002415716008 54703 
5.8455 0.03069848489 0.0002425169722 55706 
5.8465 0.03104639042 0.0002444361749 56073 
5.8475 0.03117283175 0.0002452375001 55978 
5.8485 0.03127822611 0.0002461740997 56114 
5.8495 0.03027257944 0.0002413440849 54448 
5.8505 0.03040193183 0.0002417502313 55000 
5.8515 0.03095480137 0.0002442188312 55872 
5.8525 0.03076931787 0.000243790693 55375 
5.8535 0.03075432327 0.0002434752549 55375 
5.8545 0.03038568528 0.0002424179573 54652 
5.8555 0.03063125169 0.0002426215271 55163 
5.8565 0.03114960033 0.0002454091252 55478 
5.8575 0.03029413219 0.0002414488622 54788 
5.8585 0.03126619782 0.0002459219725 55988 
5.8595 0.03131446186 0.0002464573105 55711 
5.8605 0.03081381089 0.0002446753316 55014 
5.8615 0.03056035122 0.0002430435413 54790 
5.8625 0.03103451787 0.0002453422376 55745 
5.8635 0.03089201553 0.0002449617107 55230 
5.8645 0.03093576255 0.0002452134448 55002 
5.8655 0.03037527604 0.0002418904157 54715 
5.8665 0.0310097981 0.0002450794138 55374 
5.8675 0.03143497867 0.000247414909 55735 
5.8685 0.03066883244 0.0002437964542 55381 
5.8695 0.03067023401 0.0002440792533 54815 
5.8705 0.03144846519 0.0002471189662 56116 
5.8715 0.03123209536 0.0002467558335 55292 
5.8725 0.03098374209 0.0002453181628 55205 
5.8735 0.03089971467 0.0002454211821 55089 
5.8745 0.0314988833 0.0002476402823 56057 
5.8755 0.03074900643 0.0002438831563 55223 
5.8765 0.03127728224 0.000247299016 55473 
5.8775 0.03090180579 0.0002451183508 55338 
5.8785 0.03113241021 0.0002465934609 55431 
5.8795 0.03187496333 0.0002490337829 56477 
5.8805 0.03158646522 0.0002478183705 56763 
5.8815 0.03066885729 0.0002444069214 54752 
5.8825 0.03088713936 0.0002461973047 54176 
5.8835 0.03104641454 0.0002458945348 55144 
5.8845 0.03113864479 0.000246633273 54908 
5.8855 0.03100324495 0.000245324015 55359 
5.8865 0.03018527402 0.0002423499386 54197 
5.8875 0.03100658423 0.0002460892661 55085 
5.8885 0.03158345696 0.0002480720015 55835 
5.8895 0.03185873165 0.0002500722109 55843 
5.8905 0.03150886866 0.0002475424228 56103 
5.8915 0.03021087283 0.0002428164653 53697 
5.8925 0.03188213884 0.0002493780233 56358 
5.8935 0.03084139719 0.0002458549033 54570 
5.8945 0.03171808335 0.0002488824493 55914 
5.8955 0.03172411737 0.0002488778125 56319 
5.8965 0.03187277592 0.0002500261901 56640 
5.8975 0.03134370758 0.0002478067826 55480 
5.8985 0.03096324512 0.0002457705041 55644 
5.8995 0.0318519281 0.0002501945259 56369 
5.9005 0.03132826206 0.0002478550991 55143 
5.9015 0.03113305194 0.0002472354369 54821 
5.9025 0.0308160015 0.0002453837698 55259 
5.9035 0.03131147136 0.0002481199836 55341 
5.9045 0.03199830375 0.0002503202066 56494 
5.9055 0.03159823182 0.0002487722117 55721 
5.9065 0.03151539047 0.0002483702071 55374 
5.9075 0.03150533181 0.0002492030932 55061 
5.9085 0.03207424323 0.0002516009689 55869 
5.9095 0.03187244541 0.0002508442008 55671 
5.9105 0.03127890659 0.0002483162941 54944 
5.9115 0.03150559758 0.0002492532594 55148 
5.9125 0.03152544351 0.0002495449332 55469 
5.9135 0.03130786462 0.0002481735917 55589 
5.9145 0.03086690087 0.0002466301352 54155 
5.9155 0.03103938396 0.0002472353277 54630 
5.9165 0.03126546942 0.000248593229 54459 
5.9175 0.03086573844 0.0002461704975 54999 
5.9185 0.03165176032 0.0002501640897 55490 
5.9195 0.03167404193 0.0002499990829 55832 
5.9205 0.03114461067 0.0002474380228 55439 
5.9215 0.03198047899 0.0002515443478 55885 
5.9225 0.03189617451 0.0002507917769 55781 
5.9235 0.03144101533 0.0002488476389 55521 
5.9245 0.03143746885 0.0002492385927 54990 
5.9255 0.0316723664 0.0002500240986 56012 
5.9265 0.03119644296 0.0002483138451 54653 
5.9275 0.03094383638 0.0002476421518 54231 
5.9285 0.03174103651 0.0002504811569 55395 
5.9295 0.03086760707 0.0002465608529 54723 
5.9305 0.0313499932 0.000249191778 54890 
5.9315 0.03168350321 0.0002508126571 54684 
5.9325 0.03183643093 0.0002507753473 55850 
5.9335 0.03213703386 0.0002529142063 55841 
5.9345 0.03207766827 0.0002523010132 55791 
5.9355 0.03128319899 0.0002485591998 55419 
5.9365 0.03172832106 0.0002506202356 55150 
5.9375 0.03200387116 0.0002527689937 55299 
5.9385 0.03184583094 0.0002515863867 55428 
5.9395 0.03194137559 0.0002519396076 55298 
5.9405 0.03160845461 0.0002511133606 54688 
5.9415 0.03163091335 0.0002516578383 54323 
5.9425 0.03126857323 0.0002495133041 53873 
5.9435 0.03184580442 0.0002510617411 55672 
5.9445 0.03085113248 0.0002474716609 54288 
5.9455 0.0316269653 0.0002503313964 55130 
5.9465 0.0313962859 0.0002501803634 54314 
5.9475 0.03202459166 0.0002522735107 55500 
5.9485 0.03187982795 0.0002518055693 55686 
5.9495 0.03240110382 0.0002544907027 55651 
5.9505 0.03223952277 0.000253343129 55727 
5.9515 0.03216836642 0.0002535626567 55432 
5.9525 0.031068307 0.0002482312421 54665 
5.9535 0.03134037035 0.000249849678 54263 
5.9545 0.03103092822 0.0002491674031 53786 
5.9555 0.03216732336 0.0002534723467 55271 
5.9565 0.03166659435 0.0002511624033 55548 
5.9575 0.03199898816 0.0002527127037 55988 
5.9585 0.03200827781 0.0002531805651 55418 
5.9595 0.03194253138 0.0002528733508 54919 
5.9605 0.03250646425 0.0002552736538 55716 
5.9615 0.03123014865 0.0002496766323 54462 
5.9625 0.03274347267 0.0002563922029 56095 
5.9635 0.0315707479 0.0002506629215 55300 
5.9645 0.03163226288 0.0002517470903 55057 
5.9655 0.03193720223 0.0002527480088 55463 
5.9665 0.03238573316 0.0002542433126 55898 
5.9675 0.03157187929 0.0002511979023 55107 
5.9685 0.03200663985 0.0002536882191 55435 
5.9695 0.0323653851 0.0002553674173 55401 
5.9705 0.03158000082 0.0002516167899 54850 
5.9715 0.03237003238 0.0002547380587 55703 
5.9725 0.03257705961 0.000255743694 56170 
5.9735 0.03246611313 0.00025537725 55909 
5.9745 0.03238421026 0.0002543602867 56397 
5.9755 0.03233980502 0.0002551207997 55443 
5.9765 0.03239738524 0.0002552884513 55632 
5.9775 0.0321514743 0.0002543784974 55267 
5.9785 0.032164674 0.0002544926724 55431 
5.9795 0.03210343755 0.0002545158587 55023 
5.9805 0.03282517308 0.0002566562878 56416 
5.9815 0.03158646616 0.000252385488 54449 
5.9825 0.03217224382 0.0002548077027 55094 
5.9835 0.0320814929 0.0002544854534 54705 
5.9845 0.0317569203 0.0002521690232 54836 
5.9855 0.03229672776 0.0002561394987 54740 
5.9865 0.03253913335 0.0002564875773 55239 
5.9875 0.03243998027 0.0002556618413 55538 
5.9885 0.03198854225 0.0002534203724 55305 
5.9895 0.03274527891 0.0002577598862 55854 
5.9905 0.03146976144 0.0002519725449 53978 
5.9915 0.03307296326 0.0002587125162 56049 
5.9925 0.03230291582 0.0002553998722 55189 
5.9935 0.0321156304 0.0002546306071 55047 
5.9945 0.03223288448 0.0002552471329 55448 
5.9955 0.03267146626 0.0002570845059 55682 
5.9965 0.03335481036 0.0002602361679 56063 
5.9975 0.03285311987 0.0002580038168 55572 
5.9985 0.03228197703 0.0002550369861 55433 
5.9995 0.03250493819 0.0002565627702 55732 
6.0005 0.03264862686 0.0002561993561 56341 
6.0015 0.03230405535 0.0002553570895 55343 
6.0025 0.03286433607 0.0002580345866 55995 
6.0035 0.03227839547 0.0002562647513 55159 
6.0045 0.03247860243 0.0002570624946 54981 
6.0055 0.03165582244 0.0002532430885 54437 
6.0065 0.03307696398 0.0002589133789 56068 
6.0075 0.03205649755 0.0002547993678 55083 
6.0085 0.03260500743 0.0002570749035 55623 
6.0095 0.03141984623 0.0002519899591 54306 
6.0105 0.03329169398 0.0002606306171 56105 
6.0115 0.03165334564 0.0002529130902 54365 
6.0125 0.03229468566 0.0002559060661 55539 
6.0135 0.03276362213 0.0002579972332 55623 
6.0145 0.03218100969 0.0002555308456 55063 
6.0155 0.0321301241 0.0002562440139 54807 
6.0165 0.03277330092 0.0002586036707 55559 
6.0175 0.03319130243 0.0002598321408 56352 
6.0185 0.03327176831 0.0002606802731 56287 
6.0195 0.03197434246 0.000255149936 54714 
6.0205 0.03318413366 0.0002602030954 55906 
6.0215 0.03266022126 0.0002585353068 55342 
6.0225 0.03204835053 0.0002565144298 53809 
6.0235 0.03315038392 0.0002605874866 56147 
6.0245 0.03279997745 0.0002587036567 54826 
6.0255 0.03229192914 0.0002568503194 54551 
6.0265 0.03218656059 0.000256186732 54327 
6.0275 0.03246680395 0.0002577223013 55152 
6.0285 0.03266968529 0.0002580712717 55500 
6.0295 0.03267418751 0.0002584981938 55292 
6.0305 0.03336778787 0.0002614751025 56004 
6.0315 0.03264654095 0.0002590274659 54744 
6.0325 0.03225930008 0.0002563444988 54854 
6.0335 0.03350561507 0.0002621128982 56777 
6.0345 0.03229635712 0.0002573143012 54370 
6.0355 0.03278531844 0.0002591522638 56072 
6.0365 0.03377664034 0.00026308317 56381 
6.0375 0.03261472707 0.0002585358138 54874 
6.0385 0.0334526649 0.000262176542 56443 
6.0395 0.03273848463 0.0002591046192 54737 
6.0405 0.03276305806 0.000260109249 54479 
6.0415 0.03324288441 0.0002612855801 55647 
6.0425 0.03292028241 0.0002599600215 55088 
6.0435 0.03335744816 0.0002620465924 55987 
6.0445 0.03271265707 0.0002590948111 55593 
6.0455 0.03327479679 0.0002621447918 55423 
6.0465 0.03336856695 0.0002618873838 55876 
6.0475 0.03301693792 0.0002602942571 55458 
6.0485 0.03284813038 0.0002600591519 55307 
6.0495 0.03300514422 0.0002611320333 55290 
6.0505 0.03348846243 0.0002630191261 55830 
6.0515 0.03313788926 0.000260944097 55750 
6.0525 0.03257017326 0.0002585977547 55180 
6.0535 0.03316172048 0.0002609306557 55892 
6.0545 0.03311264622 0.0002616283242 55263 
6.0555 0.03239564114 0.000258488335 53968 
6.0565 0.03392964159 0.0002652102653 56392 
6.0575 0.03268881281 0.0002597176832 54785 
6.0585 0.03318269451 0.0002618886218 55322 
6.0595 0.03431491244 0.0002660132666 57122 
6.0605 0.03234832713 0.0002577507657 54702 
6.0615 0.03340853536 0.0002630165955 55595 
6.0625 0.03318633006 0.0002610095358 55451 
6.0635 0.03308030318 0.0002616550918 55365 
6.0645 0.0335831509 0.0002631543454 55908 
6.0655 0.03220135574 0.0002578648094 54238 
6.0665 0.03345028562 0.0002629954421 56230 
6.0675 0.03303783889 0.0002610738881 55506 
6.0685 0.03335337884 0.0002630920355 55799 
6.0695 0.03258894625 0.0002598329818 54567 
6.0705 0.03347812027 0.0002634494855 55276 
6.0715 0.03258894079 0.0002588153137 55059 
6.0725 0.03278629239 0.0002602049542 55018 
6.0735 0.03387501465 0.0002649669295 56392 
6.0745 0.03362015707 0.0002647421673 55883 
6.0755 0.03320407411 0.0002621082316 55404 
6.0765 0.03334840391 0.0002629298055 55383 
6.0775 0.03290367572 0.0002613520016 54538 
6.0785 0.03260777217 0.0002596751449 54769 
6.0795 0.03331143772 0.0002630512777 55756 
6.0805 0.03273221525 0.0002606320764 54588 
6.0815 0.03367132658 0.0002647347216 56173 
6.0825 0.03357623775 0.0002638662736 55980 
6.0835 0.03348417321 0.0002642189765 55438 
6.0845 0.03277000792 0.0002608378325 54771 
6.0855 0.03269117506 0.0002609003898 54143 
6.0865 0.03405536423 0.0002667475768 55873 
6.0875 0.03258930775 0.0002599048788 54481 
6.0885 0.0337019941 0.0002652337733 55830 
6.0895 0.03328985774 0.0002633206897 55018 
6.0905 0.03345021288 0.0002652424964 54566 
6.0915 0.03273406685 0.0002609007649 54407 
6.0925 0.03383583859 0.0002657011868 55563 
6.0935 0.03299435408 0.0002619354987 54627 
6.0945 0.03404652868 0.0002668391358 55849 
6.0955 0.03396829464 0.0002668528607 55711 
6.0965 0.03368587558 0.0002651942699 55506 
6.0975 0.03371696822 0.000265195822 55961 
6.0985 0.03332333851 0.0002638671469 55050 
6.0995 0.03396981476 0.0002667710355 55695 
6.1005 0.03331619112 0.0002635343167 55353 
6.1015 0.03439191325 0.0002689096175 56518 
6.1025 0.03374429964 0.0002657437902 55164 
6.1035 0.03305829679 0.0002627089846 54927 
6.1045 0.0335061519 0.00026441528 55818 
6.1055 0.03357578992 0.0002650532374 55297 
6.1065 0.0338036559 0.0002665139106 55071 
6.1075 0.03402515097 0.0002666740075 56182 
6.1085 0.0331662432 0.0002631219149 55352 
6.1095 0.03366244987 0.0002659144286 54907 
6.1105 0.03375430341 0.000266484756 55233 
6.1115 0.03394074951 0.0002674297235 55392 
6.1125 0.03275056279 0.0002629502872 53623 
6.1135 0.03416717824 0.0002681768092 55733 
6.1145 0.03335750523 0.0002633646324 55571 
6.1155 0.03277710018 0.0002627157382 54314 
6.1165 0.03372005269 0.0002663895519 55163 
6.1175 0.03417977698 0.0002680239236 56104 
6.1185 0.03336731361 0.0002647483111 54675 
6.1195 0.0329319179 0.0002629662009 54500 
6.1205 0.03399636718 0.0002680890562 55131 
6.1215 0.03299760064 0.0002632554756 54432 
6.1225 0.03411224017 0.0002680038664 55863 
6.1235 0.03326693075 0.0002639180249 55184 
6.1245 0.03441878274 0.0002699792429 55796 
6.1255 0.0334985617 0.0002662927351 54617 
6.1265 0.0335550595 0.0002659162334 55194 
6.1275 0.03510162126 0.0002724282561 57122 
6.1285 0.03402343542 0.0002671782056 56408 
6.1295 0.03382884228 0.0002664625106 55839 
6.1305 0.03424118187 0.0002690975533 55891 
6.1315 0.03324527546 0.0002649373899 54930 
6.1325 0.03319576721 0.0002646153269 54841 
6.1335 0.03443391621 0.0002690950652 56501 
6.1345 0.03454867742 0.0002703471697 56623 
6.1355 0.03398392318 0.0002680208359 55594 
6.1365 0.03366325567 0.0002668942173 54825 
6.1375 0.03451645702 0.0002704238311 56397 
6.1385 0.03354484224 0.000266338193 54943 
6.1395 0.03413716182 0.0002685441809 55894 
6.1405 0.03410844819 0.0002690412729 55691 
6.1415 0.03482836092 0.0002719619458 55961 
6.1425 0.03471211786 0.0002704532975 56892 
6.1435 0.03366504614 0.0002670800132 54905 
6.1445 0.03362188514 0.0002669324528 54618 
6.1455 0.0335615618 0.0002668357406 54601 
6.1465 0.03425713316 0.0002690428291 56348 
6.1475 0.0335600574 0.0002668364634 54500 
6.1485 0.03292122561 0.0002637295386 54046 
6.1495 0.03401835013 0.0002696566087 54761 
6.1505 0.03344177262 0.0002659955187 54776 
6.1515 0.03424567284 0.0002700558462 55216 
6.1525 0.03358182824 0.0002673355572 54207 
6.1535 0.03413711115 0.0002700545607 55226 
6.1545 0.0342680705 0.0002706012461 55119 
6.1555 0.03421662698 0.0002691111777 55435 
6.1565 0.03381842665 0.000268199493 55223 
6.1575 0.0347510295 0.0002721941926 56087 
6.1585 0.03455529808 0.0002713059269 56120 
6.1595 0.03341332739 0.0002668693152 54138 
6.1605 0.03355065356 0.0002670268954 54691 
6.1615 0.03406230967 0.0002696999833 55021 
6.1625 0.03422511495 0.0002701674474 55427 
6.1635 0.0340041102 0.0002692819375 55004 
6.1645 0.03446039623 0.0002710796599 55764 
6.1655 0.03445178662 0.0002712778637 55859 
6.1665 0.0342918317 0.000270548855 55635 
6.1675 0.03427455935 0.0002705066839 55491 
6.1685 0.03413465406 0.000270141765 55293 
6.1695 0.03353795819 0.0002669715544 54892 
6.1705 0.03392010229 0.0002692754255 54806 
6.1715 0.03373487739 0.0002685257089 54731 
6.1725 0.03368778173 0.0002687919845 54098 
6.1735 0.03373596003 0.0002680924753 54458 
6.1745 0.03473605272 0.0002727154215 55728 
6.1755 0.03356835736 0.0002675298921 55079 
6.1765 0.03387384131 0.0002688105138 55195 
6.1775 0.03381594132 0.0002691170658 54448 
6.1785 0.03503525934 0.0002737560251 56473 
6.1795 0.03436336934 0.0002716300052 55436 
6.1805 0.03447559406 0.0002718144621 55295 
6.1815 0.03428200967 0.0002711241022 55210 
6.1825 0.03421347492 0.0002708468242 54770 
6.1835 0.03395095952 0.0002696357321 54821 
6.1845 0.0342829471 0.0002715317612 55042 
6.1855 0.03429165296 0.0002714699069 55508 
6.1865 0.03394771583 0.0002695405235 55084 
6.1875 0.03445982461 0.0002725081645 54965 
6.1885 0.03400470929 0.0002703653606 54663 
6.1895 0.03439002962 0.000271890314 55042 
6.1905 0.0348338849 0.0002732050112 55832 
6.1915 0.03495431717 0.0002741488311 56102 
6.1925 0.0344058186 0.0002714089126 55834 
6.1935 0.03455277217 0.000273181844 55366 
6.1945 0.03451487303 0.000272304676 55472 
6.1955 0.03521193201 0.0002753860657 56356 
6.1965 0.034931791 0.000274455763 55405 
6.1975 0.03431650905 0.0002723857555 54576 
6.1985 0.03514707996 0.0002749875199 55910 
6.1995 0.03544125532 0.0002766174984 55802 
6.2005 0.03521067299 0.0002758357388 55791 
6.2015 0.03470392559 0.0002739660042 55145 
6.2025 0.03492754896 0.0002741410026 56110 
6.2035 0.03516604747 0.0002763703639 55487 
6.2045 0.03487189653 0.0002740432987 55459 
6.2055 0.03455069086 0.0002732259608 55104 
6.2065 0.03426115564 0.0002721509124 54624 
6.2075 0.03500125145 0.0002747006029 55970 
6.2085 0.03458750389 0.0002733502778 55714 
6.2095 0.03438788625 0.0002731036493 54678 
6.2105 0.03453789916 0.000273575959 54878 
6.2115 0.03393531388 0.0002707081302 54335 
6.2125 0.03501272974 0.0002761675943 55282 
6.2135 0.03473322323 0.0002732795042 55734 
6.2145 0.03516714561 0.0002765430627 55634 
6.2155 0.03506495658 0.0002760424232 55133 
6.2165 0.03436930819 0.0002736603797 53994 
6.2175 0.03432033774 0.0002730822069 54402 
6.2185 0.03497992787 0.0002755089071 55416 
6.2195 0.0344205121 0.0002736534995 54453 
6.2205 0.03433427357 0.0002727366163 55010 
6.2215 0.03454956525 0.0002742638729 54834 
6.2225 0.03500403986 0.000275560237 55385 
6.2235 0.03504117633 0.000276029207 55119 
6.2245 0.0347750041 0.0002738581227 55906 
6.2255 0.03399546923 0.0002723575933 53572 
6.2265 0.03467071019 0.00027418583 55186 
6.2275 0.03511838478 0.0002761736684 55775 
6.2285 0.03463163875 0.0002742836275 54799 
6.2295 0.03518456401 0.0002764272069 56252 
6.2305 0.03492528622 0.0002760803988 54924 
6.2315 0.03466553422 0.0002742720701 55623 
6.2325 0.03494943943 0.0002753128844 55391 
6.2335 0.03541550239 0.0002783658455 55590 
6.2345 0.03484988607 0.0002756879065 54464 
6.2355 0.03571497523 0.0002786322813 56632 
6.2365 0.03491874591 0.0002764855196 55035 
6.2375 0.03548220327 0.0002780365038 55446 
6.2385 0.03479091741 0.0002759986679 54732 
6.2395 0.03424365969 0.0002733963801 54220 
6.2405 0.03467398595 0.0002755355595 54541 
6.2415 0.0352567922 0.0002782067443 54938 
6.2425 0.03575041793 0.0002795397386 56160 
6.2435 0.03470359776 0.0002762376411 54123 
6.2445 0.03524379732 0.0002770737554 55493 
6.2455 0.03512497205 0.0002762591585 55513 
6.2465 0.03514865924 0.0002776329053 54755 
6.2475 0.03489426682 0.0002761337188 55546 
6.2485 0.03540574879 0.0002780668694 56259 
6.2495 0.03556531167 0.000278842153 55908 
6.2505 0.0353770068 0.0002787924755 55027 
6.2515 0.03586389474 0.0002800923093 56453 
6.2525 0.03484022873 0.000276823813 54660 
6.2535 0.03538442702 0.0002781527999 55362 
6.2545 0.03519592564 0.0002780473432 55035 
6.2555 0.03391501083 0.000272642009 53703 
6.2565 0.03463490297 0.0002754263557 54660 
6.2575 0.03458857171 0.0002749727081 55002 
6.2585 0.03494023245 0.0002768297495 55012 
6.2595 0.03540826911 0.0002790081139 55197 
6.2605 0.0340981166 0.0002731574283 53937 
6.2615 0.03568380614 0.00027986522 55665 
6.2625 0.03504980923 0.0002781789899 54834 
6.2635 0.03528832894 0.0002785508231 55010 
6.2645 0.03579863944 0.0002808480673 55561 
6.2655 0.03485119331 0.0002767298017 54496 
6.2665 0.03613294004 0.000283013834 56113 
6.2675 0.03606290253 0.0002819548562 55887 
6.2685 0.03533500195 0.0002795459589 54645 
6.2695 0.03539203407 0.0002795139188 55239 
6.2705 0.03588046439 0.0002814704363 55943 
6.2715 0.03601346849 0.0002817267335 56251 
6.2725 0.03570228673 0.0002806571791 55790 
6.2735 0.03535141722 0.0002800381986 54525 
6.2745 0.03446518551 0.0002758997061 53378 
6.2755 0.03580710004 0.0002801669073 56178 
6.2765 0.03480535752 0.0002767666434 54418 
6.2775 0.0350946822 0.0002784332571 54611 
6.2785 0.03575278991 0.0002804025726 55828 
6.2795 0.03541083162 0.0002794098637 55602 
6.2805 0.03494199308 0.0002778394527 54613 
6.2815 0.0359660498 0.0002819388023 55480 
6.2825 0.03585325082 0.0002822513184 54844 
6.2835 0.03472709954 0.0002773420734 54606 
6.2845 0.03491362522 0.0002785303658 54425 
6.2855 0.03557901487 0.0002811826494 55136 
6.2865 0.03538768126 0.0002797907202 55068 
6.2875 0.0346651553 0.0002761497476 54954 
6.2885 0.03536304409 0.0002798383062 55083 
6.2895 0.0351330309 0.0002785924691 55187 
6.2905 0.03617058361 0.0002834609648 55782 
6.2915 0.03559142761 0.0002811026862 55308 
6.2925 0.03618226182 0.0002833876854 55703 
6.2935 0.03566434331 0.0002812077218 55511 
6.2945 0.03552282376 0.0002805077221 54998 
6.2955 0.03546457598 0.0002794159018 55234 
6.2965 0.0358284384 0.0002815901998 55600 
6.2975 0.03501679898 0.0002780590567 54570 
6.2985 0.03659082723 0.0002850539756 56701 
6.2995 0.03499075373 0.0002791334871 54202 
6.3005 0.03578679104 0.000281792997 55519 
6.3015 0.03515434418 0.0002792543454 55103 
6.3025 0.03589637044 0.0002822722069 55664 
6.3035 0.03587212516 0.0002819394831 55820 
6.3045 0.03594009022 0.0002833600398 55516 
6.3055 0.03604259551 0.0002833082218 55642 
6.3065 0.03652042174 0.0002847350683 56568 
6.3075 0.03572712246 0.0002825775711 55231 
6.3085 0.03581701371 0.0002819870285 55845 
6.3095 0.03626097578 0.0002842034278 55602 
6.3105 0.03550484633 0.0002808022193 54840 
6.3115 0.03550800387 0.0002809632501 55356 
6.3125 0.03539833171 0.0002811176554 54556 
6.3135 0.03563803481 0.0002813491383 55396 
6.3145 0.03612574164 0.0002835525075 55739 
6.3155 0.03631227522 0.0002857752656 55135 
6.3165 0.03511128453 0.0002802542165 54384 
6.3175 0.0361451511 0.0002843425192 55504 
6.3185 0.03618814231 0.0002841491608 56122 
6.3195 0.03598898563 0.0002832385443 55650 
6.3205 0.03571406901 0.0002820562469 55064 
6.3215 0.03533526138 0.0002811938963 54949 
6.3225 0.03608522566 0.0002844919855 55390 
6.3235 0.03580518037 0.0002822597535 55847 
6.3245 0.03617046194 0.0002839583224 55537 
6.3255 0.03650618114 0.0002860252315 55920 
6.3265 0.03605957622 0.0002833673743 55592 
6.3275 0.03694294084 0.000288731834 55901 
6.3285 0.03555043324 0.0002820845036 54904 
6.3295 0.03579187218 0.0002838253772 54729 
6.3305 0.03657559219 0.0002866412327 55916 
6.3315 0.03565924368 0.0002831089248 54283 
6.3325 0.036207186 0.000285163552 55379 
6.3335 0.03597171197 0.0002833693168 55469 
6.3345 0.03554431579 0.000282964132 54535 
6.3355 0.03630685512 0.000285651617 55741 
6.3365 0.03627925649 0.0002847101622 55838 
6.3375 0.03627761265 0.000285617211 55153 
6.3385 0.0360320273 0.0002854765572 55022 
6.3395 0.03640272829 0.0002857105728 55750 
6.3405 0.0356481331 0.0002833187787 54958 
6.3415 0.0367561188 0.0002873056832 55970 
6.3425 0.03621408836 0.0002858657796 54989 
6.3435 0.03578425029 0.0002835536478 55563 
6.3445 0.03627125153 0.0002858608657 55289 
6.3455 0.03573560419 0.0002835901085 54850 
6.3465 0.03593911839 0.000285014279 54905 
6.3475 0.03590164489 0.0002841658747 55020 
6.3485 0.03556102697 0.0002826554136 54613 
6.3495 0.03590370361 0.0002843415519 54618 
6.3505 0.03645656698 0.0002859719635 56078 
6.3515 0.03594577345 0.000284661099 55209 
6.3525 0.0365423301 0.000287641469 55535 
6.3535 0.03625497159 0.0002859290093 55219 
6.3545 0.03575111635 0.0002831249587 55101 
6.3555 0.03651494505 0.0002867030788 56146 
6.3565 0.03628353584 0.0002866159272 54988 
6.3575 0.03616522517 0.0002857367216 55174 
6.3585 0.0369632105 0.0002901581939 55624 
6.3595 0.0368881986 0.0002889704474 56040 
6.3605 0.03619474697 0.0002855835085 55411 
6.3615 0.03697519778 0.0002894083696 56088 
6.3625 0.03676010283 0.0002879528365 56301 
6.3635 0.03578837028 0.000284654376 54807 
6.3645 0.03600074536 0.000285546904 54732 
6.3655 0.03632511722 0.0002867329189 55670 
6.3665 0.03598587779 0.000285894062 54542 
6.3675 0.03623136366 0.0002863043394 55266 
6.3685 0.03719078036 0.0002916666657 55706 
6.3695 0.036786965 0.0002888218061 55599 
6.3705 0.03676197085 0.0002894339477 55127 
6.3715 0.03640775611 0.0002879598829 54589 
6.3725 0.03681808868 0.0002898842372 54915 
6.3735 0.03675516335 0.0002886929325 55614 
6.3745 0.03559783487 0.0002845738923 53933 
6.3755 0.03724500328 0.0002909318336 56339 
6.3765 0.0371489931 0.0002904803872 56423 
6.3775 0.03586408005 0.0002852988999 54581 
6.3785 0.03663546316 0.0002883929102 55759 
6.3795 0.03704323989 0.0002900733058 55839 
6.3805 0.03639177029 0.0002877192004 54739 
6.3815 0.03620868261 0.0002867675841 54630 
6.3825 0.03684981397 0.0002901012731 55456 
6.3835 0.03613575251 0.0002869975867 54129 
6.3845 0.03616915874 0.0002869033098 54537 
6.3855 0.03747621559 0.0002927101504 56041 
6.3865 0.03584381351 0.0002858994423 54563 
6.3875 0.0361128858 0.0002870117675 54136 
6.3885 0.03679114432 0.0002898572408 55334 
6.3895 0.03702322837 0.0002910060913 55328 
6.3905 0.03639174099 0.0002882315724 55041 
6.3915 0.03619561257 0.0002868681897 55104 
6.3925 0.03698298662 0.000290908229 55329 
6.3935 0.03666630165 0.0002898052806 55097 
6.3945 0.03702415255 0.000291008609 55675 
6.3955 0.03625090902 0.0002878579205 54522 
6.3965 0.03725908992 0.0002921471158 55967 
6.3975 0.03722524661 0.0002919286767 55877 
6.3985 0.03643984022 0.0002895751836 54575 
6.3995 0.03670730847 0.0002895483584 55141 
6.4005 0.03702088422 0.0002906923708 55853 
6.4015 0.03776092284 0.0002941944228 56808 
6.4025 0.03673172704 0.000289672897 55084 
6.4035 0.03725128513 0.0002920521883 55675 
6.4045 0.03668638282 0.0002894452348 55508 
6.4055 0.03739001144 0.0002928856325 55443 
6.4065 0.03722768089 0.0002923942805 55501 
6.4075 0.03630742204 0.000288503012 54215 
6.4085 0.03645646902 0.00028921474 54565 
6.4095 0.03723680363 0.00029159321 56185 
6.4105 0.03736855906 0.0002930270864 56021 
6.4115 0.03791145898 0.0002953383098 56492 
6.4125 0.03584222708 0.0002868138027 53886 
6.4135 0.03712550059 0.0002921788466 55093 
6.4145 0.03707215989 0.0002922372359 55320 
6.4155 0.03749484062 0.000293546196 55653 
6.4165 0.03752172084 0.0002944161383 55556 
6.4175 0.03735545452 0.0002935367912 55554 
6.4185 0.03752079308 0.000294254812 55637 
6.4195 0.03611748767 0.0002877357375 54663 
6.4205 0.03725978387 0.0002932499117 55379 
6.4215 0.03743109043 0.0002931759223 55441 
6.4225 0.03648130063 0.0002890828705 55187 
6.4235 0.03739874801 0.0002935348204 55517 
6.4245 0.03734356016 0.0002934672666 55479 
6.4255 0.03666262347 0.0002915153908 54373 
6.4265 0.03706595267 0.0002931461051 54541 
6.4275 0.03732449556 0.0002937568085 55348 
6.4285 0.03673140959 0.0002921966579 54564 
6.4295 0.03676406047 0.0002906118542 54999 
6.4305 0.03688387005 0.0002917462214 54780 
6.4315 0.03696950013 0.0002909111843 55154 
6.4325 0.03678813044 0.0002912784456 55119 
6.4335 0.03743502364 0.0002939096115 55581 
6.4345 0.03788608559 0.0002964782118 55678 
6.4355 0.03583349188 0.0002873888098 53433 
6.4365 0.03674773988 0.0002904879579 55580 
6.4375 0.03653245542 0.0002912614138 53966 
6.4385 0.03667197982 0.0002909565084 54585 
6.4395 0.03646193597 0.0002897187634 54948 
6.4405 0.03623025112 0.0002896728088 53887 
6.4415 0.03663776651 0.0002915814756 54224 
6.4425 0.03756851525 0.0002957115043 55021 
6.4435 0.03664264355 0.0002917585485 54500 
6.4445 0.03715253969 0.0002936091202 55019 
6.4455 0.03693403268 0.0002924785792 54744 
6.4465 0.03791410909 0.0002971031598 55706 
6.4475 0.0374925619 0.00029493528 55538 
6.4485 0.03684619383 0.0002928947732 54377 
6.4495 0.03796822896 0.0002978890047 55418 
6.4505 0.037290836 0.0002945253672 54750 
6.4515 0.03757531565 0.0002956695643 55152 
6.4525 0.03751562543 0.0002952454388 55558 
6.4535 0.03718990536 0.0002935736029 54812 
6.4545 0.03810319754 0.0002980764807 56082 
6.4555 0.03745355037 0.0002951193634 55560 
6.4565 0.03734593125 0.0002948531317 55151 
6.4575 0.0374166164 0.0002957950849 54729 
6.4585 0.03753660497 0.0002953715902 54912 
6.4595 0.03699857422 0.0002938819902 54623 
6.4605 0.03718555089 0.0002944510604 54934 
6.4615 0.03760166705 0.000296727938 55251 
6.4625 0.03784543295 0.0002978125427 55420 
6.4635 0.0376167397 0.0002960918405 55276 
6.4645 0.03745241264 0.0002961198732 55011 
6.4655 0.03746912265 0.000295512905 55243 
6.4665 0.03817777414 0.0002985332013 56014 
6.4675 0.03719283706 0.0002948902865 54645 
6.4685 0.03763670682 0.0002967741131 55266 
6.4695 0.0371766054 0.0002946151131 54842 
6.4705 0.03758822281 0.000296211739 55007 
6.4715 0.03692956078 0.0002932689384 54427 
6.4725 0.03671593556 0.0002929614354 54120 
6.4735 0.03853880895 0.0003014278828 56113 
6.4745 0.03724450973 0.0002952045159 54596 
6.4755 0.0376339441 0.0002972653693 54979 
6.4765 0.03694787293 0.000293659639 54745 
6.4775 0.037322378 0.0002950648146 55146 
6.4785 0.03860322212 0.0003013232692 55546 
6.4795 0.03735962039 0.0002961396444 54501 
6.4805 0.03749369311 0.000295685218 54799 
6.4815 0.03726745149 0.000295577959 54397 
6.4825 0.03750163681 0.0002956374439 54887 
6.4835 0.03766675629 0.0002973685668 55195 
6.4845 0.03715975148 0.0002956440404 54197 
6.4855 0.03788561336 0.0002977087934 55944 
6.4865 0.03737280268 0.0002966035916 54472 
6.4875 0.03849696948 0.0003008074545 55949 
6.4885 0.03703423311 0.0002944100582 54618 
6.4895 0.03826108787 0.0002996357118 55604 
6.4905 0.03840292162 0.0003003626498 55832 
6.4915 0.03803633091 0.0002996969977 55427 
6.4925 0.03773410444 0.0002984384987 54825 
6.4935 0.03723143938 0.0002959369345 54055 
6.4945 0.03890192399 0.0003029112158 56552 
6.4955 0.03789726092 0.0002985765723 55311 
6.4965 0.0382682696 0.0002995959584 55705 
6.4975 0.03747841052 0.0002973708107 54856 
6.4985 0.03753521649 0.0002975940652 55067 
6.4995 0.03832767269 0.0003009029501 55887 
