# Format: McCode with text headers
# URL: http://www.mccode.org
# Creator:  3.5.2, git
# Instrument: Airport_scannerII.instr
# Ncount: 10000000
# Trace: no
# Gravitation: no
# Seed: 1728639920910487
# Directory: Scan_Src_Quasi_1e7/13
# Param: SFILE=input_abs_objects_template.dat
# Param: ANGLE=0
# Param: posX=-0.275
# Param: posY=-0.3
# Param: posZ=0
# Param: Ncount=0
# Date: Fri Oct 11 09:46:00 2024 (1728639960)
# type: array_1d(101)
# Source: Airp_scannerII (Airport_scannerII.instr)
# component: emon
# position: 0 0 0.11
# title: Energy monitor
# Ncount: 10000000
# filename: emon.dat
# statistics: X0=69.9947; dX=39.8485;
# signal: Min=0; Max=0.0144371; Mean=0.00990099;
# values: 1 0.000316228 1e+07
# xvar: E
# yvar: (I,I_err)
# xlabel: Energy [keV]
# ylabel: Intensity
# xlimits: 0 200
# variables: E I I_err N
0.9900990099 0.0070669 2.658364159e-05 70669 
2.97029703 0.0143165 3.783715106e-05 143165 
4.95049505 0.0143621 3.789736139e-05 143621 
6.930693069 0.0143672 3.790408949e-05 143672 
8.910891089 0.0143684 3.79056724e-05 143684 
10.89108911 0.0143535 3.788601325e-05 143535 
12.87128713 0.0143324 3.785815632e-05 143324 
14.85148515 0.0143562 3.78895764e-05 143562 
16.83168317 0.0143878 3.79312536e-05 143878 
18.81188119 0.0144335 3.799144641e-05 144335 
20.79207921 0.0143235 3.784640009e-05 143235 
22.77227723 0.0143972 3.794364242e-05 143972 
24.75247525 0.0143923 3.793718492e-05 143923 
26.73267327 0.0143086 3.782671014e-05 143086 
28.71287129 0.0143085 3.782657796e-05 143085 
30.69306931 0.0143505 3.78820538e-05 143505 
32.67326733 0.0143467 3.78770379e-05 143467 
34.65346535 0.0142919 3.780462935e-05 142919 
36.63366337 0.0144193 3.797275339e-05 144193 
38.61386139 0.0142938 3.780714218e-05 142938 
40.59405941 0.0143149 3.783503667e-05 143149 
42.57425743 0.0143576 3.789142383e-05 143576 
44.55445545 0.0143812 3.792255266e-05 143812 
46.53465347 0.0144371 3.799618402e-05 144371 
48.51485149 0.0143914 3.793599873e-05 143914 
50.4950495 0.0142927 3.78056874e-05 142927 
52.47524752 0.0143371 3.786436319e-05 143371 
54.45544554 0.0143581 3.789208361e-05 143581 
56.43564356 0.0143783 3.791872888e-05 143783 
58.41584158 0.0143441 3.787360558e-05 143441 
60.3960396 0.0143743 3.791345408e-05 143743 
62.37623762 0.0143559 3.788918051e-05 143559 
64.35643564 0.0142869 3.779801582e-05 142869 
66.33663366 0.0143503 3.788178982e-05 143503 
68.31683168 0.014356 3.788931248e-05 143560 
70.2970297 0.0143791 3.791978375e-05 143791 
72.27722772 0.0143774 3.791754211e-05 143774 
74.25742574 0.0143522 3.788429754e-05 143522 
76.23762376 0.0143333 3.785934495e-05 143333 
78.21782178 0.0143019 3.781785293e-05 143019 
80.1980198 0.0143576 3.789142383e-05 143576 
82.17821782 0.0143803 3.792136601e-05 143803 
84.15841584 0.0143013 3.781705964e-05 143013 
86.13861386 0.0143922 3.793705313e-05 143922 
88.11881188 0.0143367 3.786383499e-05 143367 
90.0990099 0.014287 3.77981481e-05 142870 
92.07920792 0.0142714 3.777750654e-05 142714 
94.05940594 0.0143047 3.78215547e-05 143047 
96.03960396 0.0143546 3.788746495e-05 143546 
98.01980198 0.0143678 3.790488095e-05 143678 
100 0.0143342 3.786053354e-05 143342 
101.980198 0.0143184 3.783966173e-05 143184 
103.960396 0.0142369 3.773181681e-05 142369 
105.9405941 0.0144115 3.796248148e-05 144115 
107.9207921 0.0142972 3.781163842e-05 142972 
109.9009901 0.0144165 3.796906636e-05 144165 
111.8811881 0.0143443 3.787386962e-05 143443 
113.8613861 0.0143155 3.783582958e-05 143155 
115.8415842 0.0143848 3.792729888e-05 143848 
117.8217822 0.0143126 3.783199704e-05 143126 
119.8019802 0.0143611 3.789604201e-05 143611 
121.7821782 0.0144054 3.795444638e-05 144054 
123.7623762 0.0144123 3.796353514e-05 144123 
125.7425743 0.0143274 3.785155215e-05 143274 
127.7227723 0.0142782 3.778650553e-05 142782 
129.7029703 0.0144002 3.794759544e-05 144002 
131.6831683 0.0144109 3.796169122e-05 144109 
133.6633663 0.0143198 3.78415116e-05 143198 
135.6435644 0.014365 3.790118732e-05 143650 
137.6237624 0.0143485 3.787941393e-05 143485 
139.6039604 0.0028091 1.676036992e-05 28091 
141.5841584 0 0 0 
143.5643564 0 0 0 
145.5445545 0 0 0 
147.5247525 0 0 0 
149.5049505 0 0 0 
151.4851485 0 0 0 
153.4653465 0 0 0 
155.4455446 0 0 0 
157.4257426 0 0 0 
159.4059406 0 0 0 
161.3861386 0 0 0 
163.3663366 0 0 0 
165.3465347 0 0 0 
167.3267327 0 0 0 
169.3069307 0 0 0 
171.2871287 0 0 0 
173.2673267 0 0 0 
175.2475248 0 0 0 
177.2277228 0 0 0 
179.2079208 0 0 0 
181.1881188 0 0 0 
183.1683168 0 0 0 
185.1485149 0 0 0 
187.1287129 0 0 0 
189.1089109 0 0 0 
191.0891089 0 0 0 
193.0693069 0 0 0 
195.049505 0 0 0 
197.029703 0 0 0 
199.009901 0 0 0 
