# Format: McCode with text headers
# URL: http://www.mccode.org
# Creator:  3.5.2, git
# Instrument: Airport_scannerII.instr
# Ncount: 1000000
# Trace: no
# Gravitation: no
# Seed: 1728639380414534
# Directory: Scan_Src_Quasi/8
# Param: SFILE=input_abs_objects_template.dat
# Param: ANGLE=0
# Param: posX=-0.4
# Param: posY=-0.3
# Param: posZ=0
# Param: Ncount=0
# Date: Fri Oct 11 09:36:24 2024 (1728639384)
# type: array_1d(101)
# Source: Airp_scannerII (Airport_scannerII.instr)
# component: emon
# position: 0 0 0.11
# title: Energy monitor
# Ncount: 1000000
# filename: emon.dat
# statistics: X0=70.0448; dX=39.8433;
# signal: Min=0; Max=0.014761; Mean=0.00990099;
# values: 1 0.001 1e+06
# xvar: E
# yvar: (I,I_err)
# xlabel: Energy [keV]
# ylabel: Intensity
# xlimits: 0 200
# variables: E I I_err N
0.9900990099 0.007001 8.367197858e-05 7001 
2.97029703 0.014402 0.000120008333 14402 
4.95049505 0.014257 0.00011940268 14257 
6.930693069 0.014256 0.0001193984925 14256 
8.910891089 0.014489 0.0001203702621 14489 
10.89108911 0.014349 0.0001197873115 14349 
12.87128713 0.014431 0.0001201290972 14431 
14.85148515 0.014427 0.0001201124473 14427 
16.83168317 0.014378 0.0001199082983 14378 
18.81188119 0.014273 0.0001194696614 14273 
20.79207921 0.014302 0.0001195909696 14302 
22.77227723 0.014241 0.0001193356611 14241 
24.75247525 0.014263 0.0001194278025 14263 
26.73267327 0.014481 0.0001203370267 14481 
28.71287129 0.014304 0.0001195993311 14304 
30.69306931 0.014489 0.0001203702621 14489 
32.67326733 0.014519 0.0001204948132 14519 
34.65346535 0.01426 0.0001194152419 14260 
36.63366337 0.014461 0.0001202538981 14461 
38.61386139 0.014076 0.0001186423196 14076 
40.59405941 0.0142 0.0001191637529 14200 
42.57425743 0.014371 0.0001198791058 14371 
44.55445545 0.01429 0.000119540788 14290 
46.53465347 0.014129 0.0001188654702 14129 
48.51485149 0.014535 0.0001205611878 14535 
50.4950495 0.014039 0.0001184862861 14039 
52.47524752 0.014219 0.0001192434485 14219 
54.45544554 0.014343 0.0001197622645 14343 
56.43564356 0.014456 0.0001202331069 14456 
58.41584158 0.014142 0.0001189201413 14142 
60.3960396 0.014336 0.0001197330364 14336 
62.37623762 0.014216 0.0001192308685 14216 
64.35643564 0.014375 0.0001198957881 14375 
66.33663366 0.014419 0.0001200791406 14419 
68.31683168 0.014254 0.0001193901168 14254 
70.2970297 0.01438 0.0001199166377 14380 
72.27722772 0.014545 0.0001206026534 14545 
74.25742574 0.014428 0.00012011661 14428 
76.23762376 0.014325 0.000119687092 14325 
78.21782178 0.01421 0.0001192057046 14210 
80.1980198 0.014079 0.000118654962 14079 
82.17821782 0.0144 0.00012 14400 
84.15841584 0.014503 0.000120428402 14503 
86.13861386 0.014551 0.0001206275259 14551 
88.11881188 0.014293 0.0001195533354 14293 
90.0990099 0.014318 0.0001196578455 14318 
92.07920792 0.014378 0.0001199082983 14378 
94.05940594 0.014459 0.000120245582 14459 
96.03960396 0.014328 0.0001196996241 14328 
98.01980198 0.014388 0.0001199499896 14388 
100 0.014251 0.0001193775523 14251 
101.980198 0.014554 0.0001206399602 14554 
103.960396 0.014355 0.0001198123533 14355 
105.9405941 0.014674 0.0001211362869 14674 
107.9207921 0.014761 0.0001214948559 14761 
109.9009901 0.014435 0.0001201457448 14435 
111.8811881 0.014373 0.0001198874472 14373 
113.8613861 0.014073 0.0001186296759 14073 
115.8415842 0.014426 0.0001201082845 14426 
117.8217822 0.014189 0.000119117589 14189 
119.8019802 0.014347 0.0001197789631 14347 
121.7821782 0.014473 0.0001203037822 14473 
123.7623762 0.014232 0.0001192979463 14232 
125.7425743 0.014469 0.0001202871564 14469 
127.7227723 0.014162 0.0001190042016 14162 
129.7029703 0.01457 0.000120706255 14570 
131.6831683 0.014311 0.0001196285919 14311 
133.6633663 0.014489 0.0001203702621 14489 
135.6435644 0.014463 0.0001202622135 14463 
137.6237624 0.014036 0.0001184736258 14036 
139.6039604 0.002789 5.281098371e-05 2789 
141.5841584 0 0 0 
143.5643564 0 0 0 
145.5445545 0 0 0 
147.5247525 0 0 0 
149.5049505 0 0 0 
151.4851485 0 0 0 
153.4653465 0 0 0 
155.4455446 0 0 0 
157.4257426 0 0 0 
159.4059406 0 0 0 
161.3861386 0 0 0 
163.3663366 0 0 0 
165.3465347 0 0 0 
167.3267327 0 0 0 
169.3069307 0 0 0 
171.2871287 0 0 0 
173.2673267 0 0 0 
175.2475248 0 0 0 
177.2277228 0 0 0 
179.2079208 0 0 0 
181.1881188 0 0 0 
183.1683168 0 0 0 
185.1485149 0 0 0 
187.1287129 0 0 0 
189.1089109 0 0 0 
191.0891089 0 0 0 
193.0693069 0 0 0 
195.049505 0 0 0 
197.029703 0 0 0 
199.009901 0 0 0 
