# Format: McCode with text headers
# URL: http://www.mccode.org
# Creator:  3.5.2, git
# Instrument: Airport_scannerII.instr
# Ncount: 10000000
# Trace: no
# Gravitation: no
# Seed: 1728639566713586
# Directory: Scan_Src_Quasi_1e7/3
# Param: SFILE=input_abs_objects_template.dat
# Param: ANGLE=0
# Param: posX=-0.525
# Param: posY=-0.3
# Param: posZ=0
# Param: Ncount=0
# Date: Fri Oct 11 09:39:53 2024 (1728639593)
# type: array_1d(101)
# Source: Airp_scannerII (Airport_scannerII.instr)
# component: emon
# position: 0 0 0.11
# title: Energy monitor
# Ncount: 10000000
# filename: emon.dat
# statistics: X0=69.9855; dX=39.8447;
# signal: Min=0; Max=0.0144222; Mean=0.00990099;
# values: 1 0.000316228 1e+07
# xvar: E
# yvar: (I,I_err)
# xlabel: Energy [keV]
# ylabel: Intensity
# xlimits: 0 200
# variables: E I I_err N
0.9900990099 0.0070962 2.663869366e-05 70962 
2.97029703 0.0144133 3.796485217e-05 144133 
4.95049505 0.0143829 3.7924794e-05 143829 
6.930693069 0.0143658 3.790224268e-05 143658 
8.910891089 0.0143613 3.789630589e-05 143613 
10.89108911 0.0143723 3.79108164e-05 143723 
12.87128713 0.0142754 3.778280032e-05 142754 
14.85148515 0.0143318 3.785736388e-05 143318 
16.83168317 0.0143496 3.788086588e-05 143496 
18.81188119 0.0143728 3.791147584e-05 143728 
20.79207921 0.0143694 3.790699144e-05 143694 
22.77227723 0.0143659 3.79023746e-05 143659 
24.75247525 0.0143425 3.787149324e-05 143425 
26.73267327 0.0143384 3.786607981e-05 143384 
28.71287129 0.0143895 3.793349443e-05 143895 
30.69306931 0.0143804 3.792149786e-05 143804 
32.67326733 0.0143405 3.786885264e-05 143405 
34.65346535 0.014381 3.792228896e-05 143810 
36.63366337 0.0143654 3.7901715e-05 143654 
38.61386139 0.0143041 3.782076149e-05 143041 
40.59405941 0.0143118 3.783093972e-05 143118 
42.57425743 0.0143719 3.791028884e-05 143719 
44.55445545 0.0143443 3.787386962e-05 143443 
46.53465347 0.0143619 3.789709751e-05 143619 
48.51485149 0.0142906 3.780290994e-05 142906 
50.4950495 0.014367 3.790382566e-05 143670 
52.47524752 0.0144039 3.795247028e-05 144039 
54.45544554 0.0143591 3.789340312e-05 143591 
56.43564356 0.0142961 3.781018381e-05 142961 
58.41584158 0.0143281 3.78524768e-05 143281 
60.3960396 0.0142857 3.77964284e-05 142857 
62.37623762 0.0143579 3.78918197e-05 143579 
64.35643564 0.0143201 3.784190799e-05 143201 
66.33663366 0.0143624 3.789775719e-05 143624 
68.31683168 0.014379 3.79196519e-05 143790 
70.2970297 0.0143538 3.788640917e-05 143538 
72.27722772 0.0144222 3.797657173e-05 144222 
74.25742574 0.0143546 3.788746495e-05 143546 
76.23762376 0.0143661 3.790263843e-05 143661 
78.21782178 0.0143321 3.78577601e-05 143321 
80.1980198 0.0143197 3.784137947e-05 143197 
82.17821782 0.0143675 3.790448522e-05 143675 
84.15841584 0.0143193 3.784085094e-05 143193 
86.13861386 0.014354 3.788667312e-05 143540 
88.11881188 0.0142988 3.781375411e-05 142988 
90.0990099 0.0143286 3.785313725e-05 143286 
92.07920792 0.0143348 3.786132591e-05 143348 
94.05940594 0.014337 3.786423114e-05 143370 
96.03960396 0.0143172 3.783807606e-05 143172 
98.01980198 0.0143909 3.793533972e-05 143909 
100 0.0144024 3.795049407e-05 144024 
101.980198 0.0143662 3.790277035e-05 143662 
103.960396 0.0143387 3.786647594e-05 143387 
105.9405941 0.0143586 3.789274337e-05 143586 
107.9207921 0.0144182 3.797130496e-05 144182 
109.9009901 0.0143401 3.786832449e-05 143401 
111.8811881 0.0143657 3.790211076e-05 143657 
113.8613861 0.0143556 3.788878462e-05 143556 
115.8415842 0.014324 3.784706065e-05 143240 
117.8217822 0.0143152 3.783543313e-05 143152 
119.8019802 0.0143763 3.791609157e-05 143763 
121.7821782 0.0142829 3.779272417e-05 142829 
123.7623762 0.0143178 3.78388689e-05 143178 
125.7425743 0.0143362 3.786317472e-05 143362 
127.7227723 0.0144039 3.795247028e-05 144039 
129.7029703 0.0143438 3.787320953e-05 143438 
131.6831683 0.0143352 3.786185415e-05 143352 
133.6633663 0.0143073 3.782499174e-05 143073 
135.6435644 0.0143422 3.787109716e-05 143422 
137.6237624 0.0143522 3.788429754e-05 143522 
139.6039604 0.0027826 1.668112706e-05 27826 
141.5841584 0 0 0 
143.5643564 0 0 0 
145.5445545 0 0 0 
147.5247525 0 0 0 
149.5049505 0 0 0 
151.4851485 0 0 0 
153.4653465 0 0 0 
155.4455446 0 0 0 
157.4257426 0 0 0 
159.4059406 0 0 0 
161.3861386 0 0 0 
163.3663366 0 0 0 
165.3465347 0 0 0 
167.3267327 0 0 0 
169.3069307 0 0 0 
171.2871287 0 0 0 
173.2673267 0 0 0 
175.2475248 0 0 0 
177.2277228 0 0 0 
179.2079208 0 0 0 
181.1881188 0 0 0 
183.1683168 0 0 0 
185.1485149 0 0 0 
187.1287129 0 0 0 
189.1089109 0 0 0 
191.0891089 0 0 0 
193.0693069 0 0 0 
195.049505 0 0 0 
197.029703 0 0 0 
199.009901 0 0 0 
