# Format: McCode with text headers
# URL: http://www.mccode.org
# Creator:  3.5.2, git
# Instrument: templateSANS2.instr
# Ncount: 833333
# Trace: no
# Gravitation: no
# Seed: 1728481099025421
# Directory: LD_scan/4
# Nodes: 12
# Param: lambda=6
# Param: dlambda=0.6
# Param: r=150
# Param: PHI=0.001
# Param: Delta_Rho=6e+10
# Param: frac_dir=0.03
# Param: frac_inc=0.01
# Param: slit1=0.02
# Param: slit2=0.02
# Param: LC=3
# Param: LD=5
# Date: Wed Oct  9 15:38:21 2024 (1728481101)
# type: array_1d(1000)
# Source: templateSANS2 (templateSANS2.instr)
# component: Ldetector
# position: 0 0 8.2
# title: Wavelength monitor
# Ncount: 9999996
# filename: Edet.dat
# statistics: X0=6.02725; dX=0.287695;
# signal: Min=0.00798777; Max=0.0116213; Mean=0.00971314;
# values: 9.71314 0.00246113 5.12525e+07
# xvar: L
# yvar: (I,I_err)
# xlabel: Wavelength [AA]
# ylabel: Intensity
# xlimits: 5.5 6.5
# variables: L I I_err N
5.5005 0.008123238084 6.50197333e-05 51620 
5.5015 0.008086693946 6.51329489e-05 50752 
5.5025 0.008139657525 6.51952642e-05 51376 
5.5035 0.008063995305 6.492163157e-05 51005 
5.5045 0.008122995034 6.513656371e-05 51212 
5.5055 0.008085481074 6.503320612e-05 51051 
5.5065 0.008108296592 6.528893704e-05 50731 
5.5075 0.008143377393 6.534963735e-05 51081 
5.5085 0.00841562069 6.657271482e-05 52517 
5.5095 0.00820433896 6.571174416e-05 50933 
5.5105 0.008197355048 6.546527852e-05 51829 
5.5115 0.008325804393 6.609045155e-05 52142 
5.5125 0.00798776596 6.471101121e-05 50049 
5.5135 0.008090343721 6.507115747e-05 50796 
5.5145 0.008212705294 6.584179183e-05 51248 
5.5155 0.008178449017 6.551081188e-05 51207 
5.5165 0.008200039283 6.559615683e-05 51477 
5.5175 0.008191879974 6.556745591e-05 51296 
5.5185 0.008112070708 6.533156605e-05 50729 
5.5195 0.008077156475 6.524496784e-05 50528 
5.5205 0.008320789801 6.626453104e-05 51400 
5.5215 0.008154014441 6.5399094e-05 51061 
5.5225 0.008283013015 6.602011162e-05 51518 
5.5235 0.008083639245 6.542767549e-05 50331 
5.5245 0.00828765907 6.623608472e-05 51388 
5.5255 0.008212270745 6.581488615e-05 51091 
5.5265 0.00820770611 6.584329146e-05 51225 
5.5275 0.008344086676 6.646623477e-05 51778 
5.5285 0.008067832542 6.505924664e-05 50783 
5.5295 0.008420759568 6.688054584e-05 51894 
5.5305 0.008224453873 6.572805218e-05 51240 
5.5315 0.008182914435 6.575901147e-05 50884 
5.5325 0.008316017826 6.643360813e-05 51015 
5.5335 0.008151126167 6.578598674e-05 50766 
5.5345 0.008216684613 6.596481983e-05 50903 
5.5355 0.008305751273 6.629706876e-05 51171 
5.5365 0.008262683084 6.592129838e-05 51895 
5.5375 0.008329614563 6.63723073e-05 51451 
5.5385 0.008505488241 6.691032381e-05 53229 
5.5395 0.008220369206 6.598645354e-05 50941 
5.5405 0.008421019009 6.675807471e-05 52345 
5.5415 0.008269355113 6.625056966e-05 51558 
5.5425 0.008321469686 6.635444364e-05 51548 
5.5435 0.008114309181 6.540049496e-05 50954 
5.5445 0.008304770739 6.635830928e-05 51471 
5.5455 0.008364605121 6.682815829e-05 51265 
5.5465 0.008240613343 6.616478579e-05 51118 
5.5475 0.00828868311 6.624540778e-05 51729 
5.5485 0.008428464556 6.716655365e-05 51354 
5.5495 0.008107934756 6.568129668e-05 50397 
5.5505 0.008259008933 6.639490693e-05 50751 
5.5515 0.008104375773 6.553887241e-05 50287 
5.5525 0.008236369241 6.624595074e-05 50565 
5.5535 0.008217580699 6.596229994e-05 50946 
5.5545 0.008258695773 6.632490383e-05 51073 
5.5555 0.008384062258 6.691064517e-05 51534 
5.5565 0.008383181152 6.687671382e-05 51224 
5.5575 0.008272523485 6.645740389e-05 50997 
5.5585 0.008395012494 6.699580765e-05 51105 
5.5595 0.008550129739 6.757099772e-05 52384 
5.5605 0.008409294244 6.689223933e-05 51535 
5.5615 0.00842833863 6.710133402e-05 52141 
5.5625 0.008302735822 6.667006425e-05 50677 
5.5635 0.008304587252 6.684001873e-05 51156 
5.5645 0.008311543691 6.686356956e-05 50577 
5.5655 0.008583783833 6.794988394e-05 51951 
5.5665 0.008304797431 6.664359915e-05 50998 
5.5675 0.0084341565 6.726671528e-05 51690 
5.5685 0.00822679639 6.633211546e-05 50399 
5.5695 0.008268782257 6.616403853e-05 51409 
5.5705 0.008442503964 6.746968137e-05 51556 
5.5715 0.008343452512 6.701600552e-05 51095 
5.5725 0.008450267949 6.739349043e-05 50948 
5.5735 0.008537492974 6.768086733e-05 51928 
5.5745 0.008295899332 6.679121389e-05 50723 
5.5755 0.008446970131 6.725304707e-05 51962 
5.5765 0.008478440464 6.752117979e-05 51882 
5.5775 0.008444450947 6.730831639e-05 51417 
5.5785 0.008384816177 6.729346837e-05 50969 
5.5795 0.008636917287 6.829961632e-05 52431 
5.5805 0.008451230889 6.73728405e-05 51739 
5.5815 0.008337153249 6.707461673e-05 50759 
5.5825 0.00836123732 6.710470261e-05 50797 
5.5835 0.008306917101 6.684769595e-05 50869 
5.5845 0.008569743769 6.808204186e-05 51687 
5.5855 0.008529023197 6.782972033e-05 52012 
5.5865 0.00862893943 6.827380192e-05 52035 
5.5875 0.008456631363 6.764352971e-05 51194 
5.5885 0.008533988856 6.786872667e-05 52181 
5.5895 0.008317914851 6.679808317e-05 50776 
5.5905 0.008462218119 6.760189215e-05 51209 
5.5915 0.008374866224 6.729558339e-05 50673 
5.5925 0.008335669172 6.70229748e-05 50742 
5.5935 0.008395945166 6.729399097e-05 51710 
5.5945 0.008558729777 6.809635045e-05 51556 
5.5955 0.008386449177 6.745126328e-05 50573 
5.5965 0.008653885063 6.832719018e-05 52814 
5.5975 0.00841735369 6.769349295e-05 50455 
5.5985 0.008594585875 6.820776839e-05 52199 
5.5995 0.008582147624 6.809914121e-05 52110 
5.6005 0.008473667799 6.773628537e-05 51395 
5.6015 0.00834392345 6.73094926e-05 50541 
5.6025 0.00842332454 6.76242855e-05 50935 
5.6035 0.008536085923 6.806717961e-05 51403 
5.6045 0.00855715068 6.818660173e-05 51382 
5.6055 0.008485615425 6.771021887e-05 51685 
5.6065 0.008384721938 6.773209862e-05 50084 
5.6075 0.008568266473 6.820974e-05 51463 
5.6085 0.008526299008 6.810900136e-05 51071 
5.6095 0.008488749427 6.779170894e-05 51669 
5.6105 0.008353730569 6.74215881e-05 50920 
5.6115 0.008666338686 6.870629175e-05 51714 
5.6125 0.008495175358 6.796740886e-05 51102 
5.6135 0.00815274599 6.654184663e-05 49368 
5.6145 0.008582132822 6.838859445e-05 51724 
5.6155 0.00855623374 6.837653999e-05 51344 
5.6165 0.008637433697 6.850433289e-05 51952 
5.6175 0.008466222678 6.799050737e-05 51285 
5.6185 0.00853370241 6.811095193e-05 51331 
5.6195 0.008518227569 6.813157394e-05 51546 
5.6205 0.008605977077 6.861857155e-05 51827 
5.6215 0.008414876133 6.76258051e-05 50826 
5.6225 0.008435465089 6.776638046e-05 51148 
5.6235 0.008501277805 6.814069127e-05 50611 
5.6245 0.008676367033 6.889310764e-05 51664 
5.6255 0.008616018125 6.850482018e-05 51830 
5.6265 0.00853169159 6.82343621e-05 51319 
5.6275 0.008637459794 6.888696359e-05 51674 
5.6285 0.008627233535 6.886155182e-05 51440 
5.6295 0.008485327484 6.798381842e-05 51467 
5.6305 0.008463719354 6.810334192e-05 50809 
5.6315 0.008377490528 6.770292236e-05 50333 
5.6325 0.008488849653 6.81411718e-05 50990 
5.6335 0.008488230632 6.827730278e-05 50884 
5.6345 0.008637833008 6.886077445e-05 51214 
5.6355 0.008507655887 6.834974473e-05 50601 
5.6365 0.008786849199 6.963077805e-05 51525 
5.6375 0.008632549674 6.892074593e-05 51674 
5.6385 0.008507501499 6.832815985e-05 50867 
5.6395 0.008736079177 6.917767873e-05 52652 
5.6405 0.008485474818 6.820536778e-05 51229 
5.6415 0.008713271654 6.935746994e-05 51766 
5.6425 0.008494307817 6.848699253e-05 50627 
5.6435 0.008450446076 6.822726235e-05 50903 
5.6445 0.008840383207 6.997963921e-05 52112 
5.6455 0.008801643891 6.977535365e-05 52386 
5.6465 0.008725014755 6.944521455e-05 51414 
5.6475 0.008684258393 6.926201311e-05 51050 
5.6485 0.008709289608 6.926181326e-05 52014 
5.6495 0.008530624735 6.836654445e-05 51316 
5.6505 0.008647655995 6.912053177e-05 51303 
5.6515 0.008578269832 6.873393184e-05 51206 
5.6525 0.008824987404 6.997658769e-05 52158 
5.6535 0.008740591805 6.967481233e-05 51370 
5.6545 0.008460187981 6.849565051e-05 50247 
5.6555 0.008786628193 6.977426116e-05 51663 
5.6565 0.008478493885 6.822118741e-05 50811 
5.6575 0.008631466176 6.903081484e-05 51132 
5.6585 0.008502431064 6.86381449e-05 50597 
5.6595 0.008909644251 7.015531138e-05 52621 
5.6605 0.008761707855 6.976291627e-05 51736 
5.6615 0.008629352832 6.920482993e-05 51230 
5.6625 0.009010587579 7.100003574e-05 52596 
5.6635 0.008551850543 6.889975136e-05 50161 
5.6645 0.008737259519 6.96924666e-05 51439 
5.6655 0.008633406793 6.936232097e-05 50289 
5.6665 0.00879018179 6.994981742e-05 51703 
5.6675 0.008726827683 6.969912478e-05 51078 
5.6685 0.008624077307 6.91686212e-05 51025 
5.6695 0.00867062241 6.964443023e-05 50759 
5.6705 0.008622463301 6.909507429e-05 51061 
5.6715 0.008610440505 6.910667397e-05 50909 
5.6725 0.00861509326 6.944020297e-05 50338 
5.6735 0.008633941151 6.935659654e-05 50895 
5.6745 0.008739128141 6.973808806e-05 51493 
5.6755 0.008700894655 6.97389586e-05 50762 
5.6765 0.008828941739 7.002338314e-05 51961 
5.6775 0.008712720022 6.98010335e-05 50349 
5.6785 0.008784658872 7.004477617e-05 51450 
5.6795 0.008778710213 7.002126754e-05 51296 
5.6805 0.008618142986 6.92906124e-05 50330 
5.6815 0.008601398236 6.925490859e-05 50882 
5.6825 0.008543442856 6.901620528e-05 50276 
5.6835 0.008834852019 7.043119832e-05 51251 
5.6845 0.008710962793 6.972699201e-05 50922 
5.6855 0.008827814613 7.02947837e-05 51753 
5.6865 0.008567540417 6.901120567e-05 50869 
5.6875 0.008765884167 7.003291749e-05 51274 
5.6885 0.008710368481 6.992519619e-05 50656 
5.6895 0.00869009664 6.964556861e-05 50492 
5.6905 0.008712243868 6.966939088e-05 51139 
5.6915 0.008818425243 7.03137635e-05 51412 
5.6925 0.00869868322 6.980027283e-05 50953 
5.6935 0.008661890446 6.95563567e-05 51129 
5.6945 0.008943745152 7.094887481e-05 51613 
5.6955 0.008748093175 7.016680063e-05 50721 
5.6965 0.008832191483 7.049859515e-05 51003 
5.6975 0.008772713431 7.017496364e-05 51211 
5.6985 0.009162039196 7.192299941e-05 52542 
5.6995 0.00888453158 7.078368078e-05 51475 
5.7005 0.008668802584 6.981194683e-05 50482 
5.7015 0.008677233234 6.97649606e-05 50944 
5.7025 0.008897349973 7.0861913e-05 51767 
5.7035 0.008665856366 6.980721348e-05 50560 
5.7045 0.008660131342 6.992691748e-05 50232 
5.7055 0.008853893481 7.076832925e-05 51634 
5.7065 0.008541598138 6.924564816e-05 50108 
5.7075 0.008877818483 7.051033624e-05 51902 
5.7085 0.008764572802 7.010246195e-05 51177 
5.7095 0.008733605593 7.013685155e-05 50846 
5.7105 0.008589187871 6.944384309e-05 50487 
5.7115 0.008796570581 7.053653722e-05 50933 
5.7125 0.008590501071 6.953223823e-05 50115 
5.7135 0.00864813734 6.984272915e-05 50453 
5.7145 0.008692162282 6.99800867e-05 50370 
5.7155 0.008757107355 7.03366348e-05 51269 
5.7165 0.00868458619 6.993706686e-05 50553 
5.7175 0.008615222763 6.983898854e-05 49743 
5.7185 0.008720119257 7.011336134e-05 50519 
5.7195 0.008888173688 7.090773326e-05 51328 
5.7205 0.00875921203 7.038280702e-05 51230 
5.7215 0.008935166922 7.110028488e-05 51875 
5.7225 0.008836929547 7.057851545e-05 51488 
5.7235 0.008902085661 7.089679277e-05 51747 
5.7245 0.008808350885 7.051808845e-05 50880 
5.7255 0.008861403848 7.099634771e-05 50834 
5.7265 0.00884400864 7.081125162e-05 51676 
5.7275 0.009001437088 7.161236631e-05 51073 
5.7285 0.008765399846 7.055478557e-05 50832 
5.7295 0.009133407146 7.187638291e-05 53027 
5.7305 0.008707385729 7.026119836e-05 50234 
5.7315 0.008828111642 7.093181142e-05 50647 
5.7325 0.00870471247 7.020594672e-05 50627 
5.7335 0.008817645319 7.073849239e-05 50724 
5.7345 0.008862122951 7.107600375e-05 51210 
5.7355 0.008799077615 7.103646715e-05 50246 
5.7365 0.008818599254 7.088765027e-05 50793 
5.7375 0.008902257079 7.129483377e-05 51000 
5.7385 0.008934708867 7.135142343e-05 51454 
5.7395 0.008988393204 7.152061227e-05 51794 
5.7405 0.008897565562 7.092481668e-05 51418 
5.7415 0.008875342645 7.114418203e-05 50809 
5.7425 0.008869780936 7.109826387e-05 51240 
5.7435 0.008882147899 7.114886467e-05 50950 
5.7445 0.008661922274 7.023932201e-05 50116 
5.7455 0.008917545263 7.14329568e-05 51473 
5.7465 0.008753220722 7.08681587e-05 50206 
5.7475 0.008869711549 7.117021239e-05 50666 
5.7485 0.009058245785 7.181240136e-05 51369 
5.7495 0.008947063427 7.162647679e-05 51305 
5.7505 0.008679329593 7.025651566e-05 50568 
5.7515 0.008878740317 7.138696623e-05 50649 
5.7525 0.008916295025 7.142631595e-05 51238 
5.7535 0.009034518356 7.191346777e-05 51479 
5.7545 0.009180515872 7.260643174e-05 52533 
5.7555 0.008927125763 7.170907021e-05 51200 
5.7565 0.008860963596 7.127394428e-05 50913 
5.7575 0.008695924717 7.060098047e-05 49909 
5.7585 0.009139896723 7.261787021e-05 51284 
5.7595 0.009011707557 7.194625851e-05 51592 
5.7605 0.008820049002 7.113998582e-05 50311 
5.7615 0.00910998905 7.235795535e-05 51805 
5.7625 0.009084308962 7.228211776e-05 51677 
5.7635 0.009148342961 7.25451332e-05 51997 
5.7645 0.008958745672 7.176339132e-05 51033 
5.7655 0.009038360474 7.209495182e-05 51624 
5.7665 0.008989355833 7.18741715e-05 51323 
5.7675 0.008932774187 7.168109582e-05 50822 
5.7685 0.009029674197 7.215165159e-05 51140 
5.7695 0.00886775977 7.143957377e-05 50407 
5.7705 0.009090683197 7.241279359e-05 51426 
5.7715 0.009295937312 7.330324887e-05 52674 
5.7725 0.008970783685 7.197235058e-05 50830 
5.7735 0.008991300008 7.205039414e-05 51215 
5.7745 0.008931169475 7.175895728e-05 50820 
5.7755 0.008949391789 7.183115703e-05 50756 
5.7765 0.008906994859 7.169139566e-05 50564 
5.7775 0.009075897454 7.238838983e-05 51314 
5.7785 0.00903910282 7.243872927e-05 50668 
5.7795 0.008855074868 7.145664826e-05 50414 
5.7805 0.008901069461 7.175107583e-05 50489 
5.7815 0.008751077352 7.104926186e-05 49839 
5.7825 0.009204650232 7.304591136e-05 52398 
5.7835 0.00912031338 7.257021628e-05 51652 
5.7845 0.00900287033 7.210200465e-05 51110 
5.7855 0.009025699734 7.223947457e-05 51358 
5.7865 0.009164638889 7.291822132e-05 51320 
5.7875 0.009181585788 7.304363213e-05 51356 
5.7885 0.009044725561 7.223945311e-05 50973 
5.7895 0.009022533509 7.234442481e-05 50963 
5.7905 0.008893247891 7.187963009e-05 50412 
5.7915 0.009254617137 7.354555449e-05 51621 
5.7925 0.009044054074 7.241825379e-05 50874 
5.7935 0.009122534231 7.277271843e-05 51169 
5.7945 0.008970450157 7.213658593e-05 50521 
5.7955 0.008929199714 7.20099546e-05 50369 
5.7965 0.009178856482 7.310747782e-05 51551 
5.7975 0.009063821635 7.280664327e-05 50791 
5.7985 0.009083954095 7.262867934e-05 51381 
5.7995 0.008964284338 7.213838885e-05 50443 
5.8005 0.009140144343 7.312404126e-05 51193 
5.8015 0.008907188771 7.16621867e-05 50310 
5.8025 0.009169963586 7.329467719e-05 50937 
5.8035 0.00916316464 7.3071163e-05 51694 
5.8045 0.009128905474 7.28851588e-05 51050 
5.8055 0.009084359617 7.260378238e-05 50923 
5.8065 0.009236491937 7.337513542e-05 51980 
5.8075 0.009038877208 7.257268227e-05 50624 
5.8085 0.009092142589 7.295991641e-05 50810 
5.8095 0.009323321124 7.375644184e-05 51641 
5.8105 0.009486302938 7.458546901e-05 52204 
5.8115 0.009018081927 7.251291437e-05 50474 
5.8125 0.009244299848 7.320937173e-05 51498 
5.8135 0.00900678248 7.257904059e-05 50587 
5.8145 0.009047947393 7.26295223e-05 50889 
5.8155 0.009378355076 7.407813843e-05 52036 
5.8165 0.009243138385 7.345969241e-05 51473 
5.8175 0.009099186651 7.266230655e-05 51430 
5.8185 0.009095179151 7.284103245e-05 51060 
5.8195 0.008928521039 7.186147631e-05 50655 
5.8205 0.009056611441 7.292527992e-05 50661 
5.8215 0.009086649074 7.26762139e-05 51453 
5.8225 0.009090179205 7.262210484e-05 51239 
5.8235 0.008976256662 7.228782249e-05 50561 
5.8245 0.009196828059 7.325032706e-05 51573 
5.8255 0.009324514012 7.382855253e-05 51831 
5.8265 0.009086906196 7.267637862e-05 50860 
5.8275 0.009158552117 7.301387261e-05 51516 
5.8285 0.009056475021 7.264010034e-05 50801 
5.8295 0.00901108648 7.248818214e-05 50588 
5.8305 0.009261572935 7.36995217e-05 51304 
5.8315 0.009253797302 7.352731026e-05 51838 
5.8325 0.009241065553 7.340743235e-05 51901 
5.8335 0.009140855917 7.291405814e-05 50932 
5.8345 0.008936244354 7.204105444e-05 50305 
5.8355 0.008970462175 7.218974043e-05 50677 
5.8365 0.009216461038 7.337245041e-05 51923 
5.8375 0.009374700061 7.403381674e-05 51810 
5.8385 0.00928288207 7.371132308e-05 52061 
5.8395 0.009154342029 7.314683101e-05 51325 
5.8405 0.009080552882 7.279539024e-05 51031 
5.8415 0.009171116846 7.328408692e-05 51621 
5.8425 0.009261600276 7.355500488e-05 51957 
5.8435 0.009310184814 7.397404558e-05 51787 
5.8445 0.009053597422 7.265519535e-05 50713 
5.8455 0.009054603803 7.263911887e-05 50914 
5.8465 0.009097716986 7.299163467e-05 51029 
5.8475 0.009248026319 7.368442274e-05 51673 
5.8485 0.009233375843 7.376595537e-05 51332 
5.8495 0.009100147775 7.300593089e-05 51024 
5.8505 0.009398037644 7.431289601e-05 51798 
5.8515 0.009248074096 7.358473591e-05 51880 
5.8525 0.009275878844 7.372690622e-05 51727 
5.8535 0.009195309602 7.346848916e-05 51055 
5.8545 0.009204903322 7.346778867e-05 51022 
5.8555 0.00914394127 7.327586446e-05 51050 
5.8565 0.009447696278 7.457188569e-05 52192 
5.8575 0.009413440871 7.436932915e-05 52374 
5.8585 0.009254384151 7.373384724e-05 51575 
5.8595 0.009250891907 7.385339728e-05 51192 
5.8605 0.00922855976 7.371672616e-05 50496 
5.8615 0.009467498863 7.470091095e-05 52194 
5.8625 0.009078991172 7.302390226e-05 50946 
5.8635 0.009528329856 7.498075166e-05 52657 
5.8645 0.009249298021 7.390640647e-05 50830 
5.8655 0.009362136787 7.417031675e-05 51851 
5.8665 0.009161803087 7.348656457e-05 51128 
5.8675 0.009286433632 7.403606793e-05 51316 
5.8685 0.009179125058 7.347839393e-05 50961 
5.8695 0.009074854888 7.308323211e-05 50179 
5.8705 0.009218980948 7.361001094e-05 51752 
5.8715 0.00941871175 7.463068601e-05 52197 
5.8725 0.009232688164 7.388155549e-05 51092 
5.8735 0.009314196752 7.401737133e-05 51767 
5.8745 0.009222435979 7.380779244e-05 50950 
5.8755 0.009367755958 7.440739274e-05 52262 
5.8765 0.009352973153 7.455558988e-05 51363 
5.8775 0.009453886961 7.486232861e-05 52069 
5.8785 0.009261639666 7.420825648e-05 50481 
5.8795 0.009432734736 7.476185453e-05 52186 
5.8805 0.009269292197 7.401256158e-05 50946 
5.8815 0.009440448244 7.484233494e-05 51900 
5.8825 0.009348566516 7.443396729e-05 51540 
5.8835 0.0093820522 7.462161883e-05 51634 
5.8845 0.009386796448 7.494284848e-05 51069 
5.8855 0.009553929022 7.546862858e-05 52335 
5.8865 0.009379609513 7.456008619e-05 51626 
5.8875 0.009402248856 7.461967872e-05 51873 
5.8885 0.009366739541 7.461373413e-05 51366 
5.8895 0.009330399463 7.444788811e-05 50979 
5.8905 0.0093687971 7.473085116e-05 51536 
5.8915 0.009245720104 7.41157968e-05 51610 
5.8925 0.009251977309 7.422570435e-05 50985 
5.8935 0.009092659205 7.354770789e-05 50223 
5.8945 0.009405365326 7.483471001e-05 51255 
5.8955 0.009291450748 7.422441454e-05 51330 
5.8965 0.009249445663 7.433922696e-05 50702 
5.8975 0.009262264967 7.422380361e-05 50859 
5.8985 0.009378278327 7.484333974e-05 51060 
5.8995 0.009279202802 7.440595309e-05 50804 
5.9005 0.009164063895 7.380161176e-05 50673 
5.9015 0.009423944541 7.490632173e-05 51625 
5.9025 0.009518384901 7.546981774e-05 51837 
5.9035 0.009407290662 7.49264679e-05 51526 
5.9045 0.009216925462 7.426133522e-05 50606 
5.9055 0.009511814914 7.532680042e-05 52026 
5.9065 0.009588304578 7.592624178e-05 51671 
5.9075 0.00929974401 7.432455625e-05 51437 
5.9085 0.009386665179 7.485995527e-05 51483 
5.9095 0.009204503622 7.423386574e-05 50500 
5.9105 0.009279840084 7.453508914e-05 51051 
5.9115 0.009632261947 7.604747862e-05 52500 
5.9125 0.009489355961 7.522893469e-05 51915 
5.9135 0.009445850406 7.515647225e-05 51320 
5.9145 0.009384378139 7.515269831e-05 50743 
5.9155 0.009195911867 7.41133411e-05 50711 
5.9165 0.009495365634 7.54218588e-05 51840 
5.9175 0.009110878172 7.402915244e-05 49726 
5.9185 0.009399278653 7.477120794e-05 51601 
5.9195 0.009167278415 7.396330143e-05 50412 
5.9205 0.009625784668 7.587398114e-05 52630 
5.9215 0.009603954685 7.613516105e-05 51555 
5.9225 0.009629557936 7.61157284e-05 51875 
5.9235 0.009423027471 7.504863443e-05 51530 
5.9245 0.009349592136 7.501011648e-05 50894 
5.9255 0.00941403463 7.516787102e-05 51066 
5.9265 0.009338239953 7.48032675e-05 51212 
5.9275 0.009526512707 7.548813999e-05 52311 
5.9285 0.009290699543 7.463470476e-05 50707 
5.9295 0.009539676401 7.572031556e-05 51841 
5.9305 0.009497709805 7.565535316e-05 51754 
5.9315 0.009413810266 7.531297752e-05 51440 
5.9325 0.009431033468 7.527519776e-05 51086 
5.9335 0.009795209546 7.716182839e-05 52338 
5.9345 0.009590685404 7.622966592e-05 51773 
5.9355 0.009546412345 7.607883423e-05 51292 
5.9365 0.00976502832 7.699885833e-05 52482 
5.9375 0.009757132499 7.674860182e-05 52613 
5.9385 0.009356036599 7.52030884e-05 50893 
5.9395 0.009561186522 7.614525867e-05 51840 
5.9405 0.009349918214 7.500444763e-05 50979 
5.9415 0.009673293013 7.6412029e-05 52213 
5.9425 0.009620556088 7.637271326e-05 51992 
5.9435 0.00969467073 7.670235816e-05 51940 
5.9445 0.009564521949 7.601641049e-05 51618 
5.9455 0.009439307234 7.562795362e-05 50283 
5.9465 0.009505604099 7.576786589e-05 51555 
5.9475 0.009615674156 7.6098288e-05 52080 
5.9485 0.009710782757 7.65536034e-05 52640 
5.9495 0.009501239088 7.582136324e-05 51145 
5.9505 0.00956993376 7.625670693e-05 51397 
5.9515 0.009498225152 7.596593457e-05 51009 
5.9525 0.009630327709 7.638398341e-05 51600 
5.9535 0.009585460578 7.615800032e-05 51894 
5.9545 0.009462356681 7.578969964e-05 50663 
5.9555 0.009656953402 7.644403492e-05 52354 
5.9565 0.009611697082 7.648008643e-05 51598 
5.9575 0.009512196401 7.601112089e-05 51145 
5.9585 0.009557506265 7.626933495e-05 51077 
5.9595 0.009637459756 7.654119517e-05 51559 
5.9605 0.009566859336 7.627121319e-05 51594 
5.9615 0.009419870742 7.544104258e-05 51068 
5.9625 0.009576291694 7.626981361e-05 51790 
5.9635 0.009621836324 7.648330975e-05 51442 
5.9645 0.009398806567 7.524307656e-05 51357 
5.9655 0.009477379307 7.602470438e-05 50971 
5.9665 0.009304379019 7.535995685e-05 50266 
5.9675 0.009677508776 7.681659235e-05 51286 
5.9685 0.009591383201 7.639074204e-05 51442 
5.9695 0.009610344564 7.659343528e-05 51381 
5.9705 0.009702337474 7.721034382e-05 51334 
5.9715 0.009849102855 7.75699165e-05 52753 
5.9725 0.00958896546 7.652592714e-05 50999 
5.9735 0.009813675492 7.719902791e-05 52614 
5.9745 0.009631805828 7.636632578e-05 52161 
5.9755 0.009651364422 7.688106923e-05 51160 
5.9765 0.009516224998 7.616291019e-05 50952 
5.9775 0.009530397478 7.632261539e-05 50908 
5.9785 0.00963319765 7.683300998e-05 51474 
5.9795 0.009612106605 7.658158875e-05 50993 
5.9805 0.009708435555 7.717614057e-05 51697 
5.9815 0.009685716849 7.719865999e-05 51319 
5.9825 0.009511198824 7.610208006e-05 50803 
5.9835 0.00957244652 7.649190441e-05 51242 
5.9845 0.00988793266 7.816805509e-05 51727 
5.9855 0.009555685486 7.642830261e-05 50708 
5.9865 0.009511101817 7.63018024e-05 50531 
5.9875 0.009713945254 7.724730218e-05 51403 
5.9885 0.009602212674 7.673042702e-05 51176 
5.9895 0.009757717407 7.73311733e-05 51963 
5.9905 0.009761671896 7.757615685e-05 51186 
5.9915 0.009635236374 7.711679981e-05 50834 
5.9925 0.00959456379 7.678075121e-05 50886 
5.9935 0.009542737739 7.636763205e-05 51242 
5.9945 0.009610602267 7.681869695e-05 51367 
5.9955 0.009560823192 7.660882595e-05 50982 
5.9965 0.009604729934 7.702920031e-05 50580 
5.9975 0.009486105836 7.631082754e-05 51082 
5.9985 0.00969564162 7.723660544e-05 51380 
5.9995 0.009824710722 7.763411804e-05 52089 
6.0005 0.009815974335 7.784487378e-05 51754 
6.0015 0.009638565032 7.696468872e-05 51695 
6.0025 0.009780393134 7.772013647e-05 51639 
6.0035 0.009472433878 7.626594295e-05 50514 
6.0045 0.009860790485 7.79269876e-05 51926 
6.0055 0.00963845334 7.719968964e-05 51092 
6.0065 0.009391734832 7.598175361e-05 50110 
6.0075 0.009780914014 7.77243205e-05 51844 
6.0085 0.00954617643 7.67864663e-05 50858 
6.0095 0.00977704952 7.781985528e-05 51247 
6.0105 0.009700833011 7.74570048e-05 51245 
6.0115 0.009567673931 7.680236002e-05 50791 
6.0125 0.009674358719 7.750452133e-05 50494 
6.0135 0.009714073563 7.759259648e-05 51259 
6.0145 0.01001070296 7.869450926e-05 52478 
6.0155 0.009798081719 7.792931032e-05 51427 
6.0165 0.009567043795 7.681763659e-05 50862 
6.0175 0.009571327895 7.72658913e-05 50003 
6.0185 0.009567425966 7.711912094e-05 50327 
6.0195 0.009616334795 7.705376532e-05 51042 
6.0205 0.009899615266 7.824915823e-05 51959 
6.0215 0.009788308511 7.794651274e-05 51319 
6.0225 0.009815182362 7.798696729e-05 51993 
6.0235 0.00959667626 7.718442031e-05 50602 
6.0245 0.009833858028 7.792186127e-05 52285 
6.0255 0.009799906302 7.80570257e-05 51268 
6.0265 0.009937252058 7.833332705e-05 52038 
6.0275 0.009809986832 7.835885693e-05 50892 
6.0285 0.009736074539 7.789631706e-05 51063 
6.0295 0.009794111141 7.810169073e-05 51096 
6.0305 0.009826011216 7.806577965e-05 51855 
6.0315 0.009586906333 7.724348945e-05 50736 
6.0325 0.00965494933 7.731669795e-05 50807 
6.0335 0.009802162723 7.813149407e-05 51604 
6.0345 0.009730853837 7.780439021e-05 51224 
6.0355 0.009574871004 7.709069998e-05 50243 
6.0365 0.00998397153 7.907783154e-05 51683 
6.0375 0.009856993961 7.831104805e-05 51787 
6.0385 0.009908343186 7.88373947e-05 51378 
6.0395 0.009952586011 7.878035046e-05 52281 
6.0405 0.009880632283 7.860909072e-05 51187 
6.0415 0.00993154416 7.888853787e-05 51517 
6.0425 0.009871782602 7.846700357e-05 51443 
6.0435 0.009943444189 7.885231108e-05 51522 
6.0445 0.009823743794 7.822981145e-05 51483 
6.0455 0.009754392594 7.800276501e-05 51083 
6.0465 0.009744440364 7.777625211e-05 51615 
6.0475 0.009795350475 7.824721425e-05 51355 
6.0485 0.009854101635 7.847653669e-05 51457 
6.0495 0.01017646889 8.008963948e-05 52485 
6.0505 0.009696619071 7.781745729e-05 51164 
6.0515 0.009876028125 7.881654435e-05 51379 
6.0525 0.009848252337 7.857338435e-05 51178 
6.0535 0.009663287123 7.767165894e-05 50543 
6.0545 0.009764861335 7.826355353e-05 50977 
6.0555 0.009626055151 7.765967342e-05 49967 
6.0565 0.009994818097 7.932104978e-05 51485 
6.0575 0.009808914862 7.85313789e-05 51083 
6.0585 0.009741858771 7.82121098e-05 50293 
6.0595 0.009743511678 7.818883594e-05 51037 
6.0605 0.009905357655 7.871377706e-05 51744 
6.0615 0.01003041319 7.938896145e-05 51953 
6.0625 0.009767919298 7.827719102e-05 50683 
6.0635 0.009553125084 7.745791867e-05 50185 
6.0645 0.009650450454 7.777656391e-05 50360 
6.0655 0.009714720231 7.817108663e-05 50809 
6.0665 0.009876916568 7.88498005e-05 51128 
6.0675 0.009952541171 7.921585278e-05 51054 
6.0685 0.009526052389 7.730104268e-05 49676 
6.0695 0.01001725641 7.981291641e-05 51041 
6.0705 0.009756010615 7.821555787e-05 50434 
6.0715 0.009945904138 7.931459424e-05 50952 
6.0725 0.009979821528 7.944556451e-05 51411 
6.0735 0.009935948306 7.911196693e-05 51420 
6.0745 0.009716927957 7.814502526e-05 50387 
6.0755 0.009813138224 7.87687074e-05 50252 
6.0765 0.009994843078 7.931695721e-05 51424 
6.0775 0.00972832779 7.847026268e-05 50036 
6.0785 0.01015716199 8.00423696e-05 52631 
6.0795 0.009908613103 7.920697308e-05 50965 
6.0805 0.009965525417 7.933100531e-05 51540 
6.0815 0.009926159652 7.910421455e-05 50986 
6.0825 0.009962672594 7.9437197e-05 51082 
6.0835 0.009699981777 7.849567019e-05 49919 
6.0845 0.009944189845 7.945483815e-05 51051 
6.0855 0.009858228031 7.896587227e-05 50655 
6.0865 0.01018582329 8.0377239e-05 51859 
6.0875 0.009949975118 7.933072707e-05 51255 
6.0885 0.01004052533 7.977594298e-05 51518 
6.0895 0.009745531568 7.869849365e-05 49937 
6.0905 0.009864020662 7.889994698e-05 50753 
6.0915 0.009986938875 7.945912279e-05 51307 
6.0925 0.009940467298 7.93687074e-05 51065 
6.0935 0.009907168887 7.924828894e-05 51524 
6.0945 0.0100967391 7.998681152e-05 51838 
6.0955 0.01006088477 7.994028971e-05 51414 
6.0965 0.01007600672 7.988760587e-05 51511 
6.0975 0.009993059219 7.961121873e-05 50990 
6.0985 0.01007362179 7.98418536e-05 51932 
6.0995 0.01002457426 7.986578119e-05 51330 
6.1005 0.01007420713 8.0164273e-05 51372 
6.1015 0.01012856073 8.033541572e-05 51434 
6.1025 0.009759441022 7.869600354e-05 50644 
6.1035 0.009938982075 7.95858153e-05 51048 
6.1045 0.009981346224 7.950771991e-05 51520 
6.1055 0.009951778204 7.979932083e-05 50964 
6.1065 0.009945223167 7.954995032e-05 51068 
6.1075 0.01019342673 8.058392311e-05 51794 
6.1085 0.009903612181 7.939191275e-05 50929 
6.1095 0.01004685401 7.982653625e-05 51879 
6.1105 0.009898815702 7.926835966e-05 50800 
6.1115 0.01007532301 8.016867804e-05 51444 
6.1125 0.01026628059 8.118616339e-05 51922 
6.1135 0.0100989133 8.029313383e-05 51509 
6.1145 0.009912139596 7.958183357e-05 51121 
6.1155 0.009716317207 7.880398468e-05 49427 
6.1165 0.01012197695 8.035958025e-05 51616 
6.1175 0.01018438698 8.093484629e-05 51272 
6.1185 0.009941453347 7.960164277e-05 51066 
6.1195 0.01011641238 8.06095128e-05 51395 
6.1205 0.01018238736 8.071529798e-05 51466 
6.1215 0.009989858668 7.989724635e-05 51062 
6.1225 0.01012087564 8.047532918e-05 51632 
6.1235 0.01001480438 8.017194827e-05 50554 
6.1245 0.01002785161 8.018772686e-05 50978 
6.1255 0.009980950263 7.976827798e-05 50612 
6.1265 0.01014406445 8.055873066e-05 51715 
6.1275 0.01040366017 8.189643904e-05 52283 
6.1285 0.009805019383 7.919439583e-05 50407 
6.1295 0.01001711949 8.01195711e-05 51341 
6.1305 0.01003698954 8.027116456e-05 50763 
6.1315 0.01017859344 8.079788385e-05 51636 
6.1325 0.01019489276 8.089070542e-05 51763 
6.1335 0.01022703245 8.11990841e-05 51528 
6.1345 0.0102335953 8.110256889e-05 51555 
6.1355 0.01011521313 8.071109602e-05 51247 
6.1365 0.01010318866 8.047769563e-05 51183 
6.1375 0.01031484405 8.143499783e-05 52107 
6.1385 0.01016114749 8.084735729e-05 51678 
6.1395 0.01026437573 8.118542497e-05 51899 
6.1405 0.01012137067 8.065387726e-05 51228 
6.1415 0.01015365346 8.083953773e-05 51365 
6.1425 0.009936982725 7.99749786e-05 50641 
6.1435 0.0100946357 8.066707506e-05 50890 
6.1445 0.01032241357 8.170653051e-05 51995 
6.1455 0.009891107028 7.97878224e-05 50384 
6.1465 0.01011445633 8.07944337e-05 51271 
6.1475 0.01018209541 8.099503031e-05 51598 
6.1485 0.01001987306 8.033354732e-05 50513 
6.1495 0.01018849533 8.124035962e-05 51158 
6.1505 0.0102197732 8.117820818e-05 51205 
6.1515 0.01027598133 8.155232453e-05 51859 
6.1525 0.01049273511 8.240800731e-05 52209 
6.1535 0.01003411522 8.049055698e-05 50877 
6.1545 0.01029175757 8.15508685e-05 51739 
6.1555 0.01013405956 8.100519353e-05 50832 
6.1565 0.009931135817 7.978445228e-05 50712 
6.1575 0.009980394819 8.014931042e-05 50546 
6.1585 0.01029938566 8.173608587e-05 51887 
6.1595 0.01009049704 8.059692771e-05 51207 
6.1605 0.01013948993 8.106876187e-05 51260 
6.1615 0.01044540765 8.240467036e-05 52409 
6.1625 0.01018636211 8.114280698e-05 51676 
6.1635 0.00998665336 8.039006452e-05 50378 
6.1645 0.01029368413 8.185466866e-05 51669 
6.1655 0.01019446545 8.123640935e-05 51778 
6.1665 0.01010765863 8.101439752e-05 50409 
6.1675 0.01030622472 8.201739672e-05 51416 
6.1685 0.01027865886 8.178039456e-05 51678 
6.1695 0.01036811998 8.186631544e-05 52163 
6.1705 0.01016342974 8.141204512e-05 50921 
6.1715 0.01032247098 8.206830132e-05 51618 
6.1725 0.01029260007 8.178404905e-05 51544 
6.1735 0.01023431175 8.151131309e-05 51541 
6.1745 0.01025092643 8.164927186e-05 50831 
6.1755 0.01041924253 8.249805365e-05 51429 
6.1765 0.01038995939 8.248385773e-05 51434 
6.1775 0.01019910521 8.160860134e-05 50831 
6.1785 0.01019521839 8.152094066e-05 51047 
6.1795 0.01041489371 8.254519889e-05 51554 
6.1805 0.01015820514 8.105506767e-05 50707 
6.1815 0.01012885179 8.118665503e-05 50811 
6.1825 0.01010314866 8.11191979e-05 50291 
6.1835 0.01026101673 8.188150921e-05 50875 
6.1845 0.01035265106 8.218838163e-05 52006 
6.1855 0.01016438621 8.139179692e-05 50455 
6.1865 0.01052402938 8.299075657e-05 52042 
6.1875 0.01027519564 8.194877964e-05 51053 
6.1885 0.01047591426 8.267161515e-05 52462 
6.1895 0.01002001086 8.074213257e-05 50410 
6.1905 0.0101683993 8.138374319e-05 50690 
6.1915 0.01032128003 8.223376268e-05 51038 
6.1925 0.01040789224 8.249029036e-05 51921 
6.1935 0.01043023817 8.26701701e-05 51872 
6.1945 0.01038035851 8.248181409e-05 51681 
6.1955 0.01047981941 8.317666331e-05 51705 
6.1965 0.01059911688 8.335176196e-05 52703 
6.1975 0.01038739149 8.248118162e-05 51415 
6.1985 0.0104292939 8.268484164e-05 51584 
6.1995 0.01055557708 8.337384941e-05 51776 
6.2005 0.01046911893 8.295189601e-05 51816 
6.2015 0.01022247219 8.181960777e-05 50549 
6.2025 0.01030256944 8.200411427e-05 51212 
6.2035 0.01030224574 8.222678315e-05 51225 
6.2045 0.01043800364 8.284902083e-05 51780 
6.2055 0.01011379558 8.163200892e-05 50362 
6.2065 0.01039013214 8.284377112e-05 51192 
6.2075 0.01055959187 8.328875038e-05 52104 
6.2085 0.01058187999 8.384444123e-05 51664 
6.2095 0.01011583347 8.16616357e-05 50038 
6.2105 0.01041984313 8.279348335e-05 51693 
6.2115 0.01031109686 8.223992875e-05 51538 
6.2125 0.01044948527 8.313441724e-05 51491 
6.2135 0.01041983736 8.275978031e-05 51413 
6.2145 0.01018523675 8.168283616e-05 50465 
6.2155 0.01018471547 8.180358223e-05 50909 
6.2165 0.0101874068 8.193174656e-05 50822 
6.2175 0.01045945491 8.302166776e-05 51652 
6.2185 0.01019472482 8.215831755e-05 50225 
6.2195 0.01021363067 8.200762659e-05 50601 
6.2205 0.0104555536 8.307636593e-05 51728 
6.2215 0.01014846675 8.188911109e-05 50408 
6.2225 0.01034764632 8.276170213e-05 50542 
6.2235 0.01034987159 8.277594499e-05 50833 
6.2245 0.01032719761 8.271577136e-05 50563 
6.2255 0.01051412375 8.317109663e-05 52133 
6.2265 0.01046732297 8.339110863e-05 51163 
6.2275 0.01021894462 8.231689314e-05 50539 
6.2285 0.01033666241 8.252887693e-05 50950 
6.2295 0.0104753556 8.325581687e-05 51348 
6.2305 0.0104759517 8.332742413e-05 51290 
6.2315 0.01038144918 8.287319904e-05 50872 
6.2325 0.01044552726 8.319015419e-05 50924 
6.2335 0.01054343044 8.365003727e-05 51689 
6.2345 0.01068063507 8.429619371e-05 51723 
6.2355 0.01032077046 8.263124713e-05 51001 
6.2365 0.01049121218 8.309112945e-05 51818 
6.2375 0.01037998399 8.302472507e-05 50587 
6.2385 0.01070835959 8.441637973e-05 52654 
6.2395 0.01035043571 8.290253033e-05 51078 
6.2405 0.01063542886 8.401501357e-05 52071 
6.2415 0.01038411424 8.322778881e-05 50333 
6.2425 0.01054945791 8.37541309e-05 51337 
6.2435 0.01039879207 8.327860193e-05 50951 
6.2445 0.01038167568 8.321804403e-05 50852 
6.2455 0.01061659854 8.413099888e-05 51620 
6.2465 0.01038072707 8.316329386e-05 50389 
6.2475 0.01068464849 8.439091585e-05 51939 
6.2485 0.01073690343 8.479387933e-05 51696 
6.2495 0.01062051673 8.408142887e-05 51721 
6.2505 0.010471363 8.36906717e-05 51197 
6.2515 0.01040928953 8.329977997e-05 50963 
6.2525 0.01074307003 8.488119442e-05 51961 
6.2535 0.01069483848 8.452108609e-05 51740 
6.2545 0.01043473875 8.356860134e-05 51027 
6.2555 0.01043492474 8.330622319e-05 50846 
6.2565 0.01073133548 8.470584052e-05 51805 
6.2575 0.01053078571 8.376894779e-05 51187 
6.2585 0.01070421665 8.465820806e-05 52023 
6.2595 0.01034587507 8.296717848e-05 50909 
6.2605 0.01070784023 8.451593988e-05 51926 
6.2615 0.01071526368 8.499408402e-05 51102 
6.2625 0.01042872422 8.338752471e-05 50575 
6.2635 0.01068475093 8.447998229e-05 52151 
6.2645 0.01079617829 8.514922635e-05 51511 
6.2655 0.01037685045 8.33260524e-05 50445 
6.2665 0.01050652364 8.392220209e-05 51313 
6.2675 0.01049759218 8.388054125e-05 50552 
6.2685 0.01034611993 8.329338033e-05 50095 
6.2695 0.01059515878 8.406378696e-05 51404 
6.2705 0.01054784855 8.393350144e-05 51779 
6.2715 0.01043257365 8.369306525e-05 50521 
6.2725 0.01062808498 8.439598588e-05 51467 
6.2735 0.01078147898 8.505319421e-05 52376 
6.2745 0.01050956652 8.394437009e-05 51191 
6.2755 0.01043003455 8.36472472e-05 50783 
6.2765 0.01071717472 8.485233814e-05 51529 
6.2775 0.01043260308 8.373878132e-05 51033 
6.2785 0.01058229097 8.436896587e-05 50601 
6.2795 0.01048713656 8.412205641e-05 50818 
6.2805 0.01068677612 8.484503836e-05 51513 
6.2815 0.0107197671 8.505300609e-05 51444 
6.2825 0.01073264666 8.510271936e-05 51922 
6.2835 0.01050396418 8.400838403e-05 50938 
6.2845 0.01083377322 8.539872434e-05 52094 
6.2855 0.01085358734 8.560382882e-05 51890 
6.2865 0.01060954703 8.432870893e-05 51469 
6.2875 0.01054064408 8.437958713e-05 50546 
6.2885 0.01055853064 8.42510807e-05 51173 
6.2895 0.01059285213 8.480520966e-05 50858 
6.2905 0.01059761473 8.46169935e-05 51393 
6.2915 0.0108122909 8.541443371e-05 51809 
6.2925 0.01059084397 8.437563625e-05 51710 
6.2935 0.01060909043 8.448249974e-05 51381 
6.2945 0.01076100252 8.539995171e-05 51841 
6.2955 0.01065599482 8.529159941e-05 51309 
6.2965 0.0108714058 8.567368191e-05 52258 
6.2975 0.01060639389 8.471243582e-05 50792 
6.2985 0.01057995346 8.452966802e-05 51556 
6.2995 0.01073888835 8.524498575e-05 51684 
6.3005 0.0103717785 8.382138006e-05 50028 
6.3015 0.01067528511 8.520820283e-05 51578 
6.3025 0.01034674881 8.337578604e-05 50336 
6.3035 0.01072106706 8.503656087e-05 51693 
6.3045 0.01062792032 8.511935185e-05 50397 
6.3055 0.01054765751 8.455451596e-05 50682 
6.3065 0.01057010497 8.464348497e-05 50523 
6.3075 0.01066633468 8.494398048e-05 51250 
6.3085 0.01067105854 8.50692542e-05 51223 
6.3095 0.01061273367 8.474529813e-05 51066 
6.3105 0.01085091615 8.59294359e-05 51609 
6.3115 0.01057657036 8.479288083e-05 50591 
6.3125 0.01077722814 8.553507828e-05 51538 
6.3135 0.01070316314 8.538473976e-05 50948 
6.3145 0.01077822689 8.552693141e-05 51207 
6.3155 0.01065413362 8.508937601e-05 51102 
6.3165 0.01076517657 8.549719449e-05 51886 
6.3175 0.01076133146 8.549063418e-05 51649 
6.3185 0.0109176458 8.630457473e-05 51761 
6.3195 0.01088969708 8.604316945e-05 52119 
6.3205 0.01053534685 8.45268494e-05 50696 
6.3215 0.01079456247 8.559721411e-05 51958 
6.3225 0.01086110567 8.593677333e-05 52094 
6.3235 0.01085856422 8.584388961e-05 52271 
6.3245 0.01091038842 8.616624271e-05 52338 
6.3255 0.0109392197 8.663465932e-05 51466 
6.3265 0.01068338117 8.516841515e-05 51396 
6.3275 0.01105780109 8.698872622e-05 52054 
6.3285 0.01111172069 8.686823022e-05 52948 
6.3295 0.01066983725 8.538148627e-05 50516 
6.3305 0.01060231162 8.503753342e-05 50889 
6.3315 0.01076567012 8.575246387e-05 51339 
6.3325 0.010543314 8.488954302e-05 50360 
6.3335 0.01069054195 8.552623461e-05 51166 
6.3345 0.01092830496 8.649292177e-05 51923 
6.3355 0.01077436887 8.604745652e-05 51236 
6.3365 0.01064802576 8.508283354e-05 51272 
6.3375 0.01039732483 8.393225098e-05 50170 
6.3385 0.0110637698 8.689993387e-05 52501 
6.3395 0.01073499714 8.581712485e-05 50736 
6.3405 0.01069830301 8.573052815e-05 50497 
6.3415 0.01094478821 8.638382259e-05 52435 
6.3425 0.01087053506 8.630044497e-05 51187 
6.3435 0.01058737177 8.507063154e-05 50648 
6.3445 0.01077711801 8.565441662e-05 51547 
6.3455 0.01084896714 8.653343695e-05 51191 
6.3465 0.01087362213 8.636349928e-05 51508 
6.3475 0.01092055108 8.662952972e-05 51871 
6.3485 0.01116788928 8.765484235e-05 52560 
6.3495 0.01102000002 8.702144225e-05 51829 
6.3505 0.01080575878 8.610583108e-05 51728 
6.3515 0.01088007909 8.639421276e-05 51502 
6.3525 0.0108044947 8.616526434e-05 51536 
6.3535 0.0109012051 8.661242168e-05 51247 
6.3545 0.01080636609 8.612802677e-05 51047 
6.3555 0.01073382069 8.580303134e-05 51353 
6.3565 0.01066436132 8.563657248e-05 50447 
6.3575 0.01104230269 8.725118777e-05 51834 
6.3585 0.0107490318 8.614003582e-05 50543 
6.3595 0.0105906481 8.561647486e-05 49830 
6.3605 0.0109574745 8.697809912e-05 51820 
6.3615 0.01059308006 8.552675731e-05 50049 
6.3625 0.01119902601 8.814659305e-05 52254 
6.3635 0.01095496133 8.695657133e-05 51292 
6.3645 0.01071067878 8.611250864e-05 50929 
6.3655 0.01105291906 8.717052075e-05 52084 
6.3665 0.01073183123 8.630417614e-05 50331 
6.3675 0.01101249334 8.719270696e-05 51265 
6.3685 0.01075638168 8.596022633e-05 50995 
6.3695 0.01078084325 8.635513747e-05 51088 
6.3705 0.01101139422 8.715206401e-05 51800 
6.3715 0.01103619323 8.753436643e-05 51563 
6.3725 0.01101019299 8.744986092e-05 51303 
6.3735 0.01068193948 8.581040241e-05 50402 
6.3745 0.01100948597 8.742663633e-05 51556 
6.3755 0.01098762842 8.7260747e-05 51348 
6.3765 0.01104613602 8.740065995e-05 52117 
6.3775 0.01104673756 8.780557216e-05 51513 
6.3785 0.01102314459 8.74300137e-05 51593 
6.3795 0.01111955962 8.794209347e-05 51843 
6.3805 0.01099793258 8.724718721e-05 51866 
6.3815 0.01111215066 8.792003728e-05 51881 
6.3825 0.01102448654 8.776829647e-05 51120 
6.3835 0.01071423811 8.590957924e-05 50746 
6.3845 0.01074175854 8.620861093e-05 50821 
6.3855 0.01103846342 8.754611183e-05 51937 
6.3865 0.01106103952 8.769904187e-05 51527 
6.3875 0.01088948189 8.702965785e-05 51155 
6.3885 0.0108471248 8.669555925e-05 50869 
6.3895 0.01096779571 8.721847888e-05 51300 
6.3905 0.01113701696 8.808174649e-05 51929 
6.3915 0.01078119779 8.642744519e-05 50561 
6.3925 0.01102505943 8.757900412e-05 51697 
6.3935 0.01086335579 8.679542506e-05 50958 
6.3945 0.01092031511 8.713236219e-05 51446 
6.3955 0.01117098126 8.82438307e-05 51749 
6.3965 0.01083394924 8.702894369e-05 50357 
6.3975 0.01073695645 8.653148316e-05 50211 
6.3985 0.01066777295 8.600489017e-05 50199 
6.3995 0.01086717233 8.702177083e-05 50984 
6.4005 0.0108422959 8.68141529e-05 50941 
6.4015 0.01126879312 8.888310335e-05 51807 
6.4025 0.01115391723 8.820574449e-05 51969 
6.4035 0.01089239081 8.723121061e-05 50920 
6.4045 0.01111317831 8.806342575e-05 51539 
6.4055 0.01131351307 8.910605766e-05 52533 
6.4065 0.01119036356 8.846241615e-05 51618 
6.4075 0.01110110622 8.798229847e-05 51790 
6.4085 0.01105897519 8.804172595e-05 51166 
6.4095 0.01084788509 8.725910108e-05 50387 
6.4105 0.01096165508 8.78785414e-05 50458 
6.4115 0.01122542239 8.873869272e-05 52129 
6.4125 0.01110170772 8.836486012e-05 51092 
6.4135 0.01130736716 8.922199556e-05 52118 
6.4145 0.01115004668 8.848352907e-05 51721 
6.4155 0.0108654177 8.740602593e-05 50375 
6.4165 0.0110360377 8.800125679e-05 50927 
6.4175 0.01119214022 8.846026846e-05 51975 
6.4185 0.01118880989 8.861183357e-05 52163 
6.4195 0.01087271755 8.733925018e-05 50401 
6.4205 0.01076781809 8.694341967e-05 49407 
6.4215 0.01117537565 8.860572257e-05 51655 
6.4225 0.01098388367 8.787758947e-05 50667 
6.4235 0.01115657509 8.850149031e-05 51786 
6.4245 0.01133597145 8.920060537e-05 51953 
6.4255 0.01120834124 8.861090087e-05 51830 
6.4265 0.01086320967 8.726713654e-05 50680 
6.4275 0.01113743581 8.872653213e-05 51153 
6.4285 0.01131081838 8.93770441e-05 52053 
6.4295 0.01118761902 8.895695569e-05 51186 
6.4305 0.01110239956 8.86152671e-05 50887 
6.4315 0.01121132548 8.893590916e-05 51641 
6.4325 0.01117768091 8.885471372e-05 51203 
6.4335 0.01101747116 8.825419732e-05 50979 
6.4345 0.01120237894 8.897497824e-05 51531 
6.4355 0.010953785 8.804160077e-05 50311 
6.4365 0.01109609542 8.847527202e-05 51044 
6.4375 0.01139780166 8.958338797e-05 52181 
6.4385 0.01098061703 8.799730335e-05 50606 
6.4395 0.01097890711 8.791827015e-05 50909 
6.4405 0.0111575489 8.876873143e-05 51610 
6.4415 0.01110153237 8.858128834e-05 51137 
6.4425 0.01119678316 8.896094212e-05 51240 
6.4435 0.01108851146 8.835523112e-05 51282 
6.4445 0.01119285437 8.894309928e-05 51206 
6.4455 0.01096812017 8.814972424e-05 50281 
6.4465 0.01126409127 8.927432692e-05 51159 
6.4475 0.0112178602 8.917211476e-05 51304 
6.4485 0.01110894103 8.873773896e-05 50931 
6.4495 0.01096891843 8.796655831e-05 50939 
6.4505 0.01114228822 8.879888315e-05 50697 
6.4515 0.01118594239 8.923316812e-05 51061 
6.4525 0.01130692493 8.979669341e-05 51128 
6.4535 0.01111638118 8.891914943e-05 50360 
6.4545 0.01091238145 8.780831254e-05 50869 
6.4555 0.01111623916 8.869190931e-05 51006 
6.4565 0.0110325186 8.85542073e-05 50352 
6.4575 0.01100444192 8.857598958e-05 50145 
6.4585 0.01116602872 8.905227408e-05 50704 
6.4595 0.01108690808 8.868888387e-05 50687 
6.4605 0.01125107768 8.943822579e-05 51273 
6.4615 0.01105270816 8.848228462e-05 50554 
6.4625 0.01109742123 8.896205012e-05 50137 
6.4635 0.01113470853 8.888197291e-05 51095 
6.4645 0.01123030385 8.935412558e-05 51400 
6.4655 0.01106611973 8.867181442e-05 50513 
6.4665 0.01152200153 9.040024669e-05 52171 
6.4675 0.01144928908 9.039665342e-05 52307 
6.4685 0.01111930067 8.8808803e-05 50833 
6.4695 0.01127171466 8.960182019e-05 51509 
6.4705 0.01151091457 9.065127418e-05 52143 
6.4715 0.0111834895 8.925418993e-05 50853 
6.4725 0.01125740996 8.945216512e-05 51149 
6.4735 0.01137623772 9.024818542e-05 51513 
6.4745 0.01130266779 8.980542216e-05 51028 
6.4755 0.01135517948 9.017643987e-05 51421 
6.4765 0.01139076479 9.008448548e-05 52090 
6.4775 0.01125118079 8.968996434e-05 51453 
6.4785 0.01121273926 8.955488798e-05 51009 
6.4795 0.01138685994 9.006688163e-05 51689 
6.4805 0.01132843068 9.019958134e-05 50811 
6.4815 0.01118546658 8.939748867e-05 50843 
6.4825 0.01114840441 8.950314126e-05 50538 
6.4835 0.01139297168 9.017876647e-05 51583 
6.4845 0.01128957911 8.988522993e-05 51195 
6.4855 0.01146550998 9.060721062e-05 51964 
6.4865 0.01149314221 9.085272545e-05 52002 
6.4875 0.01114746894 8.960101997e-05 50321 
6.4885 0.01133333353 9.014876631e-05 51290 
6.4895 0.01162125253 9.148561097e-05 52312 
6.4905 0.01154062081 9.107853741e-05 51849 
6.4915 0.01134674191 9.018135324e-05 51510 
6.4925 0.01122225031 8.961320024e-05 51192 
6.4935 0.01135871137 9.023200908e-05 51302 
6.4945 0.01117254039 8.954094101e-05 51002 
6.4955 0.01136403895 9.014462951e-05 51102 
6.4965 0.01129864697 9.018813693e-05 51047 
6.4975 0.01141163397 9.055806858e-05 51228 
6.4985 0.01145228271 9.079962459e-05 51557 
6.4995 0.01136375278 9.040207238e-05 51330 
