# Format: McCode with text headers
# URL: http://www.mccode.org
# Creator:  3.5.2, git
# Instrument: Airport_scannerII.instr
# Ncount: 10000000
# Trace: no
# Gravitation: no
# Seed: 1728639545610405
# Directory: Scan_Src_Quasi_1e7/2
# Param: SFILE=input_abs_objects_template.dat
# Param: ANGLE=0
# Param: posX=-0.55
# Param: posY=-0.3
# Param: posZ=0
# Param: Ncount=0
# Date: Fri Oct 11 09:39:26 2024 (1728639566)
# type: array_1d(101)
# Source: Airp_scannerII (Airport_scannerII.instr)
# component: emon
# position: 0 0 0.11
# title: Energy monitor
# Ncount: 10000000
# filename: emon.dat
# statistics: X0=70.005; dX=39.8518;
# signal: Min=0; Max=0.0144432; Mean=0.00990099;
# values: 1 0.000316228 1e+07
# xvar: E
# yvar: (I,I_err)
# xlabel: Energy [keV]
# ylabel: Intensity
# xlimits: 0 200
# variables: E I I_err N
0.9900990099 0.007127 2.669644171e-05 71270 
2.97029703 0.0143263 3.785009908e-05 143263 
4.95049505 0.0144432 3.800421029e-05 144432 
6.930693069 0.0143225 3.784507894e-05 143225 
8.910891089 0.0143688 3.790620002e-05 143688 
10.89108911 0.0142982 3.781296074e-05 142982 
12.87128713 0.0142972 3.781163842e-05 142972 
14.85148515 0.0143668 3.790356184e-05 143668 
16.83168317 0.0143799 3.79208386e-05 143799 
18.81188119 0.0143577 3.789155579e-05 143577 
20.79207921 0.0143481 3.787888594e-05 143481 
22.77227723 0.0143094 3.782776758e-05 143094 
24.75247525 0.0144097 3.796011064e-05 144097 
26.73267327 0.0143514 3.788324168e-05 143514 
28.71287129 0.0142878 3.779920634e-05 142878 
30.69306931 0.0143698 3.790751904e-05 143698 
32.67326733 0.0144247 3.797986309e-05 144247 
34.65346535 0.014393 3.793810749e-05 143930 
36.63366337 0.0143812 3.792255266e-05 143812 
38.61386139 0.0142735 3.778028586e-05 142735 
40.59405941 0.0143119 3.783107189e-05 143119 
42.57425743 0.0142909 3.780330673e-05 142909 
44.55445545 0.0142901 3.780224861e-05 142901 
46.53465347 0.0143997 3.794693664e-05 143997 
48.51485149 0.0143085 3.782657796e-05 143085 
50.4950495 0.0143847 3.792716704e-05 143847 
52.47524752 0.014407 3.795655411e-05 144070 
54.45544554 0.0143266 3.785049537e-05 143266 
56.43564356 0.014351 3.788271374e-05 143510 
58.41584158 0.0143406 3.786898467e-05 143406 
60.3960396 0.0142466 3.77446685e-05 142466 
62.37623762 0.014356 3.788931248e-05 143560 
64.35643564 0.0143913 3.793586693e-05 143913 
66.33663366 0.0143033 3.781970386e-05 143033 
68.31683168 0.0143408 3.786924874e-05 143408 
70.2970297 0.0143796 3.792044304e-05 143796 
72.27722772 0.0143218 3.784415411e-05 143218 
74.25742574 0.014379 3.79196519e-05 143790 
76.23762376 0.0143458 3.787584983e-05 143458 
78.21782178 0.0143358 3.78626465e-05 143358 
80.1980198 0.0143633 3.789894458e-05 143633 
82.17821782 0.0143633 3.789894458e-05 143633 
84.15841584 0.0143063 3.782366984e-05 143063 
86.13861386 0.0144062 3.795550026e-05 144062 
88.11881188 0.014259 3.776109109e-05 142590 
90.0990099 0.0143911 3.793560333e-05 143911 
92.07920792 0.0142936 3.780687768e-05 142936 
94.05940594 0.0143679 3.790501286e-05 143679 
96.03960396 0.0142682 3.777327097e-05 142682 
98.01980198 0.0143845 3.792690338e-05 143845 
100 0.0142406 3.773671952e-05 142406 
101.980198 0.0144275 3.798354907e-05 144275 
103.960396 0.0143205 3.78424365e-05 143205 
105.9405941 0.0143816 3.792308004e-05 143816 
107.9207921 0.0143473 3.787782993e-05 143473 
109.9009901 0.0143413 3.78699089e-05 143413 
111.8811881 0.014335 3.786159004e-05 143350 
113.8613861 0.0143623 3.789762526e-05 143623 
115.8415842 0.0143903 3.79345489e-05 143903 
117.8217822 0.0143337 3.785987322e-05 143337 
119.8019802 0.0143519 3.788390159e-05 143519 
121.7821782 0.0143732 3.791200338e-05 143732 
123.7623762 0.0144154 3.796761778e-05 144154 
125.7425743 0.014373 3.791173961e-05 143730 
127.7227723 0.0143943 3.793982077e-05 143943 
129.7029703 0.0143734 3.791226714e-05 143734 
131.6831683 0.0143492 3.788033791e-05 143492 
133.6633663 0.0143602 3.789485453e-05 143602 
135.6435644 0.01435 3.788139385e-05 143500 
137.6237624 0.0143442 3.78737376e-05 143442 
139.6039604 0.0027845 1.668682115e-05 27845 
141.5841584 0 0 0 
143.5643564 0 0 0 
145.5445545 0 0 0 
147.5247525 0 0 0 
149.5049505 0 0 0 
151.4851485 0 0 0 
153.4653465 0 0 0 
155.4455446 0 0 0 
157.4257426 0 0 0 
159.4059406 0 0 0 
161.3861386 0 0 0 
163.3663366 0 0 0 
165.3465347 0 0 0 
167.3267327 0 0 0 
169.3069307 0 0 0 
171.2871287 0 0 0 
173.2673267 0 0 0 
175.2475248 0 0 0 
177.2277228 0 0 0 
179.2079208 0 0 0 
181.1881188 0 0 0 
183.1683168 0 0 0 
185.1485149 0 0 0 
187.1287129 0 0 0 
189.1089109 0 0 0 
191.0891089 0 0 0 
193.0693069 0 0 0 
195.049505 0 0 0 
197.029703 0 0 0 
199.009901 0 0 0 
