# Format: McCode with text headers
# URL: http://www.mccode.org
# Creator:  3.5.2, git
# Instrument: Airport_scannerII.instr
# Ncount: 10000000
# Trace: no
# Gravitation: no
# Seed: 1728639880561355
# Directory: Scan_Src_Quasi_1e7/12
# Param: SFILE=input_abs_objects_template.dat
# Param: ANGLE=0
# Param: posX=-0.3
# Param: posY=-0.3
# Param: posZ=0
# Param: Ncount=0
# Date: Fri Oct 11 09:45:20 2024 (1728639920)
# type: array_1d(101)
# Source: Airp_scannerII (Airport_scannerII.instr)
# component: emon
# position: 0 0 0.11
# title: Energy monitor
# Ncount: 10000000
# filename: emon.dat
# statistics: X0=69.9909; dX=39.8477;
# signal: Min=0; Max=0.0144563; Mean=0.00990099;
# values: 1 0.000316228 1e+07
# xvar: E
# yvar: (I,I_err)
# xlabel: Energy [keV]
# ylabel: Intensity
# xlimits: 0 200
# variables: E I I_err N
0.9900990099 0.0071313 2.6704494e-05 71313 
2.97029703 0.0143879 3.793138542e-05 143879 
4.95049505 0.0143263 3.785009908e-05 143263 
6.930693069 0.0144059 3.795510506e-05 144059 
8.910891089 0.0143203 3.784217224e-05 143203 
10.89108911 0.0143036 3.782010048e-05 143036 
12.87128713 0.0143289 3.785353352e-05 143289 
14.85148515 0.0143556 3.788878462e-05 143556 
16.83168317 0.0143804 3.792149786e-05 143804 
18.81188119 0.0142977 3.781229959e-05 142977 
20.79207921 0.0143161 3.783662247e-05 143161 
22.77227723 0.0143876 3.793098997e-05 143876 
24.75247525 0.0144072 3.795681757e-05 144072 
26.73267327 0.0143239 3.784692854e-05 143239 
28.71287129 0.0143418 3.787056905e-05 143418 
30.69306931 0.0143773 3.791741025e-05 143773 
32.67326733 0.0143674 3.790435331e-05 143674 
34.65346535 0.0144142 3.796603745e-05 144142 
36.63366337 0.0143529 3.788522139e-05 143529 
38.61386139 0.0143425 3.787149324e-05 143425 
40.59405941 0.0142963 3.781044829e-05 142963 
42.57425743 0.0143384 3.786607981e-05 143384 
44.55445545 0.0143704 3.790831043e-05 143704 
46.53465347 0.0143873 3.793059451e-05 143873 
48.51485149 0.014345 3.787479373e-05 143450 
50.4950495 0.0144563 3.802144132e-05 144563 
52.47524752 0.0143733 3.791213526e-05 143733 
54.45544554 0.0143282 3.785260889e-05 143282 
56.43564356 0.0143936 3.793889824e-05 143936 
58.41584158 0.0143482 3.787901794e-05 143482 
60.3960396 0.0143626 3.789802106e-05 143626 
62.37623762 0.0143309 3.785617519e-05 143309 
64.35643564 0.0142506 3.774996689e-05 142506 
66.33663366 0.0143288 3.785340143e-05 143288 
68.31683168 0.0143553 3.788838872e-05 143553 
70.2970297 0.0143527 3.788495744e-05 143527 
72.27722772 0.0142588 3.776082626e-05 142588 
74.25742574 0.0143102 3.782882499e-05 143102 
76.23762376 0.0143734 3.791226714e-05 143734 
78.21782178 0.014376 3.791569596e-05 143760 
80.1980198 0.0143649 3.790105539e-05 143649 
82.17821782 0.0143596 3.789406286e-05 143596 
84.15841584 0.0142904 3.780264541e-05 142904 
86.13861386 0.0143064 3.782380203e-05 143064 
88.11881188 0.0143377 3.786515549e-05 143377 
90.0990099 0.0143225 3.784507894e-05 143225 
92.07920792 0.0143858 3.792861716e-05 143858 
94.05940594 0.014327 3.785102376e-05 143270 
96.03960396 0.0143283 3.785274098e-05 143283 
98.01980198 0.0143692 3.790672764e-05 143692 
100 0.0143912 3.793573513e-05 143912 
101.980198 0.0143542 3.788693706e-05 143542 
103.960396 0.0143149 3.783503667e-05 143149 
105.9405941 0.014281 3.779021037e-05 142810 
107.9207921 0.0143632 3.789881265e-05 143632 
109.9009901 0.0143621 3.789736139e-05 143621 
111.8811881 0.0143543 3.788706903e-05 143543 
113.8613861 0.0143083 3.782631359e-05 143083 
115.8415842 0.0144092 3.795945205e-05 144092 
117.8217822 0.0143933 3.793850287e-05 143933 
119.8019802 0.0143571 3.789076405e-05 143571 
121.7821782 0.0143445 3.787413365e-05 143445 
123.7623762 0.0143685 3.79058043e-05 143685 
125.7425743 0.0142986 3.781348966e-05 142986 
127.7227723 0.0143438 3.787320953e-05 143438 
129.7029703 0.0143298 3.785472229e-05 143298 
131.6831683 0.0143237 3.784666432e-05 143237 
133.6633663 0.0143648 3.790092347e-05 143648 
135.6435644 0.0144034 3.795181155e-05 144034 
137.6237624 0.0143454 3.787532178e-05 143454 
139.6039604 0.0027918 1.670868038e-05 27918 
141.5841584 0 0 0 
143.5643564 0 0 0 
145.5445545 0 0 0 
147.5247525 0 0 0 
149.5049505 0 0 0 
151.4851485 0 0 0 
153.4653465 0 0 0 
155.4455446 0 0 0 
157.4257426 0 0 0 
159.4059406 0 0 0 
161.3861386 0 0 0 
163.3663366 0 0 0 
165.3465347 0 0 0 
167.3267327 0 0 0 
169.3069307 0 0 0 
171.2871287 0 0 0 
173.2673267 0 0 0 
175.2475248 0 0 0 
177.2277228 0 0 0 
179.2079208 0 0 0 
181.1881188 0 0 0 
183.1683168 0 0 0 
185.1485149 0 0 0 
187.1287129 0 0 0 
189.1089109 0 0 0 
191.0891089 0 0 0 
193.0693069 0 0 0 
195.049505 0 0 0 
197.029703 0 0 0 
199.009901 0 0 0 
