# Format: McCode with text headers
# URL: http://www.mccode.org
# Creator:  3.5.2, git
# Instrument: Airport_scannerII.instr
# Ncount: 1000000
# Trace: no
# Gravitation: no
# Seed: 1728639389140575
# Directory: Scan_Src_Quasi/10
# Param: SFILE=input_abs_objects_template.dat
# Param: ANGLE=0
# Param: posX=-0.35
# Param: posY=-0.3
# Param: posZ=0
# Param: Ncount=0
# Date: Fri Oct 11 09:36:33 2024 (1728639393)
# type: array_1d(101)
# Source: Airp_scannerII (Airport_scannerII.instr)
# component: emon
# position: 0 0 0.11
# title: Energy monitor
# Ncount: 1000000
# filename: emon.dat
# statistics: X0=69.9959; dX=39.8302;
# signal: Min=0; Max=0.014652; Mean=0.00990099;
# values: 1 0.001 1e+06
# xvar: E
# yvar: (I,I_err)
# xlabel: Energy [keV]
# ylabel: Intensity
# xlimits: 0 200
# variables: E I I_err N
0.9900990099 0.007049 8.395832299e-05 7049 
2.97029703 0.014402 0.000120008333 14402 
4.95049505 0.01437 0.0001198749348 14370 
6.930693069 0.014366 0.0001198582496 14366 
8.910891089 0.014152 0.0001189621789 14152 
10.89108911 0.014262 0.0001194236158 14262 
12.87128713 0.014414 0.0001200583192 14414 
14.85148515 0.014228 0.0001192811804 14228 
16.83168317 0.014195 0.0001191427715 14195 
18.81188119 0.014335 0.0001197288603 14335 
20.79207921 0.01419 0.0001191217864 14190 
22.77227723 0.014377 0.0001199041284 14377 
24.75247525 0.014501 0.000120420098 14501 
26.73267327 0.014471 0.0001202954696 14471 
28.71287129 0.01448 0.0001203328717 14480 
30.69306931 0.014216 0.0001192308685 14216 
32.67326733 0.014418 0.0001200749766 14418 
34.65346535 0.014242 0.0001193398508 14242 
36.63366337 0.014508 0.0001204491594 14508 
38.61386139 0.014573 0.0001207186812 14573 
40.59405941 0.014408 0.0001200333287 14408 
42.57425743 0.014401 0.0001200041666 14401 
44.55445545 0.014433 0.0001201374213 14433 
46.53465347 0.014306 0.0001196076921 14306 
48.51485149 0.014205 0.0001191847306 14205 
50.4950495 0.014652 0.000121045446 14652 
52.47524752 0.014276 0.0001194822162 14276 
54.45544554 0.014458 0.0001202414238 14458 
56.43564356 0.014311 0.0001196285919 14311 
58.41584158 0.014299 0.0001195784261 14299 
60.3960396 0.014438 0.000120158229 14438 
62.37623762 0.014536 0.000120565335 14536 
64.35643564 0.014326 0.0001196912695 14326 
66.33663366 0.014506 0.0001204408569 14506 
68.31683168 0.014296 0.0001195658814 14296 
70.2970297 0.014208 0.0001191973154 14208 
72.27722772 0.014287 0.0001195282393 14287 
74.25742574 0.014185 0.0001191007976 14185 
76.23762376 0.014261 0.0001194194289 14261 
78.21782178 0.014076 0.0001186423196 14076 
80.1980198 0.014513 0.0001204699133 14513 
82.17821782 0.014219 0.0001192434485 14219 
84.15841584 0.014225 0.0001192686044 14225 
86.13861386 0.014508 0.0001204491594 14508 
88.11881188 0.014414 0.0001200583192 14414 
90.0990099 0.014322 0.0001196745587 14322 
92.07920792 0.014352 0.0001197998331 14352 
94.05940594 0.014211 0.0001192098989 14211 
96.03960396 0.01437 0.0001198749348 14370 
98.01980198 0.014414 0.0001200583192 14414 
100 0.01429 0.000119540788 14290 
101.980198 0.014244 0.00011934823 14244 
103.960396 0.014579 0.0001207435298 14579 
105.9405941 0.01426 0.0001194152419 14260 
107.9207921 0.014302 0.0001195909696 14302 
109.9009901 0.01445 0.0001202081528 14450 
111.8811881 0.014555 0.0001206441047 14555 
113.8613861 0.014158 0.0001189873943 14158 
115.8415842 0.014438 0.000120158229 14438 
117.8217822 0.014336 0.0001197330364 14336 
119.8019802 0.014447 0.0001201956738 14447 
121.7821782 0.014377 0.0001199041284 14377 
123.7623762 0.014352 0.0001197998331 14352 
125.7425743 0.014357 0.0001198206994 14357 
127.7227723 0.014228 0.0001192811804 14228 
129.7029703 0.014338 0.000119741388 14338 
131.6831683 0.014418 0.0001200749766 14418 
133.6633663 0.014399 0.0001199958333 14399 
135.6435644 0.014266 0.0001194403617 14266 
137.6237624 0.014245 0.0001193524193 14245 
139.6039604 0.002796 5.287721627e-05 2796 
141.5841584 0 0 0 
143.5643564 0 0 0 
145.5445545 0 0 0 
147.5247525 0 0 0 
149.5049505 0 0 0 
151.4851485 0 0 0 
153.4653465 0 0 0 
155.4455446 0 0 0 
157.4257426 0 0 0 
159.4059406 0 0 0 
161.3861386 0 0 0 
163.3663366 0 0 0 
165.3465347 0 0 0 
167.3267327 0 0 0 
169.3069307 0 0 0 
171.2871287 0 0 0 
173.2673267 0 0 0 
175.2475248 0 0 0 
177.2277228 0 0 0 
179.2079208 0 0 0 
181.1881188 0 0 0 
183.1683168 0 0 0 
185.1485149 0 0 0 
187.1287129 0 0 0 
189.1089109 0 0 0 
191.0891089 0 0 0 
193.0693069 0 0 0 
195.049505 0 0 0 
197.029703 0 0 0 
199.009901 0 0 0 
