# Format: McCode with text headers
# URL: http://www.mccode.org
# Creator:  3.5.2, git
# Instrument: Airport_scannerII.instr
# Ncount: 10000000
# Trace: no
# Gravitation: no
# Seed: 1728639530377638
# Directory: Scan_Src_Quasi_1e7/1
# Param: SFILE=input_abs_objects_template.dat
# Param: ANGLE=0
# Param: posX=-0.575
# Param: posY=-0.3
# Param: posZ=0
# Param: Ncount=0
# Date: Fri Oct 11 09:39:05 2024 (1728639545)
# type: array_1d(101)
# Source: Airp_scannerII (Airport_scannerII.instr)
# component: emon
# position: 0 0 0.11
# title: Energy monitor
# Ncount: 10000000
# filename: emon.dat
# statistics: X0=70.0041; dX=39.8398;
# signal: Min=0; Max=0.0144403; Mean=0.00990099;
# values: 1 0.000316228 1e+07
# xvar: E
# yvar: (I,I_err)
# xlabel: Energy [keV]
# ylabel: Intensity
# xlimits: 0 200
# variables: E I I_err N
0.9900990099 0.0070319 2.651772992e-05 70319 
2.97029703 0.0143403 3.786858857e-05 143403 
4.95049505 0.014399 3.794601428e-05 143990 
6.930693069 0.0143211 3.784322925e-05 143211 
8.910891089 0.0142865 3.779748669e-05 142865 
10.89108911 0.0143035 3.781996827e-05 143035 
12.87128713 0.0143052 3.782221569e-05 143052 
14.85148515 0.0143481 3.787888594e-05 143481 
16.83168317 0.0143761 3.791582783e-05 143761 
18.81188119 0.0144299 3.79867082e-05 144299 
20.79207921 0.0143122 3.783146838e-05 143122 
22.77227723 0.0143282 3.785260889e-05 143282 
24.75247525 0.0144096 3.795997893e-05 144096 
26.73267327 0.0143863 3.792927629e-05 143863 
28.71287129 0.0143927 3.793771211e-05 143927 
30.69306931 0.0144057 3.795484159e-05 144057 
32.67326733 0.0143632 3.789881265e-05 143632 
34.65346535 0.0143702 3.790804664e-05 143702 
36.63366337 0.0143446 3.787426567e-05 143446 
38.61386139 0.0143379 3.786541958e-05 143379 
40.59405941 0.0143361 3.786304267e-05 143361 
42.57425743 0.0143775 3.791767398e-05 143775 
44.55445545 0.0143743 3.791345408e-05 143743 
46.53465347 0.014371 3.790910181e-05 143710 
48.51485149 0.0143379 3.786541958e-05 143379 
50.4950495 0.014279 3.778756409e-05 142790 
52.47524752 0.0143699 3.790765094e-05 143699 
54.45544554 0.014304 3.782062929e-05 143040 
56.43564356 0.0142882 3.779973545e-05 142882 
58.41584158 0.0142971 3.781150619e-05 142971 
60.3960396 0.0143192 3.784071881e-05 143192 
62.37623762 0.0143314 3.785683558e-05 143314 
64.35643564 0.0144106 3.796129608e-05 144106 
66.33663366 0.014352 3.788403358e-05 143520 
68.31683168 0.0143681 3.790527668e-05 143681 
70.2970297 0.0143126 3.783199704e-05 143126 
72.27722772 0.0143906 3.793494431e-05 143906 
74.25742574 0.0143466 3.787690589e-05 143466 
76.23762376 0.0143552 3.788825676e-05 143552 
78.21782178 0.0143576 3.789142383e-05 143576 
80.1980198 0.0142421 3.773870692e-05 142421 
82.17821782 0.0143858 3.792861716e-05 143858 
84.15841584 0.0143457 3.787571782e-05 143457 
86.13861386 0.0144008 3.7948386e-05 144008 
88.11881188 0.0143686 3.790593621e-05 143686 
90.0990099 0.0143326 3.785842046e-05 143326 
92.07920792 0.0143563 3.788970837e-05 143563 
94.05940594 0.0144012 3.794891303e-05 144012 
96.03960396 0.0142872 3.779841267e-05 142872 
98.01980198 0.0143366 3.786370294e-05 143366 
100 0.0143628 3.789828492e-05 143628 
101.980198 0.0144108 3.79615595e-05 144108 
103.960396 0.0143621 3.789736139e-05 143621 
105.9405941 0.0144004 3.794785896e-05 144004 
107.9207921 0.0143365 3.786357088e-05 143365 
109.9009901 0.0143696 3.790725524e-05 143696 
111.8811881 0.0142838 3.779391485e-05 142838 
113.8613861 0.0142945 3.780806792e-05 142945 
115.8415842 0.0143639 3.789973615e-05 143639 
117.8217822 0.014371 3.790910181e-05 143710 
119.8019802 0.0143543 3.788706903e-05 143543 
121.7821782 0.0144178 3.797077824e-05 144178 
123.7623762 0.0143751 3.79145091e-05 143751 
125.7425743 0.0143755 3.79150366e-05 143755 
127.7227723 0.0143293 3.785406187e-05 143293 
129.7029703 0.0142557 3.775672126e-05 142557 
131.6831683 0.0142948 3.780846466e-05 142948 
133.6633663 0.014375 3.791437722e-05 143750 
135.6435644 0.0144403 3.800039473e-05 144403 
137.6237624 0.014301 3.781666299e-05 143010 
139.6039604 0.0027978 1.672662548e-05 27978 
141.5841584 0 0 0 
143.5643564 0 0 0 
145.5445545 0 0 0 
147.5247525 0 0 0 
149.5049505 0 0 0 
151.4851485 0 0 0 
153.4653465 0 0 0 
155.4455446 0 0 0 
157.4257426 0 0 0 
159.4059406 0 0 0 
161.3861386 0 0 0 
163.3663366 0 0 0 
165.3465347 0 0 0 
167.3267327 0 0 0 
169.3069307 0 0 0 
171.2871287 0 0 0 
173.2673267 0 0 0 
175.2475248 0 0 0 
177.2277228 0 0 0 
179.2079208 0 0 0 
181.1881188 0 0 0 
183.1683168 0 0 0 
185.1485149 0 0 0 
187.1287129 0 0 0 
189.1089109 0 0 0 
191.0891089 0 0 0 
193.0693069 0 0 0 
195.049505 0 0 0 
197.029703 0 0 0 
199.009901 0 0 0 
