# Format: McCode with text headers
# URL: http://www.mccode.org
# Creator:  3.5.2, git
# Instrument: Airport_scannerII.instr
# Ncount: 10000000
# Trace: no
# Gravitation: no
# Seed: 1728639657297168
# Directory: Scan_Src_Quasi_1e7/6
# Param: SFILE=input_abs_objects_template.dat
# Param: ANGLE=0
# Param: posX=-0.45
# Param: posY=-0.3
# Param: posZ=0
# Param: Ncount=0
# Date: Fri Oct 11 09:41:30 2024 (1728639690)
# type: array_1d(101)
# Source: Airp_scannerII (Airport_scannerII.instr)
# component: emon
# position: 0 0 0.11
# title: Energy monitor
# Ncount: 10000000
# filename: emon.dat
# statistics: X0=69.9948; dX=39.851;
# signal: Min=0; Max=0.0144418; Mean=0.00990099;
# values: 1 0.000316228 1e+07
# xvar: E
# yvar: (I,I_err)
# xlabel: Energy [keV]
# ylabel: Intensity
# xlimits: 0 200
# variables: E I I_err N
0.9900990099 0.0070873 2.66219834e-05 70873 
2.97029703 0.0143475 3.787809393e-05 143475 
4.95049505 0.0143699 3.790765094e-05 143699 
6.930693069 0.0144418 3.800236835e-05 144418 
8.910891089 0.0143175 3.783847249e-05 143175 
10.89108911 0.0143632 3.789881265e-05 143632 
12.87128713 0.014401 3.794864951e-05 144010 
14.85148515 0.0143247 3.784798542e-05 143247 
16.83168317 0.0143645 3.79005277e-05 143645 
18.81188119 0.014322 3.784441835e-05 143220 
20.79207921 0.0143561 3.788944444e-05 143561 
22.77227723 0.0143328 3.78586846e-05 143328 
24.75247525 0.0143715 3.790976128e-05 143715 
26.73267327 0.0144375 3.799671038e-05 144375 
28.71287129 0.0143215 3.784375774e-05 143215 
30.69306931 0.0143119 3.783107189e-05 143119 
32.67326733 0.0142906 3.780290994e-05 142906 
34.65346535 0.0143449 3.787466171e-05 143449 
36.63366337 0.0143088 3.78269745e-05 143088 
38.61386139 0.0144133 3.796485217e-05 144133 
40.59405941 0.0144178 3.797077824e-05 144178 
42.57425743 0.01435 3.788139385e-05 143500 
44.55445545 0.0143563 3.788970837e-05 143563 
46.53465347 0.0143242 3.784732487e-05 143242 
48.51485149 0.0143184 3.783966173e-05 143184 
50.4950495 0.0143221 3.784455047e-05 143221 
52.47524752 0.0142958 3.780978709e-05 142958 
54.45544554 0.0143403 3.786858857e-05 143403 
56.43564356 0.0143225 3.784507894e-05 143225 
58.41584158 0.0143623 3.789762526e-05 143623 
60.3960396 0.0144052 3.795418291e-05 144052 
62.37623762 0.0144114 3.796234977e-05 144114 
64.35643564 0.0143443 3.787386962e-05 143443 
66.33663366 0.0143355 3.786225033e-05 143355 
68.31683168 0.0143557 3.788891659e-05 143557 
70.2970297 0.0143455 3.787545379e-05 143455 
72.27722772 0.0143711 3.79092337e-05 143711 
74.25742574 0.0143014 3.781719186e-05 143014 
76.23762376 0.0143582 3.789221556e-05 143582 
78.21782178 0.0143032 3.781957165e-05 143032 
80.1980198 0.0142991 3.781415079e-05 142991 
82.17821782 0.0143095 3.782789976e-05 143095 
84.15841584 0.0143006 3.781613412e-05 143006 
86.13861386 0.0143268 3.785075957e-05 143268 
88.11881188 0.0144016 3.794944005e-05 144016 
90.0990099 0.0143778 3.791806957e-05 143778 
92.07920792 0.014359 3.789327117e-05 143590 
94.05940594 0.0143237 3.784666432e-05 143237 
96.03960396 0.0143316 3.785709973e-05 143316 
98.01980198 0.0143778 3.791806957e-05 143778 
100 0.0143187 3.784005814e-05 143187 
101.980198 0.0143497 3.788099787e-05 143497 
103.960396 0.014375 3.791437722e-05 143750 
105.9405941 0.0143524 3.78845615e-05 143524 
107.9207921 0.0143957 3.794166575e-05 143957 
109.9009901 0.0143224 3.784494682e-05 143224 
111.8811881 0.0142491 3.774798008e-05 142491 
113.8613861 0.0143487 3.787967793e-05 143487 
115.8415842 0.0143853 3.792795803e-05 143853 
117.8217822 0.0143917 3.793639414e-05 143917 
119.8019802 0.0142887 3.780039682e-05 142887 
121.7821782 0.0143855 3.792822168e-05 143855 
123.7623762 0.0143506 3.788218579e-05 143506 
125.7425743 0.0143344 3.786079767e-05 143344 
127.7227723 0.0144041 3.795273376e-05 144041 
129.7029703 0.0143033 3.781970386e-05 143033 
131.6831683 0.0143703 3.790817854e-05 143703 
133.6633663 0.0143743 3.791345408e-05 143743 
135.6435644 0.0144355 3.799407849e-05 144355 
137.6237624 0.0142857 3.77964284e-05 142857 
139.6039604 0.0028019 1.67388769e-05 28019 
141.5841584 0 0 0 
143.5643564 0 0 0 
145.5445545 0 0 0 
147.5247525 0 0 0 
149.5049505 0 0 0 
151.4851485 0 0 0 
153.4653465 0 0 0 
155.4455446 0 0 0 
157.4257426 0 0 0 
159.4059406 0 0 0 
161.3861386 0 0 0 
163.3663366 0 0 0 
165.3465347 0 0 0 
167.3267327 0 0 0 
169.3069307 0 0 0 
171.2871287 0 0 0 
173.2673267 0 0 0 
175.2475248 0 0 0 
177.2277228 0 0 0 
179.2079208 0 0 0 
181.1881188 0 0 0 
183.1683168 0 0 0 
185.1485149 0 0 0 
187.1287129 0 0 0 
189.1089109 0 0 0 
191.0891089 0 0 0 
193.0693069 0 0 0 
195.049505 0 0 0 
197.029703 0 0 0 
199.009901 0 0 0 
