# Format: McCode with text headers
# URL: http://www.mccode.org
# Creator:  3.5.2, git
# Instrument: templateSANS2.instr
# Ncount: 833333
# Trace: no
# Gravitation: no
# Seed: 1728480632295299
# Directory: Wavelength_scan/4
# Nodes: 12
# Param: lambda=6
# Param: dlambda=0.6
# Param: r=150
# Param: PHI=0.001
# Param: Delta_Rho=6e+10
# Param: frac_dir=0.03
# Param: frac_inc=0.01
# Param: slit1=0.02
# Param: slit2=0.02
# Param: LC=3
# Param: LD=3
# Date: Wed Oct  9 15:30:35 2024 (1728480635)
# type: array_1d(1000)
# Source: templateSANS2 (templateSANS2.instr)
# component: Ldetector
# position: 0 0 6.2
# title: Wavelength monitor
# Ncount: 9999996
# filename: Edet.dat
# statistics: X0=6.02676; dX=0.287676;
# signal: Min=0.00821228; Max=0.0118527; Mean=0.00994296;
# values: 9.94296 0.00246426 5.52379e+07
# xvar: L
# yvar: (I,I_err)
# xlabel: Wavelength [AA]
# ylabel: Intensity
# xlimits: 5.5 6.5
# variables: L I I_err N
5.5005 0.00840895095 6.554566847e-05 55730 
5.5015 0.008348283516 6.546421459e-05 55009 
5.5025 0.00844969957 6.567719273e-05 55495 
5.5035 0.008355837404 6.543898697e-05 54959 
5.5045 0.008395600797 6.551010855e-05 55062 
5.5055 0.008373877884 6.540718399e-05 55516 
5.5065 0.008591828388 6.639276401e-05 56283 
5.5075 0.008685882061 6.684970259e-05 56379 
5.5085 0.008487544807 6.605784925e-05 55602 
5.5095 0.008212279127 6.479054936e-05 54472 
5.5105 0.008331899247 6.53516733e-05 55214 
5.5115 0.008413926094 6.577556188e-05 55330 
5.5125 0.008562466317 6.636179821e-05 55941 
5.5135 0.00829783378 6.527603346e-05 54842 
5.5145 0.00848709564 6.616798985e-05 55539 
5.5155 0.008381240858 6.543661901e-05 55727 
5.5165 0.008536763175 6.645347025e-05 55504 
5.5175 0.008454896117 6.581806614e-05 55815 
5.5185 0.008324747237 6.543922393e-05 54815 
5.5195 0.008583412326 6.659647274e-05 55678 
5.5205 0.008329153406 6.551514608e-05 54446 
5.5215 0.008430413389 6.604463232e-05 54860 
5.5225 0.008358506843 6.555130369e-05 55005 
5.5235 0.008366732668 6.575409161e-05 54810 
5.5245 0.008552105699 6.63793894e-05 55803 
5.5255 0.008530362423 6.640775597e-05 55770 
5.5265 0.008663877999 6.686881041e-05 56128 
5.5275 0.008497496478 6.616367847e-05 55830 
5.5285 0.00846632937 6.627831186e-05 54618 
5.5295 0.00836249157 6.5542431e-05 54983 
5.5305 0.008641533412 6.683438184e-05 56455 
5.5315 0.008524334056 6.641554493e-05 55688 
5.5325 0.008274646118 6.525666228e-05 54251 
5.5335 0.008499923748 6.628587487e-05 55379 
5.5345 0.008455130948 6.626075372e-05 54849 
5.5355 0.008615737313 6.671425899e-05 56192 
5.5365 0.008558201885 6.64662059e-05 56014 
5.5375 0.008520339824 6.64557457e-05 54948 
5.5385 0.008435960713 6.602780827e-05 55032 
5.5395 0.008341764788 6.572113359e-05 54887 
5.5405 0.008424322283 6.604580713e-05 54724 
5.5415 0.008544746064 6.669013269e-05 55288 
5.5425 0.008605608621 6.700531377e-05 55700 
5.5435 0.008545841435 6.673222339e-05 55374 
5.5445 0.008375623318 6.596109787e-05 54985 
5.5455 0.008681675565 6.722896332e-05 56008 
5.5465 0.008501325159 6.657516605e-05 55355 
5.5475 0.008538523107 6.66906372e-05 55129 
5.5485 0.008627717329 6.705867466e-05 55237 
5.5495 0.008596024413 6.688643327e-05 55206 
5.5505 0.008308808675 6.571145721e-05 54079 
5.5515 0.008641612235 6.722846972e-05 55369 
5.5525 0.008387892671 6.61711566e-05 54303 
5.5535 0.008509334795 6.662267133e-05 55110 
5.5545 0.008676012417 6.734189966e-05 55372 
5.5555 0.008546924808 6.659914547e-05 55820 
5.5565 0.008302636651 6.560176309e-05 54363 
5.5575 0.008544274252 6.68624364e-05 54878 
5.5585 0.008510995197 6.662773827e-05 54969 
5.5595 0.008637405629 6.707327575e-05 55662 
5.5605 0.008520598121 6.687273922e-05 54953 
5.5615 0.008481338647 6.653027146e-05 55098 
5.5625 0.008468401432 6.644470293e-05 54880 
5.5635 0.00846853288 6.648233367e-05 55062 
5.5645 0.008500056954 6.684793583e-05 54775 
5.5655 0.008559171829 6.688863966e-05 55682 
5.5665 0.008544890082 6.679578337e-05 54744 
5.5675 0.008498663698 6.686053848e-05 54806 
5.5685 0.008556352021 6.684575917e-05 55311 
5.5695 0.008563930321 6.688064245e-05 55349 
5.5705 0.008459475844 6.657169183e-05 54619 
5.5715 0.008511956946 6.67538889e-05 54739 
5.5725 0.008612673779 6.726122804e-05 55103 
5.5735 0.008750743193 6.786303569e-05 55614 
5.5745 0.008684166803 6.758474082e-05 55772 
5.5755 0.008691710954 6.77808671e-05 55265 
5.5765 0.008687019255 6.762106006e-05 55506 
5.5775 0.008665157829 6.754369041e-05 55416 
5.5785 0.008733106837 6.795535187e-05 55263 
5.5795 0.008384043152 6.62594022e-05 54338 
5.5805 0.008641050085 6.752315458e-05 54659 
5.5815 0.008535749685 6.695689452e-05 55199 
5.5825 0.008580109713 6.720101634e-05 54733 
5.5835 0.00863130224 6.747347462e-05 54699 
5.5845 0.008712200573 6.771588897e-05 55575 
5.5855 0.008688517839 6.791788131e-05 55464 
5.5865 0.008866119471 6.865350679e-05 55797 
5.5875 0.008776254946 6.797974276e-05 55851 
5.5885 0.008577342655 6.739272286e-05 55047 
5.5895 0.008551067185 6.718175624e-05 54993 
5.5905 0.008562099927 6.724310662e-05 54646 
5.5915 0.008634207684 6.749446447e-05 55339 
5.5925 0.008690067023 6.771548317e-05 55344 
5.5935 0.008597384725 6.72629539e-05 55825 
5.5945 0.008737249049 6.811582367e-05 55712 
5.5955 0.00859541905 6.738091052e-05 54926 
5.5965 0.008737509588 6.811959746e-05 55619 
5.5975 0.008856998767 6.844623873e-05 56147 
5.5985 0.00865247469 6.76975593e-05 55120 
5.5995 0.008660030382 6.769751903e-05 55910 
5.6005 0.008575131092 6.73601143e-05 54782 
5.6015 0.008640314915 6.77165495e-05 54836 
5.6025 0.00896446374 6.907672329e-05 56962 
5.6035 0.008758333317 6.834352168e-05 55123 
5.6045 0.008675583232 6.789831592e-05 55107 
5.6055 0.008878249601 6.873026111e-05 55931 
5.6065 0.008746379562 6.827653663e-05 55336 
5.6075 0.008778622113 6.831765152e-05 55914 
5.6085 0.008941334901 6.909929361e-05 56214 
5.6095 0.008582608121 6.759047516e-05 54096 
5.6105 0.008727105551 6.81807565e-05 55280 
5.6115 0.008772665186 6.834932896e-05 55417 
5.6125 0.008874591898 6.888774223e-05 55703 
5.6135 0.008699116173 6.806600378e-05 55177 
5.6145 0.008768003507 6.837930707e-05 55426 
5.6155 0.008675763678 6.79978519e-05 55336 
5.6165 0.008700295727 6.815586558e-05 54887 
5.6175 0.00873740433 6.829227305e-05 55300 
5.6185 0.008731799023 6.832043219e-05 55193 
5.6195 0.008850347462 6.853022494e-05 56018 
5.6205 0.008635743897 6.784639847e-05 54680 
5.6215 0.008712208787 6.822188254e-05 54540 
5.6225 0.008606912542 6.780915494e-05 54256 
5.6235 0.008688128708 6.832673084e-05 54368 
5.6245 0.008792094793 6.837382302e-05 55937 
5.6255 0.00885437025 6.885882123e-05 55515 
5.6265 0.008615881433 6.775600747e-05 54452 
5.6275 0.008860382123 6.889010752e-05 56020 
5.6285 0.008816170027 6.87946869e-05 55219 
5.6295 0.008898528578 6.908001511e-05 56275 
5.6305 0.008961104545 6.933652873e-05 55745 
5.6315 0.008886145446 6.904077011e-05 55807 
5.6325 0.008911396515 6.914026733e-05 55917 
5.6335 0.008811234458 6.900960802e-05 54878 
5.6345 0.008834668777 6.893360706e-05 55281 
5.6355 0.008939233542 6.943995839e-05 55764 
5.6365 0.008650339133 6.816177373e-05 54379 
5.6375 0.008995578764 6.973955867e-05 56080 
5.6385 0.008741547065 6.835213234e-05 55043 
5.6395 0.008771351811 6.895344952e-05 54647 
5.6405 0.008635171353 6.807265444e-05 54455 
5.6415 0.008726510731 6.840851374e-05 55078 
5.6425 0.008857614719 6.913837504e-05 54966 
5.6435 0.008820299788 6.893779968e-05 54806 
5.6445 0.008778426784 6.860115632e-05 55307 
5.6455 0.008810703464 6.902464112e-05 54836 
5.6465 0.008738579845 6.850570129e-05 55240 
5.6475 0.008720457506 6.85275597e-05 54197 
5.6485 0.008847994417 6.924166457e-05 55036 
5.6495 0.008625448307 6.811918292e-05 54783 
5.6505 0.008867339181 6.916529606e-05 54894 
5.6515 0.008970036143 6.970401791e-05 55897 
5.6525 0.008593755591 6.799257804e-05 53494 
5.6535 0.00881740253 6.899465451e-05 55221 
5.6545 0.008814252909 6.920231296e-05 55056 
5.6555 0.008804416671 6.904172161e-05 55025 
5.6565 0.008800509003 6.900518967e-05 55466 
5.6575 0.009010855345 6.959586513e-05 56258 
5.6585 0.008770127574 6.887526654e-05 54450 
5.6595 0.008717157283 6.866949578e-05 54010 
5.6605 0.008936445353 6.940844892e-05 55964 
5.6615 0.008962037475 6.972305052e-05 55539 
5.6625 0.009089454887 7.021128932e-05 56430 
5.6635 0.008762026775 6.910759838e-05 54633 
5.6645 0.00897794854 6.990174068e-05 55610 
5.6655 0.008995597446 6.992337419e-05 55601 
5.6665 0.008937039535 6.971560814e-05 55270 
5.6675 0.00869576513 6.874877657e-05 54330 
5.6685 0.008977039352 6.979280932e-05 55286 
5.6695 0.008984715132 7.003669188e-05 55124 
5.6705 0.008902701528 6.975327468e-05 54851 
5.6715 0.009206319829 7.104282126e-05 56312 
5.6725 0.008973410264 7.00344964e-05 55294 
5.6735 0.009041672222 7.0236507e-05 55788 
5.6745 0.008775476351 6.912716205e-05 54697 
5.6755 0.008906647999 6.991031167e-05 54593 
5.6765 0.009000602213 7.001127253e-05 55295 
5.6775 0.00890159417 6.965523703e-05 55005 
5.6785 0.008875493633 6.963210203e-05 54788 
5.6795 0.009093057197 7.030102739e-05 56491 
5.6805 0.008844693012 6.939359558e-05 54696 
5.6815 0.008873664966 6.950265861e-05 54782 
5.6825 0.008881412131 6.967802277e-05 54675 
5.6835 0.00871374323 6.903460266e-05 54138 
5.6845 0.009128908712 7.067626181e-05 56213 
5.6855 0.008951709527 6.996880857e-05 55336 
5.6865 0.008751027455 6.914957205e-05 54095 
5.6875 0.008764585693 6.935764711e-05 53815 
5.6885 0.009045510791 7.032585185e-05 56096 
5.6895 0.008726560161 6.912667468e-05 53905 
5.6905 0.008841446656 6.952077023e-05 54717 
5.6915 0.00891537524 6.976846667e-05 55182 
5.6925 0.009132856019 7.09260636e-05 55926 
5.6935 0.008869163385 6.986690712e-05 54588 
5.6945 0.009091926203 7.073183774e-05 55618 
5.6955 0.009132489439 7.086131229e-05 55546 
5.6965 0.009041064145 7.049640838e-05 55220 
5.6975 0.008859150573 6.960619399e-05 54928 
5.6985 0.00906844261 7.058790371e-05 55217 
5.6995 0.008968163702 7.029306046e-05 54698 
5.7005 0.00920613802 7.112951994e-05 56153 
5.7015 0.008999175523 7.033137625e-05 55234 
5.7025 0.009040912183 7.052002916e-05 55593 
5.7035 0.009085042918 7.080298109e-05 55271 
5.7045 0.008992374229 7.058391685e-05 54684 
5.7055 0.009052985141 7.060838964e-05 55129 
5.7065 0.009005064657 7.056400954e-05 54938 
5.7075 0.008961641985 7.026909075e-05 55102 
5.7085 0.009010585199 7.047966966e-05 55094 
5.7095 0.008783341693 6.97599164e-05 53802 
5.7105 0.009162984641 7.112692776e-05 55740 
5.7115 0.008957690247 7.022916311e-05 55055 
5.7125 0.008863776785 6.996850969e-05 54045 
5.7135 0.009142473308 7.104523526e-05 56089 
5.7145 0.009023953315 7.068726502e-05 54873 
5.7155 0.008925680782 7.018271573e-05 54413 
5.7165 0.009196725718 7.14903983e-05 55340 
5.7175 0.008955625291 7.040137805e-05 54946 
5.7185 0.009169721589 7.127760479e-05 55483 
5.7195 0.00918245633 7.138914619e-05 55520 
5.7205 0.0089156812 7.020363504e-05 54706 
5.7215 0.008942835724 7.046641195e-05 54140 
5.7225 0.009097037212 7.100685829e-05 55223 
5.7235 0.009067524799 7.079591183e-05 55416 
5.7245 0.008952114087 7.054883933e-05 54509 
5.7255 0.009034225544 7.075714515e-05 54706 
5.7265 0.009252330601 7.172959258e-05 55492 
5.7275 0.009163848551 7.140299694e-05 55318 
5.7285 0.009146105658 7.161010778e-05 54822 
5.7295 0.009124496477 7.129835096e-05 55350 
5.7305 0.00906458517 7.116453142e-05 54972 
5.7315 0.008897851575 7.039536217e-05 53888 
5.7325 0.008868623984 7.025702208e-05 53618 
5.7335 0.008975735864 7.05302427e-05 55060 
5.7345 0.009160726758 7.158525201e-05 54960 
5.7355 0.009337225645 7.211447081e-05 56363 
5.7365 0.009140078285 7.154326682e-05 54708 
5.7375 0.008977347288 7.076873096e-05 54717 
5.7385 0.009045922256 7.100035459e-05 55168 
5.7395 0.009060719085 7.111918333e-05 54374 
5.7405 0.008909098687 7.05179632e-05 53953 
5.7415 0.009105539309 7.121740505e-05 55079 
5.7425 0.009215708748 7.175630205e-05 55507 
5.7435 0.009231197836 7.174836731e-05 55500 
5.7445 0.00928254186 7.204498981e-05 56004 
5.7455 0.009259864228 7.171733553e-05 56417 
5.7465 0.009009584225 7.101483926e-05 54514 
5.7475 0.008856324119 7.018459087e-05 53694 
5.7485 0.008927822629 7.059778808e-05 54010 
5.7495 0.009012580759 7.106410771e-05 54112 
5.7505 0.009033763461 7.119902788e-05 54230 
5.7515 0.009276758 7.210565451e-05 55350 
5.7525 0.009224982918 7.186442112e-05 55176 
5.7535 0.009167109712 7.176841075e-05 55377 
5.7545 0.009152459648 7.171500239e-05 54597 
5.7555 0.009175763242 7.188381997e-05 54933 
5.7565 0.008928490351 7.094381565e-05 53771 
5.7575 0.009257325842 7.225620608e-05 55108 
5.7585 0.009021772157 7.128928562e-05 53395 
5.7595 0.009246864353 7.231236085e-05 54604 
5.7605 0.009236463115 7.217886243e-05 54844 
5.7615 0.00902146371 7.131043986e-05 54145 
5.7625 0.009161808293 7.167645346e-05 55082 
5.7635 0.009126744857 7.17209347e-05 54453 
5.7645 0.009292922689 7.226030528e-05 55624 
5.7655 0.009136943332 7.161795595e-05 54786 
5.7665 0.009347489963 7.263907572e-05 55586 
5.7675 0.009218220672 7.222912626e-05 54863 
5.7685 0.00919444812 7.194445707e-05 55075 
5.7695 0.00926244081 7.236220154e-05 55140 
5.7705 0.009198487326 7.206923977e-05 55037 
5.7715 0.008927282333 7.092689947e-05 53579 
5.7725 0.00927338717 7.249519989e-05 54992 
5.7735 0.009319036845 7.248950332e-05 56180 
5.7745 0.00929524166 7.266992563e-05 55064 
5.7755 0.009250089019 7.246172124e-05 54729 
5.7765 0.009118814811 7.172453156e-05 54711 
5.7775 0.009100564632 7.171513325e-05 54085 
5.7785 0.00930656321 7.250029264e-05 55296 
5.7795 0.009288192308 7.252085339e-05 54895 
5.7805 0.009173070285 7.20560148e-05 54448 
5.7815 0.009334767494 7.271295476e-05 55092 
5.7825 0.009063642103 7.158082319e-05 54088 
5.7835 0.009079876736 7.158156714e-05 54007 
5.7845 0.009156039714 7.202385888e-05 54730 
5.7855 0.009146648248 7.205111349e-05 54017 
5.7865 0.009338805143 7.288419755e-05 55329 
5.7875 0.009380483672 7.301275876e-05 55494 
5.7885 0.009249161662 7.24978366e-05 54485 
5.7895 0.009411633104 7.322456298e-05 55253 
5.7905 0.009170977176 7.19674549e-05 54641 
5.7915 0.009169945695 7.210780585e-05 54914 
5.7925 0.009029832215 7.149020329e-05 53970 
5.7935 0.009351622464 7.289547007e-05 55262 
5.7945 0.009218143308 7.235589719e-05 54535 
5.7955 0.009133338304 7.191423114e-05 54318 
5.7965 0.009326026811 7.281334146e-05 55231 
5.7975 0.009421031475 7.317354724e-05 55838 
5.7985 0.009199493002 7.242505598e-05 54469 
5.7995 0.009253946349 7.251881262e-05 54657 
5.8005 0.009117145953 7.217671175e-05 53633 
5.8015 0.009541371916 7.414376432e-05 55636 
5.8025 0.009445746572 7.34503459e-05 55239 
5.8035 0.009338034777 7.311379099e-05 54958 
5.8045 0.009135984 7.198218938e-05 54336 
5.8055 0.009249915413 7.264331659e-05 54775 
5.8065 0.009507431575 7.370824959e-05 55973 
5.8075 0.009287792788 7.281654936e-05 54680 
5.8085 0.009358526178 7.309399659e-05 55230 
5.8095 0.009323269278 7.301401e-05 54827 
5.8105 0.009374166544 7.339905076e-05 54529 
5.8115 0.009214896411 7.249903316e-05 54005 
5.8125 0.00948496081 7.372219691e-05 55647 
5.8135 0.009417706609 7.353498918e-05 55327 
5.8145 0.009180088386 7.23076508e-05 54267 
5.8155 0.009240074559 7.256442501e-05 54323 
5.8165 0.009088747443 7.174582298e-05 54458 
5.8175 0.009262126608 7.272014555e-05 54578 
5.8185 0.009253243437 7.258203998e-05 54681 
5.8195 0.009402039409 7.310120102e-05 55796 
5.8205 0.009287440942 7.272946131e-05 55106 
5.8215 0.009463142224 7.37036219e-05 55623 
5.8225 0.00938147496 7.329234991e-05 55039 
5.8235 0.009453418807 7.347859364e-05 55701 
5.8245 0.009416026593 7.339341319e-05 55093 
5.8255 0.009234631638 7.259770972e-05 53907 
5.8265 0.009608395913 7.418062454e-05 56131 
5.8275 0.009260186346 7.270155237e-05 54694 
5.8285 0.009452006161 7.354180978e-05 55100 
5.8295 0.009483882178 7.350232092e-05 55795 
5.8305 0.009370797261 7.329638078e-05 54568 
5.8315 0.00956521864 7.386675448e-05 56741 
5.8325 0.009349828036 7.301309332e-05 55506 
5.8335 0.00924842789 7.267640798e-05 54507 
5.8345 0.009507032725 7.371311994e-05 56266 
5.8355 0.009400038434 7.323242365e-05 55456 
5.8365 0.009592789417 7.412831326e-05 56324 
5.8375 0.009332511889 7.310347919e-05 54881 
5.8385 0.009407315151 7.317048439e-05 55773 
5.8395 0.009478669816 7.379826939e-05 55228 
5.8405 0.00969160022 7.46018599e-05 56515 
5.8415 0.009151430392 7.217313693e-05 54163 
5.8425 0.009429310814 7.351522302e-05 55427 
5.8435 0.009300349178 7.297662129e-05 54936 
5.8445 0.009313505258 7.299899704e-05 55003 
5.8455 0.009526130155 7.410378445e-05 56068 
5.8465 0.00949765085 7.377808968e-05 55669 
5.8475 0.009448774353 7.352036191e-05 55712 
5.8485 0.009621267439 7.443543808e-05 55735 
5.8495 0.00935493426 7.313487045e-05 54995 
5.8505 0.009388372912 7.356458775e-05 54843 
5.8515 0.009345698069 7.326203999e-05 55397 
5.8525 0.009603133301 7.450880225e-05 55384 
5.8535 0.009361178648 7.3304435e-05 55197 
5.8545 0.009495166592 7.393233591e-05 55904 
5.8555 0.009523369782 7.39725393e-05 55834 
5.8565 0.009827496768 7.532289519e-05 57050 
5.8575 0.009658314585 7.444553192e-05 56519 
5.8585 0.009414724896 7.355677097e-05 54992 
5.8595 0.009396454484 7.351882877e-05 55289 
5.8605 0.009525621392 7.410196446e-05 55279 
5.8615 0.009541233053 7.41236147e-05 55700 
5.8625 0.00953371757 7.428691801e-05 55484 
5.8635 0.009643046569 7.461637857e-05 55824 
5.8645 0.009534170166 7.43408091e-05 55658 
5.8655 0.009428856741 7.34689532e-05 55843 
5.8665 0.009657460751 7.479637676e-05 56272 
5.8675 0.009581539873 7.453154338e-05 55470 
5.8685 0.009303086943 7.315841033e-05 55139 
5.8695 0.009494313612 7.424940918e-05 54813 
5.8705 0.009442020727 7.39735167e-05 54946 
5.8715 0.009437314948 7.387647927e-05 55019 
5.8725 0.009454337921 7.39222465e-05 54672 
5.8735 0.009519433812 7.409225935e-05 55685 
5.8745 0.009562433443 7.445560174e-05 55323 
5.8755 0.009682316728 7.49922284e-05 56136 
5.8765 0.009669814911 7.510913585e-05 55748 
5.8775 0.0094638874 7.420042311e-05 54686 
5.8785 0.009845706755 7.533109846e-05 57245 
5.8795 0.0098454521 7.577033926e-05 56692 
5.8805 0.009373109364 7.357871621e-05 54657 
5.8815 0.009710511008 7.515221191e-05 55661 
5.8825 0.009487576198 7.405750138e-05 55333 
5.8835 0.009438371192 7.384029511e-05 55424 
5.8845 0.009677575508 7.516421316e-05 55914 
5.8855 0.009548429419 7.438786963e-05 55490 
5.8865 0.009581211692 7.462686111e-05 55496 
5.8875 0.009572633359 7.47026718e-05 55115 
5.8885 0.009614041119 7.490163171e-05 55749 
5.8895 0.009657126889 7.506841565e-05 55709 
5.8905 0.009429677724 7.405181427e-05 54567 
5.8915 0.009356756673 7.39920532e-05 54045 
5.8925 0.009330406259 7.365566032e-05 54082 
5.8935 0.009566866506 7.460787231e-05 55434 
5.8945 0.009561440401 7.484392564e-05 54251 
5.8955 0.009421260363 7.417803515e-05 54561 
5.8965 0.009698663394 7.512286435e-05 56294 
5.8975 0.009685878536 7.522481539e-05 55782 
5.8985 0.009528732417 7.438824793e-05 55421 
5.8995 0.009602108334 7.484300814e-05 55476 
5.9005 0.009650471522 7.500758417e-05 55544 
5.9015 0.009596589904 7.484930703e-05 55456 
5.9025 0.009743576254 7.541633494e-05 55888 
5.9035 0.009564997162 7.473337305e-05 54868 
5.9045 0.009514252645 7.460762763e-05 54672 
5.9055 0.009441982363 7.430189699e-05 54560 
5.9065 0.009595405283 7.478732083e-05 55636 
5.9075 0.009573835347 7.474192806e-05 55174 
5.9085 0.009729091521 7.554823817e-05 55834 
5.9095 0.009491294593 7.435269771e-05 55144 
5.9105 0.009653035623 7.513656091e-05 55399 
5.9115 0.009511041937 7.459704398e-05 54838 
5.9125 0.009919055317 7.611764068e-05 57076 
5.9135 0.009727016705 7.567368122e-05 55525 
5.9145 0.009731649321 7.5653842e-05 55454 
5.9155 0.009632891913 7.486424393e-05 55898 
5.9165 0.009470632092 7.448589136e-05 54419 
5.9175 0.00977987801 7.58873204e-05 56174 
5.9185 0.0098666467 7.603900088e-05 57260 
5.9195 0.009913937926 7.64883336e-05 56053 
5.9205 0.009703200803 7.544437926e-05 55599 
5.9215 0.00954917873 7.472418448e-05 55193 
5.9225 0.009540820857 7.46884969e-05 55341 
5.9235 0.009563319853 7.494481012e-05 55068 
5.9245 0.00949829228 7.486920498e-05 54468 
5.9255 0.009624583884 7.532303948e-05 55288 
5.9265 0.009462017375 7.464402546e-05 54139 
5.9275 0.009785032242 7.588196002e-05 55963 
5.9285 0.009693397045 7.572087643e-05 55420 
5.9295 0.009733630963 7.57730625e-05 56028 
5.9305 0.009807868112 7.606047142e-05 56133 
5.9315 0.00962569607 7.532713528e-05 55316 
5.9325 0.009645719747 7.534316881e-05 54963 
5.9335 0.009598082033 7.532386193e-05 54903 
5.9345 0.009615816786 7.537613066e-05 54436 
5.9355 0.00984831454 7.614486036e-05 56028 
5.9365 0.009540767815 7.509156216e-05 54511 
5.9375 0.009743528544 7.584315873e-05 55028 
5.9385 0.009671684803 7.568108851e-05 55130 
5.9395 0.009646260167 7.543768789e-05 54987 
5.9405 0.009539897668 7.496058818e-05 54496 
5.9415 0.009717996312 7.580805977e-05 55221 
5.9425 0.009629183775 7.559086999e-05 54326 
5.9435 0.009607300658 7.550899888e-05 54809 
5.9445 0.009722383205 7.598704431e-05 55150 
5.9455 0.009621634486 7.560915842e-05 54557 
5.9465 0.009872958307 7.649465162e-05 55620 
5.9475 0.009698394678 7.588140974e-05 55044 
5.9485 0.0097102004 7.599763298e-05 54661 
5.9495 0.01000956102 7.710527123e-05 56375 
5.9505 0.009755908383 7.609737615e-05 55410 
5.9515 0.009949975568 7.689006323e-05 56208 
5.9525 0.009923316875 7.68696203e-05 56272 
5.9535 0.009924364366 7.652267775e-05 56449 
5.9545 0.009803018332 7.631806467e-05 55665 
5.9555 0.009801626611 7.630109808e-05 56004 
5.9565 0.009549844634 7.559441129e-05 53819 
5.9575 0.009659703278 7.597952386e-05 54371 
5.9585 0.009887293486 7.670629721e-05 55687 
5.9595 0.009741552048 7.60215073e-05 55315 
5.9605 0.009799147712 7.649977092e-05 55188 
5.9615 0.0098787239 7.658873951e-05 56054 
5.9625 0.009921229064 7.676278472e-05 55904 
5.9635 0.009761335275 7.603805791e-05 55295 
5.9645 0.009785318856 7.647368484e-05 54828 
5.9655 0.009761071225 7.645032939e-05 54964 
5.9665 0.009982236558 7.714458336e-05 56434 
5.9675 0.009715882976 7.594311401e-05 55226 
5.9685 0.009635902635 7.585523669e-05 54742 
5.9695 0.00971473375 7.600154229e-05 55093 
5.9705 0.01021490699 7.844648286e-05 56459 
5.9715 0.009995466939 7.72577291e-05 56014 
5.9725 0.009952889791 7.736309818e-05 55603 
5.9735 0.009655277601 7.591237105e-05 54798 
5.9745 0.009892613169 7.708676311e-05 55841 
5.9755 0.009779467116 7.650645855e-05 55514 
5.9765 0.009795236951 7.647640112e-05 54993 
5.9775 0.01000093259 7.738023264e-05 56234 
5.9785 0.009778194035 7.65579239e-05 54820 
5.9795 0.009929381607 7.704918701e-05 55700 
5.9805 0.009705880089 7.628966528e-05 54662 
5.9815 0.009850692437 7.683269194e-05 54970 
5.9825 0.009846420728 7.677517169e-05 55181 
5.9835 0.009889096137 7.698802789e-05 54873 
5.9845 0.009879233634 7.680260058e-05 56162 
5.9855 0.009892118562 7.716470509e-05 55452 
5.9865 0.009923564204 7.715556023e-05 56045 
5.9875 0.009800832825 7.686141163e-05 54428 
5.9885 0.00984678752 7.690445888e-05 55133 
5.9895 0.009851552376 7.675555419e-05 55670 
5.9905 0.009625190031 7.611421939e-05 53830 
5.9915 0.009697487246 7.650569064e-05 54161 
5.9925 0.009850638845 7.681987504e-05 55464 
5.9935 0.009834030285 7.692750742e-05 55257 
5.9945 0.009886141165 7.697227334e-05 55173 
5.9955 0.009632209218 7.598642542e-05 54014 
5.9965 0.009846475746 7.707210647e-05 54895 
5.9975 0.01008809518 7.80121233e-05 56511 
5.9985 0.01015632163 7.847649472e-05 55980 
5.9995 0.009892030538 7.711612636e-05 55588 
6.0005 0.009892922978 7.731427985e-05 55193 
6.0015 0.01010940848 7.822877451e-05 55811 
6.0025 0.009719057535 7.667789253e-05 54361 
6.0035 0.009871329526 7.676769446e-05 55726 
6.0045 0.009963903879 7.743986298e-05 55677 
6.0055 0.009897052924 7.732210807e-05 54798 
6.0065 0.009948478953 7.749225549e-05 55819 
6.0075 0.01013717961 7.859662846e-05 55545 
6.0085 0.009879901276 7.701843825e-05 55729 
6.0095 0.009806574014 7.712682323e-05 54322 
6.0105 0.009863173133 7.720350119e-05 55074 
6.0115 0.01019586344 7.858045604e-05 56624 
6.0125 0.009869536293 7.708784915e-05 55453 
6.0135 0.01000510333 7.803943161e-05 55223 
6.0145 0.01009175061 7.839370327e-05 55753 
6.0155 0.01024159167 7.903801839e-05 56108 
6.0165 0.009848433942 7.730180196e-05 54865 
6.0175 0.009993695844 7.781908544e-05 55476 
6.0185 0.01004613657 7.805737152e-05 55733 
6.0195 0.01013601749 7.858570467e-05 56038 
6.0205 0.009914226734 7.749462441e-05 55348 
6.0215 0.0100662044 7.827651022e-05 55214 
6.0225 0.009964600302 7.764796631e-05 55436 
6.0235 0.01011597095 7.851098553e-05 55752 
6.0245 0.01011745899 7.869321905e-05 55107 
6.0255 0.01006261777 7.803996157e-05 55874 
6.0265 0.009713234666 7.677037089e-05 54072 
6.0275 0.009911098252 7.771514455e-05 54825 
6.0285 0.0102179278 7.887903465e-05 56323 
6.0295 0.01003277514 7.820812294e-05 55752 
6.0305 0.01001192351 7.81099948e-05 55241 
6.0315 0.009879620454 7.761382623e-05 54820 
6.0325 0.01004737558 7.823579753e-05 55178 
6.0335 0.01002485178 7.829687411e-05 55055 
6.0345 0.01019255299 7.885064117e-05 56548 
6.0355 0.009940021119 7.777794115e-05 54989 
6.0365 0.01006316154 7.853374343e-05 55308 
6.0375 0.01026550161 7.91696257e-05 56403 
6.0385 0.0100954213 7.831471212e-05 55752 
6.0395 0.009970654367 7.822742434e-05 54874 
6.0405 0.009900438346 7.767867336e-05 54499 
6.0415 0.0103433363 7.974011845e-05 55964 
6.0425 0.01020573925 7.923613793e-05 55488 
6.0435 0.009719993053 7.69449575e-05 53918 
6.0445 0.01029953851 7.937015196e-05 56214 
6.0455 0.009939444805 7.805531169e-05 54339 
6.0465 0.01009843182 7.8757161e-05 55099 
6.0475 0.01021769055 7.925914175e-05 56076 
6.0485 0.00993647308 7.802157279e-05 54811 
6.0495 0.01026661212 7.945694875e-05 56044 
6.0505 0.01013626207 7.877644691e-05 55305 
6.0515 0.009841420074 7.757009144e-05 54351 
6.0525 0.01027006448 7.950737623e-05 55779 
6.0535 0.01007675625 7.85792959e-05 54892 
6.0545 0.01022329619 7.923578551e-05 56049 
6.0555 0.009941731248 7.77928513e-05 54876 
6.0565 0.01008632015 7.869492169e-05 55404 
6.0575 0.01004078303 7.854887735e-05 55044 
6.0585 0.009860933233 7.793597805e-05 53604 
6.0595 0.0102336546 7.928723617e-05 55926 
6.0605 0.01023646497 7.95085912e-05 56084 
6.0615 0.01015833739 7.910873706e-05 55440 
6.0625 0.01006991953 7.858556518e-05 55249 
6.0635 0.01023770275 7.935178204e-05 55666 
6.0645 0.01008449273 7.885159559e-05 54645 
6.0655 0.01029297462 7.96567824e-05 55890 
6.0665 0.0101778354 7.936871563e-05 55412 
6.0675 0.01024520525 7.95949445e-05 55947 
6.0685 0.0101699885 7.923021715e-05 55273 
6.0695 0.01004029715 7.874861632e-05 54621 
6.0705 0.01008904037 7.893649334e-05 55199 
6.0715 0.009925796734 7.810223551e-05 54465 
6.0725 0.01025030813 7.948754271e-05 56166 
6.0735 0.01000319833 7.860293236e-05 54388 
6.0745 0.01001374541 7.856611872e-05 54677 
6.0755 0.01026597367 7.983844393e-05 55421 
6.0765 0.01027549951 8.006964914e-05 55185 
6.0775 0.009952358331 7.836166271e-05 54829 
6.0785 0.01016732265 7.921958568e-05 55044 
6.0795 0.01023472113 7.948734702e-05 55918 
6.0805 0.01017481168 7.932754618e-05 55377 
6.0815 0.01024634855 7.958199439e-05 55524 
6.0825 0.01033843315 8.011979351e-05 55844 
6.0835 0.01027119722 7.978106434e-05 55670 
6.0845 0.009979736499 7.860185919e-05 54371 
6.0855 0.01011242889 7.928501495e-05 54833 
6.0865 0.0100410291 7.887550875e-05 55113 
6.0875 0.01034998712 8.03611084e-05 55360 
6.0885 0.01018381302 7.938619618e-05 55496 
6.0895 0.01019213241 7.978375377e-05 54957 
6.0905 0.01018116458 7.94433578e-05 55471 
6.0915 0.01013500855 7.916673011e-05 55436 
6.0925 0.01036442518 8.0321622e-05 55812 
6.0935 0.01029003713 7.996870995e-05 55962 
6.0945 0.01011894583 7.914479199e-05 55369 
6.0955 0.01002264096 7.889002853e-05 54226 
6.0965 0.01021624146 7.954106332e-05 55624 
6.0975 0.01023620465 7.985927285e-05 55354 
6.0985 0.01019852894 7.958493817e-05 54881 
6.0995 0.01019081933 7.951143862e-05 55106 
6.1005 0.01016975314 7.955131164e-05 55154 
6.1015 0.01032599557 8.040403749e-05 54989 
6.1025 0.01008400022 7.941786175e-05 54529 
6.1035 0.01042202954 8.068782572e-05 56310 
6.1045 0.01035202683 8.024129192e-05 55669 
6.1055 0.01023070948 7.959478019e-05 55717 
6.1065 0.01031537736 8.023744355e-05 55635 
6.1075 0.01022546519 7.977005483e-05 55169 
6.1085 0.01027991478 8.025865068e-05 55342 
6.1095 0.01011900431 7.936988831e-05 54720 
6.1105 0.0102508062 8.027005837e-05 54781 
6.1115 0.01039523629 8.04477562e-05 55993 
6.1125 0.01004416336 7.919121529e-05 54515 
6.1135 0.01045213276 8.111808105e-05 55123 
6.1145 0.01032634505 8.051697177e-05 55388 
6.1155 0.01033056624 8.055678924e-05 55352 
6.1165 0.01032230592 8.037155356e-05 55284 
6.1175 0.01037437845 8.060022239e-05 56473 
6.1185 0.01029423175 8.045899316e-05 54899 
6.1195 0.01043029205 8.070950264e-05 56432 
6.1205 0.01009433688 7.973032497e-05 54118 
6.1215 0.01019913176 8.004314224e-05 54465 
6.1225 0.01009033268 7.928636684e-05 54459 
6.1235 0.01036527317 8.065510904e-05 55418 
6.1245 0.01021861596 8.015183234e-05 54556 
6.1255 0.01017468569 7.984568662e-05 54839 
6.1265 0.01027053998 8.017620596e-05 55158 
6.1275 0.01068397579 8.207761813e-05 56414 
6.1285 0.01022389086 8.027855149e-05 54561 
6.1295 0.01038794568 8.044862626e-05 56264 
6.1305 0.01021821823 7.99522439e-05 55224 
6.1315 0.0102254693 8.039467685e-05 54605 
6.1325 0.01046207214 8.123176595e-05 55651 
6.1335 0.01056413639 8.161562925e-05 56307 
6.1345 0.0104626501 8.12491139e-05 56235 
6.1355 0.01003793594 7.924510978e-05 54314 
6.1365 0.01047257982 8.121773769e-05 55663 
6.1375 0.01023259715 8.016797837e-05 54786 
6.1385 0.01031040065 8.062019046e-05 55001 
6.1395 0.01049244291 8.130355724e-05 56203 
6.1405 0.01016079179 7.995795979e-05 54553 
6.1415 0.01007257642 7.964055272e-05 53853 
6.1425 0.01038829312 8.103751862e-05 55405 
6.1435 0.01050016567 8.144206319e-05 55689 
6.1445 0.01042612313 8.097513275e-05 56102 
6.1455 0.01035811677 8.095710607e-05 55182 
6.1465 0.01032450469 8.069911037e-05 55366 
6.1475 0.01041650478 8.11628393e-05 55802 
6.1485 0.01018532923 8.023052796e-05 54085 
6.1495 0.01026705766 8.062298486e-05 54946 
6.1505 0.0102458241 8.045406818e-05 54738 
6.1515 0.01044549466 8.129576396e-05 55640 
6.1525 0.01045508567 8.133442016e-05 55649 
6.1535 0.01029250878 8.053593222e-05 55276 
6.1545 0.01039631384 8.111321329e-05 55200 
6.1555 0.01053068474 8.158201415e-05 55771 
6.1565 0.01060097473 8.210981097e-05 56039 
6.1575 0.01064650069 8.199652776e-05 56753 
6.1585 0.01040499515 8.133648012e-05 55340 
6.1595 0.01051842937 8.14325718e-05 56006 
6.1605 0.01059080845 8.19809371e-05 56191 
6.1615 0.01047441283 8.150850948e-05 55751 
6.1625 0.0105752069 8.200276044e-05 55957 
6.1635 0.01042384717 8.138385056e-05 55313 
6.1645 0.01052503631 8.184016366e-05 55621 
6.1655 0.01078227576 8.316710098e-05 56804 
6.1665 0.01064330682 8.269157657e-05 55557 
6.1675 0.01071794595 8.257722637e-05 56635 
6.1685 0.0104788422 8.155303665e-05 55653 
6.1695 0.0103675681 8.135131462e-05 54644 
6.1705 0.01050571824 8.170982962e-05 55441 
6.1715 0.01045258854 8.141685793e-05 55207 
6.1725 0.01041532501 8.146113358e-05 55223 
6.1735 0.01054210305 8.213359364e-05 55373 
6.1745 0.01010691707 8.022462669e-05 53824 
6.1755 0.01074139437 8.276285698e-05 56432 
6.1765 0.0105779571 8.197999307e-05 55874 
6.1775 0.0103435151 8.104781518e-05 54450 
6.1785 0.01048377051 8.193489773e-05 54720 
6.1795 0.01062921494 8.234338866e-05 56124 
6.1805 0.01048254522 8.162506592e-05 55273 
6.1815 0.01056560259 8.201145345e-05 55948 
6.1825 0.01044116198 8.171290574e-05 54988 
6.1835 0.01044298576 8.157719232e-05 55066 
6.1845 0.01062968581 8.264292451e-05 55591 
6.1855 0.01081681471 8.342731038e-05 56072 
6.1865 0.0105412584 8.214892233e-05 55319 
6.1875 0.01043903223 8.162419342e-05 54813 
6.1885 0.01046710132 8.191965169e-05 54760 
6.1895 0.01054468322 8.229851474e-05 55691 
6.1905 0.01059985407 8.244740769e-05 55225 
6.1915 0.0106430749 8.280974104e-05 55798 
6.1925 0.01058864582 8.263546681e-05 54764 
6.1935 0.01082590724 8.356943265e-05 56024 
6.1945 0.01062550561 8.242796019e-05 56142 
6.1955 0.01064409864 8.289640435e-05 55470 
6.1965 0.01054778069 8.249368343e-05 54876 
6.1975 0.01060498797 8.242082376e-05 55780 
6.1985 0.01025873783 8.108224733e-05 54083 
6.1995 0.01060658556 8.270097826e-05 55220 
6.2005 0.01075320857 8.326212022e-05 56364 
6.2015 0.01040547047 8.167285273e-05 54877 
6.2025 0.0106559081 8.268082484e-05 55537 
6.2035 0.01059477172 8.236943449e-05 55734 
6.2045 0.01047908454 8.215654403e-05 54984 
6.2055 0.01063850059 8.278226689e-05 55332 
6.2065 0.0104936632 8.225803074e-05 55154 
6.2075 0.01051617825 8.219591935e-05 54905 
6.2085 0.01061790192 8.266110021e-05 55836 
6.2095 0.01038628881 8.183704058e-05 54309 
6.2105 0.01064068163 8.289015416e-05 55285 
6.2115 0.01058130109 8.271131621e-05 55025 
6.2125 0.01059711072 8.275505785e-05 55122 
6.2135 0.01064434051 8.283796459e-05 55277 
6.2145 0.01052060596 8.243248743e-05 54949 
6.2155 0.01058117199 8.266644066e-05 55312 
6.2165 0.01074131733 8.32752311e-05 56113 
6.2175 0.01041557092 8.210819023e-05 54037 
6.2185 0.01058144778 8.269277166e-05 54917 
6.2195 0.01055988587 8.268942092e-05 55089 
6.2205 0.01071086404 8.337443577e-05 55592 
6.2215 0.01082293027 8.370839641e-05 55861 
6.2225 0.01086998533 8.382682761e-05 56624 
6.2235 0.0105108078 8.228482847e-05 54906 
6.2245 0.01063292926 8.297254051e-05 55172 
6.2255 0.01078192636 8.350402253e-05 56100 
6.2265 0.01076429206 8.365863289e-05 55476 
6.2275 0.01082191064 8.384548587e-05 56192 
6.2285 0.01072896196 8.34862674e-05 55556 
6.2295 0.01053549422 8.264178527e-05 54540 
6.2305 0.0107610175 8.360165297e-05 55676 
6.2315 0.01069594067 8.315257398e-05 55722 
6.2325 0.01040517227 8.227599617e-05 53973 
6.2335 0.01063976847 8.32569141e-05 54631 
6.2345 0.01072868695 8.333106507e-05 56306 
6.2355 0.01059249068 8.299633396e-05 54829 
6.2365 0.01053840816 8.261565224e-05 54551 
6.2375 0.01083238591 8.394431438e-05 56209 
6.2385 0.01060873565 8.293742238e-05 55169 
6.2395 0.0107123738 8.331070067e-05 54932 
6.2405 0.01062911353 8.334436463e-05 54667 
6.2415 0.01099947303 8.488394402e-05 55820 
6.2425 0.01082220934 8.398727817e-05 55827 
6.2435 0.01067464758 8.34796184e-05 55456 
6.2445 0.01079553753 8.380742511e-05 55489 
6.2455 0.01086947375 8.431539316e-05 55207 
6.2465 0.01067440209 8.334493276e-05 54892 
6.2475 0.01053586593 8.268427703e-05 54565 
6.2485 0.01094227073 8.454969696e-05 55976 
6.2495 0.01088525884 8.427028077e-05 55981 
6.2505 0.01084203819 8.40248332e-05 55821 
6.2515 0.01074355181 8.393946463e-05 55202 
6.2525 0.01087229999 8.470868239e-05 55358 
6.2535 0.01071094146 8.370716204e-05 54740 
6.2545 0.01084345718 8.437547708e-05 55547 
6.2555 0.01067157859 8.355467324e-05 54665 
6.2565 0.0104665632 8.260432998e-05 54769 
6.2575 0.0106938693 8.342608919e-05 54999 
6.2585 0.01090422534 8.458257533e-05 55936 
6.2595 0.01054993994 8.299004609e-05 54615 
6.2605 0.01082333438 8.410659127e-05 55766 
6.2615 0.01064932366 8.354535902e-05 54449 
6.2625 0.0107681533 8.387738179e-05 55569 
6.2635 0.01089872269 8.457241962e-05 55696 
6.2645 0.01095443435 8.494643347e-05 56074 
6.2655 0.01090858707 8.446882878e-05 56134 
6.2665 0.01104186714 8.511221318e-05 56247 
6.2675 0.01077032032 8.409177612e-05 54835 
6.2685 0.01090394374 8.456966197e-05 55798 
6.2695 0.01075074476 8.405485351e-05 55322 
6.2705 0.01110805285 8.548049987e-05 56416 
6.2715 0.01083310124 8.439225159e-05 55927 
6.2725 0.01076750149 8.423872048e-05 54950 
6.2735 0.01096651221 8.497927805e-05 55874 
6.2745 0.01082567335 8.473144537e-05 54487 
6.2755 0.01100022825 8.531905493e-05 55908 
6.2765 0.01062960217 8.362053789e-05 54273 
6.2775 0.01076467853 8.411011705e-05 55007 
6.2785 0.01079489912 8.453318055e-05 54900 
6.2795 0.01078344169 8.42797512e-05 54710 
6.2805 0.01107598665 8.568581743e-05 56005 
6.2815 0.01075187038 8.435287167e-05 54247 
6.2825 0.01077392382 8.448842564e-05 54817 
6.2835 0.01107675615 8.567178442e-05 56211 
6.2845 0.01091061035 8.471145961e-05 56181 
6.2855 0.01097774145 8.524721747e-05 55707 
6.2865 0.01101641071 8.528986462e-05 56084 
6.2875 0.01083218083 8.465660728e-05 55136 
6.2885 0.01068039386 8.403415514e-05 54185 
6.2895 0.01083856944 8.465506174e-05 55149 
6.2905 0.0107649196 8.41700576e-05 55141 
6.2915 0.01105293085 8.542450033e-05 56023 
6.2925 0.01091332724 8.512580026e-05 55216 
6.2935 0.01098165563 8.512251589e-05 55909 
6.2945 0.01093141722 8.515598049e-05 54924 
6.2955 0.01074371085 8.421108564e-05 55017 
6.2965 0.01095097315 8.51144181e-05 55496 
6.2975 0.01094517767 8.504810995e-05 55903 
6.2985 0.01071893873 8.430286527e-05 54506 
6.2995 0.01090754259 8.529040613e-05 54940 
6.3005 0.01100050997 8.55279819e-05 55372 
6.3015 0.01107486553 8.593576255e-05 55682 
6.3025 0.0108548989 8.481576021e-05 54884 
6.3035 0.01116492338 8.592215993e-05 57119 
6.3045 0.01100949105 8.568478539e-05 55712 
6.3055 0.01095657214 8.528523942e-05 55354 
6.3065 0.01081953178 8.499478931e-05 54819 
6.3075 0.01090822015 8.489611561e-05 55535 
6.3085 0.01119996093 8.605999083e-05 57351 
6.3095 0.01077938213 8.484776096e-05 54422 
6.3105 0.01089069377 8.517237209e-05 54955 
6.3115 0.01093605444 8.524985863e-05 55315 
6.3125 0.01085336481 8.487973467e-05 55249 
6.3135 0.01097541674 8.537412743e-05 55363 
6.3145 0.01084671166 8.511378675e-05 54388 
6.3155 0.01087490753 8.512437192e-05 54653 
6.3165 0.01094370893 8.561138369e-05 55001 
6.3175 0.01068571353 8.446825585e-05 53976 
6.3185 0.01084318158 8.499518013e-05 54604 
6.3195 0.01110777179 8.573777586e-05 55934 
6.3205 0.01096939454 8.56062979e-05 55341 
6.3215 0.01089217505 8.526742839e-05 54922 
6.3225 0.01115956897 8.627742851e-05 55780 
6.3235 0.01102060959 8.587845474e-05 55164 
6.3245 0.01087074648 8.530975614e-05 54486 
6.3255 0.01092656327 8.528730185e-05 55904 
6.3265 0.01085387961 8.515054437e-05 54326 
6.3275 0.01094961592 8.554666151e-05 55266 
6.3285 0.01098104493 8.571342636e-05 55165 
6.3295 0.01070635178 8.475256652e-05 53977 
6.3305 0.01112903697 8.647901696e-05 55622 
6.3315 0.01105552735 8.612533454e-05 55395 
6.3325 0.01100748171 8.595809909e-05 54688 
6.3335 0.011112749 8.63206278e-05 55510 
6.3345 0.01094071138 8.565083352e-05 54125 
6.3355 0.01080637304 8.498366287e-05 54706 
6.3365 0.01105597045 8.582442331e-05 55661 
6.3375 0.01099717583 8.580976237e-05 55197 
6.3385 0.01108419934 8.608461337e-05 55466 
6.3395 0.0109979971 8.586899619e-05 54905 
6.3405 0.01114518781 8.650494244e-05 55721 
6.3415 0.0109466649 8.616691741e-05 54092 
6.3425 0.01101601278 8.59856275e-05 55296 
6.3435 0.01113892381 8.674420804e-05 55292 
6.3445 0.01111455399 8.656130073e-05 55387 
6.3455 0.01092972611 8.554254615e-05 55326 
6.3465 0.01071272272 8.482655376e-05 53716 
6.3475 0.01102744505 8.620009164e-05 54876 
6.3485 0.01095183117 8.573064295e-05 55234 
6.3495 0.01070315055 8.468193062e-05 54223 
6.3505 0.01118331084 8.706115143e-05 55466 
6.3515 0.01126599318 8.722501031e-05 55943 
6.3525 0.01107897613 8.628397512e-05 55563 
6.3535 0.01100552155 8.605753798e-05 55182 
6.3545 0.01135392149 8.741681537e-05 56846 
6.3555 0.01124327643 8.721795346e-05 56224 
6.3565 0.01075959882 8.486535037e-05 54409 
6.3575 0.01132037148 8.775330513e-05 55332 
6.3585 0.01117781334 8.679209018e-05 55886 
6.3595 0.01088214521 8.538352598e-05 54509 
6.3605 0.0109326022 8.581506292e-05 54658 
6.3615 0.01092801914 8.594987349e-05 54160 
6.3625 0.01110398258 8.643103353e-05 55742 
6.3635 0.01121202514 8.711193988e-05 55296 
6.3645 0.01114477885 8.694910989e-05 55380 
6.3655 0.01103180493 8.648505342e-05 55063 
6.3665 0.01097293669 8.621314275e-05 54871 
6.3675 0.01102541317 8.653703192e-05 54585 
6.3685 0.01120548506 8.721617732e-05 55821 
6.3695 0.01121719128 8.722954289e-05 55648 
6.3705 0.011015014 8.618353534e-05 55308 
6.3715 0.01131740512 8.751575453e-05 56132 
6.3725 0.01127646843 8.74111945e-05 55930 
6.3735 0.01106139885 8.634697756e-05 55239 
6.3745 0.01126128279 8.73845207e-05 55296 
6.3755 0.01130050863 8.756713959e-05 55604 
6.3765 0.01114339797 8.707664196e-05 55119 
6.3775 0.01125767585 8.742479556e-05 55856 
6.3785 0.01123236648 8.720077486e-05 55397 
6.3795 0.01122426154 8.724837232e-05 55640 
6.3805 0.01125221274 8.74126919e-05 55868 
6.3815 0.01088000403 8.593621999e-05 54031 
6.3825 0.01092700057 8.624313374e-05 54084 
6.3835 0.01130705773 8.764780126e-05 56105 
6.3845 0.01099415345 8.651255201e-05 54851 
6.3855 0.01124654372 8.740283121e-05 55597 
6.3865 0.01131886205 8.803636951e-05 55372 
6.3875 0.01103737501 8.686368134e-05 54095 
6.3885 0.01097209266 8.621633716e-05 54519 
6.3895 0.01114020755 8.71164936e-05 54854 
6.3905 0.01138406996 8.802867219e-05 56156 
6.3915 0.01134845298 8.7907757e-05 55427 
6.3925 0.01114814995 8.732363515e-05 54750 
6.3935 0.01127057808 8.757256793e-05 55592 
6.3945 0.01114574674 8.725459094e-05 54797 
6.3955 0.01139055986 8.798961151e-05 55992 
6.3965 0.01149787354 8.881398076e-05 55931 
6.3975 0.01128703759 8.773790655e-05 55424 
6.3985 0.01116311958 8.734226583e-05 55127 
6.3995 0.01103843968 8.662040094e-05 55020 
6.4005 0.01127293415 8.808282186e-05 55348 
6.4015 0.01121336169 8.756389675e-05 55060 
6.4025 0.01105307399 8.670837572e-05 54943 
6.4035 0.01129988398 8.818173817e-05 54719 
6.4045 0.01123689227 8.764318673e-05 55116 
6.4055 0.01120178519 8.752485496e-05 54647 
6.4065 0.01135749959 8.821421224e-05 55470 
6.4075 0.01128328092 8.803890249e-05 55159 
6.4085 0.01137010514 8.841308809e-05 55387 
6.4095 0.0113730387 8.825974587e-05 55690 
6.4105 0.01143922771 8.87668682e-05 55084 
6.4115 0.01119465554 8.768954597e-05 54818 
6.4125 0.01145579313 8.872080414e-05 55689 
6.4135 0.01121581385 8.758218032e-05 55247 
6.4145 0.01101344053 8.7078894e-05 53983 
6.4155 0.01116882008 8.746202011e-05 54692 
6.4165 0.01103896078 8.706942814e-05 54176 
6.4175 0.01098949233 8.674836232e-05 54281 
6.4185 0.01128598362 8.791134126e-05 55852 
6.4195 0.01141523659 8.855478772e-05 55522 
6.4205 0.01109293065 8.730456373e-05 54422 
6.4215 0.01159132998 8.960685348e-05 55708 
6.4225 0.01135042017 8.865794561e-05 54476 
6.4235 0.01128678871 8.824065978e-05 55154 
6.4245 0.01136187389 8.840333864e-05 55902 
6.4255 0.01165748906 8.962830595e-05 56598 
6.4265 0.01139667536 8.857267316e-05 55036 
6.4275 0.01133978096 8.851972812e-05 55741 
6.4285 0.01128570837 8.835773761e-05 54865 
6.4295 0.01112133404 8.760562342e-05 54083 
6.4305 0.01119002179 8.790561464e-05 54311 
6.4315 0.01167688792 9.010233285e-05 55866 
6.4325 0.01147778647 8.904849138e-05 55620 
6.4335 0.01141163112 8.865973195e-05 55596 
6.4345 0.01130127313 8.832077835e-05 54941 
6.4355 0.01151111808 8.949154776e-05 54944 
6.4365 0.01135105691 8.866820817e-05 55103 
6.4375 0.01132265526 8.858194779e-05 54635 
6.4385 0.01137670598 8.872650156e-05 55528 
6.4395 0.01125756159 8.81430022e-05 55447 
6.4405 0.01119695838 8.792493461e-05 54574 
6.4415 0.01130518386 8.816889166e-05 55227 
6.4425 0.01133391054 8.864074738e-05 55096 
6.4435 0.01134375873 8.859595193e-05 55070 
6.4445 0.01131767459 8.863254368e-05 54466 
6.4455 0.01164429058 8.996548015e-05 55969 
6.4465 0.01153640679 8.937551162e-05 55721 
6.4475 0.01128167057 8.81533365e-05 54881 
6.4485 0.01133941053 8.864660608e-05 54812 
6.4495 0.01144404339 8.926472844e-05 55514 
6.4505 0.01159480953 8.994248155e-05 55421 
6.4515 0.01141839372 8.921030781e-05 55009 
6.4525 0.01134383839 8.873624454e-05 55147 
6.4535 0.01137720212 8.865139202e-05 55464 
6.4545 0.01144326517 8.898489457e-05 55623 
6.4555 0.01129266364 8.878519133e-05 54402 
6.4565 0.01150004677 8.959508975e-05 55388 
6.4575 0.01157194102 8.976024197e-05 55527 
6.4585 0.01154635821 8.967539328e-05 55418 
6.4595 0.01160041026 8.984169946e-05 56015 
6.4605 0.0116049349 8.979586178e-05 56151 
6.4615 0.01158904009 8.968037544e-05 55893 
6.4625 0.01147546139 8.963605952e-05 55372 
6.4635 0.01117739616 8.813856208e-05 54219 
6.4645 0.01144069299 8.94157426e-05 54859 
6.4655 0.01151077396 8.951563842e-05 55321 
6.4665 0.01159026898 9.002327835e-05 55542 
6.4675 0.01136551624 8.923846192e-05 54501 
6.4685 0.01163652291 9.023677822e-05 55724 
6.4695 0.01135541493 8.903741746e-05 55229 
6.4705 0.01124739826 8.891115562e-05 53731 
6.4715 0.01144153611 8.91219927e-05 55668 
6.4725 0.01135732444 8.900717146e-05 54631 
6.4735 0.0115737083 9.005983975e-05 55258 
6.4745 0.01136460652 8.921199367e-05 54778 
6.4755 0.01147246825 8.960210338e-05 55367 
6.4765 0.01125253593 8.857935932e-05 54326 
6.4775 0.01160384164 9.02954969e-05 54907 
6.4785 0.01149388917 8.969488807e-05 54948 
6.4795 0.01142602217 8.938641321e-05 55039 
6.4805 0.01158578706 9.004778179e-05 56170 
6.4815 0.01151020652 8.966233935e-05 54973 
6.4825 0.01153850764 8.982210015e-05 55513 
6.4835 0.01138663733 8.92658161e-05 54596 
6.4845 0.0114995151 8.966515751e-05 54919 
6.4855 0.01148919154 8.986864947e-05 54564 
6.4865 0.01153422244 8.976554553e-05 55159 
6.4875 0.01149032549 8.970216691e-05 55120 
6.4885 0.01153109697 9.007482686e-05 54818 
6.4895 0.01150378177 8.98631707e-05 54993 
6.4905 0.01160070133 9.036217592e-05 55170 
6.4915 0.01151751978 9.022603395e-05 55221 
6.4925 0.01162245454 9.035929182e-05 55752 
6.4935 0.01164183308 9.0238255e-05 55783 
6.4945 0.01180528168 9.113967177e-05 56258 
6.4955 0.01185270025 9.144347344e-05 56113 
6.4965 0.01156117644 9.021226599e-05 55231 
6.4975 0.01136681402 8.950346579e-05 54559 
6.4985 0.01157017699 9.026224794e-05 55376 
6.4995 0.01161563263 9.051208878e-05 55434 
