# Format: McCode with text headers
# URL: http://www.mccode.org
# Creator:  3.5.2, git
# Instrument: Airport_scannerII.instr
# Ncount: 10000000
# Trace: no
# Gravitation: no
# Seed: 1728640122332056
# Directory: Scan_Src_Quasi_1e7/18
# Param: SFILE=input_abs_objects_template.dat
# Param: ANGLE=0
# Param: posX=-0.15
# Param: posY=-0.3
# Param: posZ=0
# Param: Ncount=0
# Date: Fri Oct 11 09:49:21 2024 (1728640161)
# type: array_1d(101)
# Source: Airp_scannerII (Airport_scannerII.instr)
# component: emon
# position: 0 0 0.11
# title: Energy monitor
# Ncount: 10000000
# filename: emon.dat
# statistics: X0=69.9979; dX=39.8432;
# signal: Min=0; Max=0.0144265; Mean=0.00990099;
# values: 1 0.000316228 1e+07
# xvar: E
# yvar: (I,I_err)
# xlabel: Energy [keV]
# ylabel: Intensity
# xlimits: 0 200
# variables: E I I_err N
0.9900990099 0.0071088 2.666233298e-05 71088 
2.97029703 0.0143788 3.791938818e-05 143788 
4.95049505 0.0143448 3.78745297e-05 143448 
6.930693069 0.0142731 3.777975648e-05 142731 
8.910891089 0.0143804 3.792149786e-05 143804 
10.89108911 0.0143705 3.790844233e-05 143705 
12.87128713 0.0143721 3.791055262e-05 143721 
14.85148515 0.0143399 3.786806042e-05 143399 
16.83168317 0.0143314 3.785683558e-05 143314 
18.81188119 0.0143903 3.79345489e-05 143903 
20.79207921 0.0143225 3.784507894e-05 143225 
22.77227723 0.014331 3.785630727e-05 143310 
24.75247525 0.0143879 3.793138542e-05 143879 
26.73267327 0.0143264 3.785023118e-05 143264 
28.71287129 0.0143382 3.786581572e-05 143382 
30.69306931 0.01437 3.790778284e-05 143700 
32.67326733 0.0143513 3.788310969e-05 143513 
34.65346535 0.0143403 3.786858857e-05 143403 
36.63366337 0.0143457 3.787571782e-05 143457 
38.61386139 0.0143341 3.786040148e-05 143341 
40.59405941 0.0143751 3.79145091e-05 143751 
42.57425743 0.0143751 3.79145091e-05 143751 
44.55445545 0.0143339 3.786013735e-05 143339 
46.53465347 0.0143712 3.79093656e-05 143712 
48.51485149 0.0142986 3.781348966e-05 142986 
50.4950495 0.0143487 3.787967793e-05 143487 
52.47524752 0.0143922 3.793705313e-05 143922 
54.45544554 0.0143966 3.794285176e-05 143966 
56.43564356 0.0143238 3.784679643e-05 143238 
58.41584158 0.0143085 3.782657796e-05 143085 
60.3960396 0.0143296 3.785445813e-05 143296 
62.37623762 0.0143246 3.784785331e-05 143246 
64.35643564 0.0142737 3.778055055e-05 142737 
66.33663366 0.0143381 3.786568367e-05 143381 
68.31683168 0.0143469 3.787730191e-05 143469 
70.2970297 0.0144172 3.796998815e-05 144172 
72.27722772 0.0143028 3.781904282e-05 143028 
74.25742574 0.0143448 3.78745297e-05 143448 
76.23762376 0.0144238 3.797867823e-05 144238 
78.21782178 0.0143401 3.786832449e-05 143401 
80.1980198 0.0143702 3.790804664e-05 143702 
82.17821782 0.0143872 3.793046269e-05 143872 
84.15841584 0.0143115 3.783054322e-05 143115 
86.13861386 0.0142891 3.780092591e-05 142891 
88.11881188 0.0143447 3.787439769e-05 143447 
90.0990099 0.0143521 3.788416556e-05 143521 
92.07920792 0.0143698 3.790751904e-05 143698 
94.05940594 0.0143959 3.794192931e-05 143959 
96.03960396 0.0143028 3.781904282e-05 143028 
98.01980198 0.0142913 3.780383578e-05 142913 
100 0.0144265 3.798223269e-05 144265 
101.980198 0.0143387 3.786647594e-05 143387 
103.960396 0.0144211 3.797512344e-05 144211 
105.9405941 0.0143808 3.792202526e-05 143808 
107.9207921 0.0143301 3.785511854e-05 143301 
109.9009901 0.0143539 3.788654115e-05 143539 
111.8811881 0.0143389 3.786674002e-05 143389 
113.8613861 0.0143037 3.782023268e-05 143037 
115.8415842 0.0143948 3.79404797e-05 143948 
117.8217822 0.0143026 3.78187784e-05 143026 
119.8019802 0.0144182 3.797130496e-05 144182 
121.7821782 0.0143377 3.786515549e-05 143377 
123.7623762 0.0143015 3.781732407e-05 143015 
125.7425743 0.0143778 3.791806957e-05 143778 
127.7227723 0.0144081 3.795800311e-05 144081 
129.7029703 0.0142785 3.778690249e-05 142785 
131.6831683 0.0143376 3.786502344e-05 143376 
133.6633663 0.0143381 3.786568367e-05 143381 
135.6435644 0.0143545 3.788733298e-05 143545 
137.6237624 0.0143317 3.785723181e-05 143317 
139.6039604 0.0028078 1.675649128e-05 28078 
141.5841584 0 0 0 
143.5643564 0 0 0 
145.5445545 0 0 0 
147.5247525 0 0 0 
149.5049505 0 0 0 
151.4851485 0 0 0 
153.4653465 0 0 0 
155.4455446 0 0 0 
157.4257426 0 0 0 
159.4059406 0 0 0 
161.3861386 0 0 0 
163.3663366 0 0 0 
165.3465347 0 0 0 
167.3267327 0 0 0 
169.3069307 0 0 0 
171.2871287 0 0 0 
173.2673267 0 0 0 
175.2475248 0 0 0 
177.2277228 0 0 0 
179.2079208 0 0 0 
181.1881188 0 0 0 
183.1683168 0 0 0 
185.1485149 0 0 0 
187.1287129 0 0 0 
189.1089109 0 0 0 
191.0891089 0 0 0 
193.0693069 0 0 0 
195.049505 0 0 0 
197.029703 0 0 0 
199.009901 0 0 0 
