# Format: McCode with text headers
# URL: http://www.mccode.org
# Creator:  3.5.2, git
# Instrument: templateSANS2.instr
# Ncount: 833333
# Trace: no
# Gravitation: no
# Seed: 1728481108121246
# Directory: LD_scan/7
# Nodes: 12
# Param: lambda=6
# Param: dlambda=0.6
# Param: r=150
# Param: PHI=0.001
# Param: Delta_Rho=6e+10
# Param: frac_dir=0.03
# Param: frac_inc=0.01
# Param: slit1=0.02
# Param: slit2=0.02
# Param: LC=3
# Param: LD=8
# Date: Wed Oct  9 15:38:30 2024 (1728481110)
# type: array_1d(1000)
# Source: templateSANS2 (templateSANS2.instr)
# component: Ldetector
# position: 0 0 11.2
# title: Wavelength monitor
# Ncount: 9999996
# filename: Edet.dat
# statistics: X0=6.02663; dX=0.287642;
# signal: Min=0.00776831; Max=0.011412; Mean=0.00950585;
# values: 9.50585 0.00245758 4.75872e+07
# xvar: L
# yvar: (I,I_err)
# xlabel: Wavelength [AA]
# ylabel: Intensity
# xlimits: 5.5 6.5
# variables: L I I_err N
5.5005 0.008106420193 6.560042845e-05 48169 
5.5015 0.008013298794 6.513592199e-05 47809 
5.5025 0.007993159773 6.525642443e-05 47170 
5.5035 0.008071895805 6.550609901e-05 47953 
5.5045 0.008226722684 6.614592804e-05 48456 
5.5055 0.008140780047 6.578490954e-05 47993 
5.5065 0.007947149125 6.515999712e-05 47211 
5.5075 0.007903085187 6.478093419e-05 47160 
5.5085 0.007938572788 6.497398333e-05 47636 
5.5095 0.007870510329 6.474644817e-05 46957 
5.5105 0.008117471172 6.590308798e-05 47711 
5.5115 0.00807070661 6.559437727e-05 47895 
5.5125 0.007864257512 6.469416892e-05 46830 
5.5135 0.007998861484 6.534687679e-05 47335 
5.5145 0.008191812811 6.615375072e-05 48674 
5.5155 0.008019846884 6.542171199e-05 47484 
5.5165 0.007928274027 6.492646717e-05 47748 
5.5175 0.008043032327 6.552047362e-05 47767 
5.5185 0.007896983024 6.479350959e-05 47374 
5.5195 0.008150853474 6.604873672e-05 48090 
5.5205 0.007945490277 6.523311872e-05 47256 
5.5215 0.008091086983 6.584946097e-05 47604 
5.5225 0.00795320817 6.508752075e-05 47420 
5.5235 0.008216467252 6.657046135e-05 48334 
5.5245 0.008298330944 6.694941123e-05 48472 
5.5255 0.00833055642 6.689692419e-05 48971 
5.5265 0.008293887193 6.665376497e-05 48899 
5.5275 0.008018332232 6.546855675e-05 48055 
5.5285 0.008192089182 6.640987905e-05 48409 
5.5295 0.0082241206 6.651295352e-05 48364 
5.5305 0.008086036295 6.598602591e-05 47526 
5.5315 0.008269833767 6.671795831e-05 48204 
5.5325 0.008042447886 6.558367026e-05 47548 
5.5335 0.008094710252 6.593057485e-05 47638 
5.5345 0.008064934671 6.601965929e-05 47282 
5.5355 0.008061361922 6.591928689e-05 47262 
5.5365 0.008057438177 6.590106787e-05 47640 
5.5375 0.008159097495 6.621248543e-05 47710 
5.5385 0.00824781818 6.664804043e-05 48264 
5.5395 0.007966098639 6.556324246e-05 46353 
5.5405 0.008268876581 6.69511531e-05 48154 
5.5415 0.007911373959 6.52266565e-05 46609 
5.5425 0.008142123362 6.647388142e-05 46907 
5.5435 0.008129265101 6.607744392e-05 48056 
5.5445 0.007933085331 6.541263696e-05 46560 
5.5455 0.008341384442 6.730284822e-05 48680 
5.5465 0.007932700761 6.540355789e-05 46766 
5.5475 0.008031411355 6.593087976e-05 46799 
5.5485 0.008248854059 6.659484857e-05 48750 
5.5495 0.008173401299 6.640679996e-05 48159 
5.5505 0.00808007163 6.624780381e-05 47033 
5.5515 0.00813434142 6.627522789e-05 47519 
5.5525 0.007915157213 6.546235212e-05 46409 
5.5535 0.008330436605 6.718121788e-05 48642 
5.5545 0.008264269773 6.704690062e-05 47809 
5.5555 0.008266861038 6.699225518e-05 47669 
5.5565 0.008297706665 6.738644086e-05 47487 
5.5575 0.008252205204 6.683367231e-05 48259 
5.5585 0.008250108765 6.684458931e-05 47765 
5.5595 0.008209919279 6.680135892e-05 47794 
5.5605 0.008214484765 6.671159189e-05 48053 
5.5615 0.008308762821 6.716813619e-05 48197 
5.5625 0.00834041978 6.74399776e-05 48057 
5.5635 0.007768310071 6.492996765e-05 45383 
5.5645 0.008162375014 6.660879142e-05 47407 
5.5655 0.008167034231 6.672013602e-05 47643 
5.5665 0.008500080597 6.821409947e-05 49031 
5.5675 0.008398458478 6.788150752e-05 47981 
5.5685 0.008458872716 6.799650453e-05 48498 
5.5695 0.008296724404 6.749391343e-05 47786 
5.5705 0.00829597728 6.719960712e-05 48355 
5.5715 0.008248642689 6.71140002e-05 47512 
5.5725 0.008208118307 6.687601918e-05 47678 
5.5735 0.008439348888 6.804015998e-05 48382 
5.5745 0.008232534313 6.717924129e-05 47422 
5.5755 0.008142375122 6.653144449e-05 47611 
5.5765 0.008210642623 6.702959587e-05 47626 
5.5775 0.008074551784 6.662030032e-05 46449 
5.5785 0.008137850327 6.664653945e-05 47312 
5.5795 0.008324582028 6.762928247e-05 47816 
5.5805 0.00835017539 6.758098398e-05 48114 
5.5815 0.008121597032 6.663835653e-05 46728 
5.5825 0.008249088506 6.703583413e-05 47833 
5.5835 0.008260577498 6.71577551e-05 47943 
5.5845 0.008183761452 6.691159956e-05 47257 
5.5855 0.008361664314 6.783339151e-05 47958 
5.5865 0.008203776812 6.699949994e-05 47516 
5.5875 0.008465556285 6.834956764e-05 48024 
5.5885 0.008231091369 6.719066599e-05 47710 
5.5895 0.00831656711 6.768353212e-05 47688 
5.5905 0.008442859219 6.815181081e-05 48050 
5.5915 0.008046570582 6.634022663e-05 46694 
5.5925 0.008275516585 6.736099743e-05 48128 
5.5935 0.008142206949 6.684729474e-05 47131 
5.5945 0.008360942749 6.783831135e-05 47769 
5.5955 0.008267206542 6.755154287e-05 47567 
5.5965 0.008217088586 6.723611677e-05 46902 
5.5975 0.008165926046 6.716083774e-05 46871 
5.5985 0.008177898743 6.727362986e-05 46536 
5.5995 0.008229546588 6.74696175e-05 47143 
5.6005 0.008276566385 6.755118154e-05 47583 
5.6015 0.008359266144 6.804812933e-05 47351 
5.6025 0.008366049864 6.799550425e-05 47739 
5.6035 0.008354035709 6.791122459e-05 47443 
5.6045 0.00828778301 6.769306598e-05 47351 
5.6055 0.008261687357 6.753897e-05 47597 
5.6065 0.008305240737 6.75451331e-05 47338 
5.6075 0.00851072094 6.861465758e-05 48700 
5.6085 0.008416883367 6.815199577e-05 48314 
5.6095 0.008353466551 6.788873556e-05 47884 
5.6105 0.008480853131 6.869616722e-05 47808 
5.6115 0.00831522135 6.781926052e-05 47706 
5.6125 0.00794618162 6.636560733e-05 45610 
5.6135 0.008311717446 6.791516386e-05 47590 
5.6145 0.00827612221 6.765755767e-05 47168 
5.6155 0.00844337209 6.864307219e-05 47612 
5.6165 0.008367779213 6.802566557e-05 48530 
5.6175 0.008179868139 6.723688073e-05 47053 
5.6185 0.00820607292 6.746661272e-05 46965 
5.6195 0.008381515702 6.830933571e-05 47609 
5.6205 0.008218265317 6.754634177e-05 46460 
5.6215 0.008473299144 6.882113404e-05 47659 
5.6225 0.008269207968 6.774012643e-05 47285 
5.6235 0.008352222431 6.81584271e-05 47142 
5.6245 0.008544157089 6.88883754e-05 48679 
5.6255 0.008370887978 6.823985577e-05 47836 
5.6265 0.008312477515 6.810761994e-05 47364 
5.6275 0.008166985404 6.739397297e-05 46446 
5.6285 0.008328108476 6.827725925e-05 47273 
5.6295 0.008326321598 6.824086592e-05 46919 
5.6305 0.00819423725 6.743101838e-05 47258 
5.6315 0.008500039432 6.877081248e-05 48145 
5.6325 0.008451752136 6.858097894e-05 48200 
5.6335 0.008497749043 6.889408639e-05 47865 
5.6345 0.008255872212 6.776793152e-05 46854 
5.6355 0.008487067876 6.874305046e-05 48289 
5.6365 0.00862199766 6.950222373e-05 48265 
5.6375 0.008450320609 6.871697244e-05 48090 
5.6385 0.008415066971 6.860199732e-05 47416 
5.6395 0.008393722058 6.863013822e-05 47165 
5.6405 0.008455725139 6.86426422e-05 48124 
5.6415 0.008342530044 6.833332941e-05 47129 
5.6425 0.008296222642 6.827452104e-05 46812 
5.6435 0.008543675352 6.917962199e-05 47740 
5.6445 0.008453750731 6.872235791e-05 48074 
5.6455 0.00856918119 6.952895686e-05 47699 
5.6465 0.008452915215 6.889036262e-05 47403 
5.6475 0.008377621639 6.863212334e-05 47298 
5.6485 0.008581848205 6.937832981e-05 48697 
5.6495 0.00850541274 6.919071847e-05 47895 
5.6505 0.008442013266 6.887746694e-05 47209 
5.6515 0.008392572115 6.853406937e-05 47182 
5.6525 0.008390773498 6.851853363e-05 47482 
5.6535 0.008482543486 6.907830154e-05 47477 
5.6545 0.008491885335 6.904733928e-05 47588 
5.6555 0.008559686463 6.951551591e-05 47399 
5.6565 0.008678658848 6.98678327e-05 48397 
5.6575 0.008605089 6.968390939e-05 48267 
5.6585 0.00851450218 6.93322162e-05 47941 
5.6595 0.008478579389 6.905409807e-05 47619 
5.6605 0.008590778219 6.947903225e-05 48175 
5.6615 0.008496246632 6.924769034e-05 47429 
5.6625 0.008569900548 6.96056586e-05 47778 
5.6635 0.008613187595 6.966060652e-05 47970 
5.6645 0.008558136702 6.953534678e-05 47889 
5.6655 0.008516904165 6.932431783e-05 47634 
5.6665 0.008298241762 6.857765262e-05 46536 
5.6675 0.008496794696 6.938461546e-05 47317 
5.6685 0.00837246781 6.882196539e-05 46642 
5.6695 0.008355961335 6.857026525e-05 46917 
5.6705 0.008435948338 6.889677086e-05 47677 
5.6715 0.008387602931 6.891916981e-05 46939 
5.6725 0.008764825191 7.077250592e-05 48030 
5.6735 0.008614646158 6.984893265e-05 48089 
5.6745 0.008453403075 6.918376087e-05 47141 
5.6755 0.008523802491 6.945856921e-05 47572 
5.6765 0.008444146225 6.919146569e-05 47111 
5.6775 0.008374464825 6.900605186e-05 46628 
5.6785 0.008348858311 6.877328374e-05 46816 
5.6795 0.008635355203 7.011781971e-05 47524 
5.6805 0.008727752447 7.055019979e-05 47960 
5.6815 0.008532198045 6.965281558e-05 47613 
5.6825 0.008504458894 6.956735678e-05 47104 
5.6835 0.008471844875 6.94495722e-05 46892 
5.6845 0.008303427508 6.850483817e-05 46601 
5.6855 0.008494589424 6.933849263e-05 47383 
5.6865 0.00861832095 7.013920663e-05 47697 
5.6875 0.008649288524 7.012995251e-05 47410 
5.6885 0.008702826118 7.052167616e-05 47752 
5.6895 0.008798903155 7.071617081e-05 48906 
5.6905 0.008307887116 6.871798799e-05 46362 
5.6915 0.008620562897 7.006651059e-05 47843 
5.6925 0.008666463138 7.018507466e-05 48091 
5.6935 0.008799415121 7.081872518e-05 48896 
5.6945 0.008609430226 7.013770584e-05 47475 
5.6955 0.008636536104 7.022939733e-05 47385 
5.6965 0.00872717948 7.065063448e-05 48023 
5.6975 0.008614016504 7.016945963e-05 47563 
5.6985 0.008678762216 7.045629338e-05 47758 
5.6995 0.008407519399 6.948812684e-05 46192 
5.7005 0.008566254322 7.019726437e-05 47427 
5.7015 0.008548525774 6.993744592e-05 47280 
5.7025 0.008706305834 7.061120085e-05 48110 
5.7035 0.008492600233 6.937682186e-05 47423 
5.7045 0.008872250019 7.13089507e-05 48217 
5.7055 0.008549949988 6.994012981e-05 47404 
5.7065 0.008692226619 7.069989258e-05 47308 
5.7075 0.008372163103 6.923124335e-05 46620 
5.7085 0.008562710386 7.003850589e-05 47325 
5.7095 0.008661078882 7.051815519e-05 47478 
5.7105 0.008731579042 7.071526569e-05 47832 
5.7115 0.008768796101 7.101252042e-05 47905 
5.7125 0.008700333771 7.071173506e-05 47866 
5.7135 0.00853901715 7.011309469e-05 46372 
5.7145 0.008698597941 7.070191574e-05 47772 
5.7155 0.008508983361 6.982435639e-05 47081 
5.7165 0.008807529793 7.130400629e-05 48075 
5.7175 0.008648473531 7.05435522e-05 47625 
5.7185 0.008571912802 7.019908509e-05 47401 
5.7195 0.008669337071 7.057865718e-05 48200 
5.7205 0.008521671157 7.005846087e-05 46577 
5.7215 0.008541821037 6.991610159e-05 47635 
5.7225 0.008395883917 6.954314546e-05 46394 
5.7235 0.008640734201 7.07198128e-05 47083 
5.7245 0.008577494889 7.041499149e-05 47313 
5.7255 0.008921326201 7.180192535e-05 48428 
5.7265 0.008821036574 7.151699148e-05 47691 
5.7275 0.008749386719 7.088061449e-05 47475 
5.7285 0.008739302087 7.090658747e-05 47534 
5.7295 0.008700981901 7.085786218e-05 46586 
5.7305 0.00871580703 7.084821382e-05 47472 
5.7315 0.008750795221 7.112453477e-05 47930 
5.7325 0.008802827298 7.132030861e-05 47975 
5.7335 0.008618581971 7.039805928e-05 47503 
5.7345 0.008667806035 7.082449422e-05 47288 
5.7355 0.008562920155 7.058950484e-05 46453 
5.7365 0.008837691387 7.164847374e-05 47849 
5.7375 0.008798938318 7.141303785e-05 47800 
5.7385 0.008923324745 7.204222223e-05 48324 
5.7395 0.008702954348 7.103551485e-05 47221 
5.7405 0.008689474038 7.096717958e-05 47639 
5.7415 0.008850930739 7.184409386e-05 47881 
5.7425 0.008803640943 7.144794845e-05 48054 
5.7435 0.00862573362 7.059720243e-05 47052 
5.7445 0.008640095795 7.052192424e-05 47562 
5.7455 0.008774938708 7.132382233e-05 47539 
5.7465 0.008822333363 7.158582882e-05 47786 
5.7475 0.00877687791 7.159488143e-05 47353 
5.7485 0.008566178082 7.073365897e-05 46687 
5.7495 0.008877418707 7.196737157e-05 47675 
5.7505 0.008537110239 7.040598741e-05 46792 
5.7515 0.00858738522 7.071445338e-05 46356 
5.7525 0.008506434014 7.031562744e-05 46613 
5.7535 0.008664493914 7.104129284e-05 47163 
5.7545 0.008802724273 7.134402177e-05 48046 
5.7555 0.008518330056 7.027184368e-05 46576 
5.7565 0.008794062063 7.147279107e-05 47565 
5.7575 0.008918266348 7.215426703e-05 48003 
5.7585 0.008901745108 7.199258469e-05 48156 
5.7595 0.008898290053 7.192411433e-05 48293 
5.7605 0.00862074105 7.101127116e-05 46742 
5.7615 0.008628611316 7.099648916e-05 46423 
5.7625 0.008756546261 7.166605508e-05 46958 
5.7635 0.00882610037 7.173192801e-05 47948 
5.7645 0.00879301151 7.182614529e-05 47262 
5.7655 0.008804775553 7.179049387e-05 47156 
5.7665 0.00881575294 7.198933827e-05 47290 
5.7675 0.00891907271 7.219588175e-05 47546 
5.7685 0.00866737413 7.132278729e-05 46697 
5.7695 0.008585732907 7.08607888e-05 46627 
5.7705 0.008788108401 7.179322097e-05 47272 
5.7715 0.00869274741 7.131286267e-05 47119 
5.7725 0.008784942044 7.187613647e-05 47342 
5.7735 0.008994375338 7.274607812e-05 47712 
5.7745 0.008644862686 7.117473833e-05 46516 
5.7755 0.008975116855 7.275414237e-05 48013 
5.7765 0.008918778534 7.24231628e-05 47860 
5.7775 0.008751250956 7.180254632e-05 46732 
5.7785 0.008913383069 7.251095233e-05 47616 
5.7795 0.008994328432 7.281866987e-05 48058 
5.7805 0.008995044456 7.295925075e-05 47978 
5.7815 0.008710678182 7.151057974e-05 46763 
5.7825 0.00878742713 7.208077787e-05 46797 
5.7835 0.008716524834 7.168548677e-05 46581 
5.7845 0.009056871149 7.31828745e-05 48157 
5.7855 0.008829990561 7.222005621e-05 47486 
5.7865 0.008846506762 7.229825817e-05 47220 
5.7875 0.008712640992 7.1648694e-05 47216 
5.7885 0.008568653316 7.084451221e-05 46306 
5.7895 0.008864918325 7.243011655e-05 46831 
5.7905 0.00866429819 7.158844469e-05 46532 
5.7915 0.008838714446 7.226607659e-05 47385 
5.7925 0.008965315302 7.281099721e-05 48041 
5.7935 0.009075323701 7.340331056e-05 48248 
5.7945 0.008873024659 7.229818048e-05 47607 
5.7955 0.008901404187 7.261619273e-05 47595 
5.7965 0.00894381819 7.296460485e-05 47421 
5.7975 0.008947124219 7.265428931e-05 48027 
5.7985 0.008970189316 7.281577928e-05 47913 
5.7995 0.008798896205 7.215850872e-05 46937 
5.8005 0.008862318533 7.265124649e-05 47191 
5.8015 0.008546106823 7.091452956e-05 46542 
5.8025 0.009011418302 7.304884341e-05 47917 
5.8035 0.008720384373 7.180799201e-05 46771 
5.8045 0.008953932218 7.291305394e-05 47609 
5.8055 0.008843389666 7.258545766e-05 46725 
5.8065 0.008761403423 7.20187247e-05 46578 
5.8075 0.008798785232 7.197066675e-05 47428 
5.8085 0.008733812413 7.213776159e-05 46396 
5.8095 0.008956046834 7.293557509e-05 47388 
5.8105 0.008944876234 7.289103867e-05 47309 
5.8115 0.008941377208 7.287167051e-05 47607 
5.8125 0.008997432745 7.325368673e-05 47572 
5.8135 0.008880599615 7.230915834e-05 47612 
5.8145 0.008933458595 7.285690965e-05 47377 
5.8155 0.009014820189 7.306113565e-05 47966 
5.8165 0.009070176916 7.32831785e-05 48242 
5.8175 0.009187728632 7.381998995e-05 48692 
5.8185 0.009071595191 7.342803489e-05 47989 
5.8195 0.008985659742 7.298505111e-05 47428 
5.8205 0.008981202883 7.29790209e-05 47782 
5.8215 0.009072684502 7.350779906e-05 47702 
5.8225 0.009017320107 7.317259441e-05 47780 
5.8235 0.008747070019 7.207278593e-05 46721 
5.8245 0.0089938957 7.330749805e-05 47326 
5.8255 0.009135767457 7.360542286e-05 48513 
5.8265 0.00894246953 7.267207872e-05 47714 
5.8275 0.009068058865 7.318838064e-05 48139 
5.8285 0.008905510629 7.259408422e-05 47230 
5.8295 0.008916901282 7.287272186e-05 47292 
5.8305 0.008993670348 7.306554258e-05 47694 
5.8315 0.008911808992 7.262225478e-05 47666 
5.8325 0.009125648406 7.363736407e-05 48552 
5.8335 0.009146651866 7.390613328e-05 48043 
5.8345 0.008724798763 7.186276831e-05 46549 
5.8355 0.008959613365 7.298635714e-05 47868 
5.8365 0.009093237525 7.345077572e-05 47942 
5.8375 0.009037470518 7.32032134e-05 47898 
5.8385 0.008998738539 7.305560692e-05 47977 
5.8395 0.00909593279 7.345484616e-05 48070 
5.8405 0.008926309701 7.301338385e-05 46652 
5.8415 0.009013526695 7.328958724e-05 48237 
5.8425 0.009245869528 7.455908695e-05 48004 
5.8435 0.009014766908 7.320858309e-05 47931 
5.8445 0.009078111883 7.367375873e-05 47879 
5.8455 0.008841530758 7.26025895e-05 46940 
5.8465 0.00897937052 7.329357806e-05 47269 
5.8475 0.008990183637 7.318531319e-05 47984 
5.8485 0.008884562505 7.272722598e-05 47527 
5.8495 0.009175803261 7.406657763e-05 48403 
5.8505 0.008920706851 7.282968004e-05 47382 
5.8515 0.009113732441 7.373010618e-05 48336 
5.8525 0.009133228629 7.405991138e-05 48092 
5.8535 0.009339781291 7.468014932e-05 49513 
5.8545 0.009050281565 7.349954152e-05 48052 
5.8555 0.008951442854 7.321042658e-05 47830 
5.8565 0.009116725878 7.368963042e-05 48559 
5.8575 0.008860099759 7.265806186e-05 47179 
5.8585 0.008999996313 7.342782615e-05 47122 
5.8595 0.008987447753 7.352543445e-05 47318 
5.8605 0.009014997937 7.33970366e-05 47590 
5.8615 0.00909721875 7.375064621e-05 47953 
5.8625 0.00913494583 7.404598893e-05 47644 
5.8635 0.009070055287 7.365246486e-05 48136 
5.8645 0.00923927194 7.45667984e-05 48249 
5.8655 0.00898257123 7.353701924e-05 46833 
5.8665 0.008975695403 7.335162455e-05 47622 
5.8675 0.009060628163 7.386507156e-05 47330 
5.8685 0.009101620028 7.392397308e-05 48043 
5.8695 0.008881891329 7.317879654e-05 46765 
5.8705 0.009041674204 7.356907242e-05 47679 
5.8715 0.009101068205 7.397264494e-05 47735 
5.8725 0.009274519219 7.47316408e-05 48352 
5.8735 0.009152923931 7.440149184e-05 47703 
5.8745 0.009147863335 7.408369123e-05 48181 
5.8755 0.009090530432 7.398683982e-05 47724 
5.8765 0.009238617269 7.456971734e-05 48644 
5.8775 0.009023586356 7.366294497e-05 47571 
5.8785 0.008919570884 7.321381381e-05 46961 
5.8795 0.009190910301 7.449716695e-05 47586 
5.8805 0.009120327577 7.414293117e-05 47621 
5.8815 0.009198950977 7.412202509e-05 48873 
5.8825 0.009326339572 7.515281231e-05 48461 
5.8835 0.009183501886 7.449948626e-05 47705 
5.8845 0.00904124581 7.395568306e-05 47456 
5.8855 0.009143211821 7.432076168e-05 47859 
5.8865 0.009241346094 7.487714511e-05 47542 
5.8875 0.00913068716 7.405267229e-05 48136 
5.8885 0.009201566528 7.456874867e-05 47616 
5.8895 0.008996891652 7.381911489e-05 47070 
5.8905 0.009109003875 7.436388318e-05 47334 
5.8915 0.009163711219 7.448663615e-05 47600 
5.8925 0.00900333276 7.408330128e-05 46750 
5.8935 0.009263755595 7.483241053e-05 48151 
5.8945 0.009302096684 7.505093068e-05 48730 
5.8955 0.009128500917 7.4503715e-05 47414 
5.8965 0.00909399451 7.417866092e-05 47602 
5.8975 0.009299972211 7.521291855e-05 47898 
5.8985 0.008929497278 7.342419081e-05 46804 
5.8995 0.009371728877 7.549327157e-05 48099 
5.9005 0.009083932993 7.432508803e-05 47315 
5.9015 0.009404266367 7.568255925e-05 48340 
5.9025 0.009186395559 7.457411162e-05 48195 
5.9035 0.009177355875 7.459061725e-05 47851 
5.9045 0.009427471341 7.577526312e-05 48570 
5.9055 0.009240167242 7.512150548e-05 47552 
5.9065 0.009220217376 7.487610432e-05 47385 
5.9075 0.008942656684 7.356221783e-05 46280 
5.9085 0.009088238002 7.425064605e-05 47179 
5.9095 0.009199575917 7.478446791e-05 47501 
5.9105 0.009099405401 7.461948499e-05 46926 
5.9115 0.00951836572 7.61996594e-05 48616 
5.9125 0.009304891025 7.527972665e-05 47816 
5.9135 0.008971420565 7.395236937e-05 46310 
5.9145 0.009165299732 7.476214631e-05 47866 
5.9155 0.009056104584 7.430196324e-05 46717 
5.9165 0.008980105743 7.380679423e-05 47385 
5.9175 0.009350564231 7.546007068e-05 47932 
5.9185 0.009302272741 7.562860516e-05 47089 
5.9195 0.009297627872 7.555507287e-05 47814 
5.9205 0.009371887237 7.580297769e-05 48056 
5.9215 0.00941466122 7.611633411e-05 48231 
5.9225 0.00941546412 7.563774193e-05 48498 
5.9235 0.009233484785 7.523795851e-05 47612 
5.9245 0.009259045006 7.520990825e-05 47799 
5.9255 0.009196973283 7.495800349e-05 47849 
5.9265 0.009307957559 7.541545604e-05 48378 
5.9275 0.009413624911 7.616919695e-05 48081 
5.9285 0.009241702181 7.515667166e-05 47955 
5.9295 0.009261881261 7.537358826e-05 47505 
5.9305 0.009413035713 7.621000081e-05 47994 
5.9315 0.009218830549 7.519937254e-05 47027 
5.9325 0.008980377067 7.417007019e-05 46493 
5.9335 0.009445453478 7.603324646e-05 48549 
5.9345 0.009240675663 7.519943753e-05 47448 
5.9355 0.009098851699 7.473033539e-05 47463 
5.9365 0.009417621419 7.601528886e-05 48102 
5.9375 0.009217519742 7.508025046e-05 47851 
5.9385 0.009253194313 7.540565544e-05 47795 
5.9395 0.009300170094 7.578206027e-05 47543 
5.9405 0.009345717226 7.581815754e-05 47877 
5.9415 0.009686407847 7.71345879e-05 49551 
5.9425 0.009345869767 7.587678683e-05 48376 
5.9435 0.009185413257 7.504848608e-05 47488 
5.9445 0.009150923241 7.487661076e-05 47434 
5.9455 0.009299409327 7.578453643e-05 47932 
5.9465 0.009325451717 7.583504209e-05 47728 
5.9475 0.009158701351 7.513112452e-05 46914 
5.9485 0.009392116945 7.617360943e-05 47914 
5.9495 0.009303160464 7.563989234e-05 48029 
5.9505 0.009538493409 7.684186799e-05 48280 
5.9515 0.009184762261 7.519153172e-05 46846 
5.9525 0.009288561603 7.571225188e-05 47145 
5.9535 0.009281045182 7.574706201e-05 47349 
5.9545 0.009424965141 7.603723647e-05 48528 
5.9555 0.00916611442 7.533058858e-05 46866 
5.9565 0.00927984791 7.597807669e-05 47087 
5.9575 0.009415017688 7.641166547e-05 47532 
5.9585 0.009291187818 7.548670274e-05 47795 
5.9595 0.009312387492 7.57368422e-05 47778 
5.9605 0.009161136113 7.532802755e-05 46453 
5.9615 0.009507429622 7.696702291e-05 48072 
5.9625 0.009201676471 7.542458134e-05 47188 
5.9635 0.009473585191 7.659175632e-05 48515 
5.9645 0.009329440916 7.608189101e-05 47128 
5.9655 0.009390274175 7.631138822e-05 47639 
5.9665 0.009525837074 7.704849698e-05 47774 
5.9675 0.009484023466 7.67312768e-05 48154 
5.9685 0.009339576985 7.611654736e-05 47547 
5.9695 0.009588055451 7.749104884e-05 48187 
5.9705 0.009527254921 7.699730636e-05 48134 
5.9715 0.009298232248 7.582407386e-05 47272 
5.9725 0.009190694859 7.57302794e-05 46655 
5.9735 0.009490623991 7.697201036e-05 47822 
5.9745 0.00944465177 7.640409273e-05 48183 
5.9755 0.009638868844 7.725698562e-05 49155 
5.9765 0.009432086975 7.668751139e-05 47575 
5.9775 0.009327413843 7.596529041e-05 47498 
5.9785 0.009383903841 7.65179913e-05 47789 
5.9795 0.009486893144 7.690700027e-05 47910 
5.9805 0.009364470414 7.646421107e-05 47289 
5.9815 0.009421157414 7.668627984e-05 47454 
5.9825 0.009602480605 7.747714085e-05 48369 
5.9835 0.009431246696 7.669387279e-05 48142 
5.9845 0.009488629172 7.696984814e-05 48230 
5.9855 0.009354805503 7.611954751e-05 47695 
5.9865 0.009519599555 7.705505504e-05 47909 
5.9875 0.009684875758 7.790988672e-05 48220 
5.9885 0.009134782396 7.554150348e-05 46518 
5.9895 0.009412286036 7.66689629e-05 47348 
5.9905 0.009387555325 7.67873973e-05 47257 
5.9915 0.009516105396 7.725350292e-05 47660 
5.9925 0.00946072921 7.691000365e-05 47993 
5.9935 0.00926680648 7.613581768e-05 47098 
5.9945 0.009500366997 7.710879617e-05 48187 
5.9955 0.009652417762 7.792868975e-05 48412 
5.9965 0.009603800728 7.774354791e-05 48063 
5.9975 0.009515334301 7.705345745e-05 47910 
5.9985 0.009572648129 7.748645718e-05 47598 
5.9995 0.009698674134 7.797884428e-05 48547 
6.0005 0.009471009376 7.715806057e-05 47283 
6.0015 0.009635247299 7.779999193e-05 48061 
6.0025 0.009668925824 7.784283903e-05 48659 
6.0035 0.009418716687 7.675937696e-05 47251 
6.0045 0.009466377414 7.705728454e-05 47889 
6.0055 0.00944909185 7.679613127e-05 47543 
6.0065 0.00946248577 7.707439349e-05 47507 
6.0075 0.009772919182 7.839173286e-05 48171 
6.0085 0.009554253762 7.752039779e-05 47927 
6.0095 0.009434889019 7.705152298e-05 47353 
6.0105 0.009504737027 7.730021856e-05 47391 
6.0115 0.00937744994 7.698795259e-05 46562 
6.0125 0.009519877043 7.734718949e-05 47996 
6.0135 0.009574264807 7.770814043e-05 47477 
6.0145 0.00969153023 7.826369026e-05 48003 
6.0155 0.009421100314 7.710585138e-05 47438 
6.0165 0.009553331928 7.770738435e-05 47161 
6.0175 0.009344925298 7.677569068e-05 46699 
6.0185 0.009172439147 7.600761975e-05 46438 
6.0195 0.009642579519 7.802779901e-05 48121 
6.0205 0.009577638048 7.776047491e-05 47945 
6.0215 0.009241140514 7.62820528e-05 46172 
6.0225 0.009388255881 7.689408527e-05 47298 
6.0235 0.00938636615 7.700390743e-05 46938 
6.0245 0.00951646976 7.755371822e-05 47856 
6.0255 0.00944111912 7.728520689e-05 47183 
6.0265 0.009465398118 7.72711748e-05 47675 
6.0275 0.009635845973 7.831094055e-05 47673 
6.0285 0.009628158035 7.807213282e-05 47622 
6.0295 0.009545604813 7.774773272e-05 47876 
6.0305 0.009388868772 7.710185084e-05 47006 
6.0315 0.009551158284 7.776878196e-05 47088 
6.0325 0.009727259179 7.838070839e-05 48361 
6.0335 0.009750861947 7.85467807e-05 48437 
6.0345 0.009432617356 7.747408684e-05 46676 
6.0355 0.009582930107 7.807021748e-05 47276 
6.0365 0.009684175901 7.840266342e-05 47499 
6.0375 0.009532164557 7.786095364e-05 47394 
6.0385 0.009472176453 7.749050714e-05 47311 
6.0395 0.009675424837 7.833075875e-05 48107 
6.0405 0.00957820315 7.808283545e-05 47248 
6.0415 0.009756288629 7.866600282e-05 48372 
6.0425 0.009525890834 7.772090026e-05 47491 
6.0435 0.009638600757 7.84934876e-05 47751 
6.0445 0.009324619333 7.695616715e-05 46475 
6.0455 0.009891139888 7.95161672e-05 48687 
6.0465 0.009627494452 7.802219328e-05 48281 
6.0475 0.009790113226 7.877748315e-05 48535 
6.0485 0.009481833142 7.776502901e-05 46601 
6.0495 0.009764997368 7.881245948e-05 48341 
6.0505 0.009616806659 7.802757598e-05 48224 
6.0515 0.009829396597 7.909967139e-05 48743 
6.0525 0.009755056893 7.909965616e-05 47648 
6.0535 0.00948681985 7.776818434e-05 46940 
6.0545 0.00975147135 7.881835401e-05 48114 
6.0555 0.009797787889 7.913842129e-05 48382 
6.0565 0.009916892295 7.954127918e-05 48597 
6.0575 0.009809073232 7.929954221e-05 48127 
6.0585 0.009616339392 7.837622128e-05 47690 
6.0595 0.009624827202 7.859665191e-05 47380 
6.0605 0.00954341463 7.794421905e-05 47737 
6.0615 0.009541345044 7.800863334e-05 47147 
6.0625 0.009682398522 7.869615433e-05 47496 
6.0635 0.00971950725 7.905019734e-05 48151 
6.0645 0.009657487546 7.851935695e-05 47685 
6.0655 0.009863605446 7.951430385e-05 48769 
6.0665 0.009756358994 7.904434614e-05 47801 
6.0675 0.009653347438 7.864048426e-05 47549 
6.0685 0.009612288292 7.856878331e-05 47135 
6.0695 0.009736437519 7.903760515e-05 48388 
6.0705 0.009786361395 7.92243129e-05 48044 
6.0715 0.009780758925 7.940628204e-05 47598 
6.0725 0.009656243452 7.865501798e-05 47581 
6.0735 0.009707698306 7.898888552e-05 47561 
6.0745 0.009802774708 7.939842946e-05 47778 
6.0755 0.009766823358 7.95747493e-05 47034 
6.0765 0.009733260982 7.920014129e-05 47783 
6.0775 0.00964102511 7.862445917e-05 47793 
6.0785 0.009661311017 7.878784695e-05 47495 
6.0795 0.009850561394 7.96958031e-05 47603 
6.0805 0.009719813861 7.915671282e-05 47586 
6.0815 0.009628661324 7.873765802e-05 47098 
6.0825 0.009663827784 7.892518167e-05 47102 
6.0835 0.009726627929 7.909195848e-05 47599 
6.0845 0.009804932072 7.978559006e-05 47346 
6.0855 0.009791225402 7.939746144e-05 47845 
6.0865 0.009688886903 7.898582408e-05 47597 
6.0875 0.009452150994 7.800127374e-05 46376 
6.0885 0.009737615723 7.940121987e-05 47402 
6.0895 0.009811421163 7.974884994e-05 48000 
6.0905 0.009781019952 7.949392141e-05 47396 
6.0915 0.00975655451 7.927415877e-05 47844 
6.0925 0.009969079012 8.036777296e-05 48187 
6.0935 0.009771415657 7.935051752e-05 47461 
6.0945 0.009761154 7.955201499e-05 47669 
6.0955 0.009812897218 7.967055527e-05 47856 
6.0965 0.009842637593 7.972154898e-05 48262 
6.0975 0.009795666736 7.946787253e-05 47890 
6.0985 0.00961801736 7.890248021e-05 47109 
6.0995 0.009755614036 7.943857492e-05 47619 
6.1005 0.009969115582 8.054137602e-05 48129 
6.1015 0.009942856669 8.032255642e-05 48142 
6.1025 0.009747949576 7.949225874e-05 47401 
6.1035 0.009733978254 7.955724402e-05 47553 
6.1045 0.01002815887 8.074005907e-05 48246 
6.1055 0.009887049858 8.022403931e-05 47674 
6.1065 0.009828589414 7.999756386e-05 47669 
6.1075 0.009949277777 8.035676329e-05 48108 
6.1085 0.009863460265 8.005173648e-05 47772 
6.1095 0.009913326595 8.053961251e-05 47775 
6.1105 0.00999754748 8.071856071e-05 48182 
6.1115 0.01002756836 8.0829137e-05 48386 
6.1125 0.009900959912 8.020377271e-05 48058 
6.1135 0.009618057452 7.902642005e-05 47002 
6.1145 0.00984449385 8.01729613e-05 47553 
6.1155 0.01013404629 8.133841466e-05 48270 
6.1165 0.009977657263 8.069361846e-05 47661 
6.1175 0.009726299912 7.951904342e-05 46861 
6.1185 0.009814492779 7.988590503e-05 47692 
6.1195 0.00971935871 7.965462235e-05 46731 
6.1205 0.009828534498 8.034895992e-05 47480 
6.1215 0.009998248072 8.100131771e-05 48057 
6.1225 0.009878850116 8.033415855e-05 47733 
6.1235 0.009943314091 8.070089699e-05 48167 
6.1245 0.009688694978 7.943815957e-05 47699 
6.1255 0.009989043368 8.086610862e-05 47694 
6.1265 0.009747555224 7.971806249e-05 47055 
6.1275 0.01006314066 8.121506848e-05 47989 
6.1285 0.009835103139 8.016440051e-05 47637 
6.1295 0.01003024827 8.09480013e-05 48097 
6.1305 0.009854399542 8.014462191e-05 47427 
6.1315 0.009866869438 8.028852143e-05 47710 
6.1325 0.009919781002 8.058796199e-05 47713 
6.1335 0.009760315482 7.968983184e-05 47289 
6.1345 0.009935496514 8.06988101e-05 48076 
6.1355 0.0100067389 8.107210888e-05 48200 
6.1365 0.009851246049 8.032239696e-05 47844 
6.1375 0.009978038832 8.108212331e-05 47406 
6.1385 0.009976363293 8.102894585e-05 47717 
6.1395 0.009859738494 8.052169317e-05 47106 
6.1405 0.009877087998 8.043786277e-05 47187 
6.1415 0.009774781435 7.992569585e-05 47518 
6.1425 0.009936483844 8.094862296e-05 47112 
6.1435 0.009892589282 8.065450208e-05 47283 
6.1445 0.009942318295 8.089342031e-05 47275 
6.1455 0.009772686694 8.013798209e-05 47085 
6.1465 0.009943155113 8.0823737e-05 47932 
6.1475 0.01011943707 8.146681684e-05 48587 
6.1485 0.01000743119 8.12347646e-05 47836 
6.1495 0.01006402492 8.15349973e-05 47654 
6.1505 0.009970024546 8.107733516e-05 47675 
6.1515 0.00992208232 8.070726825e-05 47479 
6.1525 0.01010806623 8.192419574e-05 47887 
6.1535 0.00999519074 8.130669917e-05 47780 
6.1545 0.00990513774 8.072287002e-05 47538 
6.1555 0.009971341671 8.125661468e-05 47394 
6.1565 0.009654043567 7.960516332e-05 46939 
6.1575 0.009697857007 8.001196756e-05 46560 
6.1585 0.009930297861 8.082087684e-05 48015 
6.1595 0.009869709081 8.062937093e-05 47152 
6.1605 0.009978566063 8.121763295e-05 47331 
6.1615 0.01007234415 8.148970355e-05 47875 
6.1625 0.01026893233 8.244861972e-05 48325 
6.1635 0.009818807576 8.041450806e-05 47013 
6.1645 0.01006130803 8.164123045e-05 47834 
6.1655 0.009725530377 8.007420357e-05 46974 
6.1665 0.01007048367 8.165131773e-05 47975 
6.1675 0.009961209222 8.147199225e-05 47202 
6.1685 0.009899390362 8.08702069e-05 47186 
6.1695 0.01020581058 8.224498776e-05 48494 
6.1705 0.01008064208 8.184580498e-05 47571 
6.1715 0.01001613507 8.164238098e-05 47209 
6.1725 0.009888101181 8.082802441e-05 47006 
6.1735 0.01013874402 8.220852163e-05 47778 
6.1745 0.0101166923 8.208407302e-05 47980 
6.1755 0.009904078302 8.101442191e-05 47083 
6.1765 0.009883549154 8.115332523e-05 46845 
6.1775 0.009908029479 8.118179801e-05 46636 
6.1785 0.01012678234 8.165803392e-05 48493 
6.1795 0.009990120566 8.132332436e-05 47963 
6.1805 0.01015294385 8.218867422e-05 48027 
6.1815 0.00999853299 8.152342347e-05 47054 
6.1825 0.01017287714 8.236216305e-05 48123 
6.1835 0.01020019474 8.250757132e-05 47843 
6.1845 0.01025931 8.275523038e-05 48316 
6.1855 0.009990209786 8.163388106e-05 46903 
6.1865 0.009796065266 8.072766072e-05 46913 
6.1875 0.01016587417 8.234241808e-05 48345 
6.1885 0.01016475277 8.256340179e-05 47647 
6.1895 0.01014464324 8.198144241e-05 48121 
6.1905 0.01020641136 8.255751933e-05 47949 
6.1915 0.01022964483 8.289846716e-05 47875 
6.1925 0.009950110564 8.154971352e-05 46953 
6.1935 0.01031242818 8.29212898e-05 48520 
6.1945 0.009958063932 8.155852025e-05 46855 
6.1955 0.009959430122 8.164725183e-05 47001 
6.1965 0.009985872262 8.155276671e-05 47554 
6.1975 0.01008854297 8.207287924e-05 47457 
6.1985 0.009889660238 8.11231097e-05 46893 
6.1995 0.01015606843 8.234583778e-05 47740 
6.2005 0.009991157191 8.168190826e-05 47595 
6.2015 0.01011682285 8.228495952e-05 47196 
6.2025 0.01003431861 8.201345e-05 47791 
6.2035 0.01012799356 8.24197956e-05 47768 
6.2045 0.01010807586 8.227612617e-05 47555 
6.2055 0.0101340138 8.235616215e-05 47334 
6.2065 0.01015407882 8.251106969e-05 48115 
6.2075 0.01007174536 8.200067428e-05 47743 
6.2085 0.00991138044 8.142678518e-05 47035 
6.2095 0.01021885665 8.299981899e-05 48201 
6.2105 0.01028293459 8.302025458e-05 48548 
6.2115 0.009878282119 8.12978733e-05 46440 
6.2125 0.01018528229 8.281534679e-05 47668 
6.2135 0.01036763217 8.350285863e-05 48025 
6.2145 0.01009765958 8.235875018e-05 47288 
6.2155 0.01021332013 8.307768894e-05 47712 
6.2165 0.01016811551 8.282160982e-05 47676 
6.2175 0.01035069089 8.343021404e-05 48206 
6.2185 0.01004538591 8.231031549e-05 46820 
6.2195 0.01034828484 8.326307836e-05 48848 
6.2205 0.01009908286 8.255764963e-05 47349 
6.2215 0.010345318 8.335349968e-05 48300 
6.2225 0.01005521477 8.22614852e-05 47263 
6.2235 0.01013626629 8.252834311e-05 47873 
6.2245 0.01035099784 8.342827491e-05 48492 
6.2255 0.01040194491 8.390178017e-05 48202 
6.2265 0.01002894159 8.221933884e-05 47258 
6.2275 0.01024763526 8.339254715e-05 47419 
6.2285 0.01023636299 8.287256193e-05 47985 
6.2295 0.01022735051 8.318596951e-05 47893 
6.2305 0.009871138394 8.15692632e-05 46401 
6.2315 0.01035395562 8.37199017e-05 48047 
6.2325 0.00999228592 8.196854955e-05 47010 
6.2335 0.01031361611 8.341559459e-05 47871 
6.2345 0.01012046956 8.271690015e-05 47677 
6.2355 0.0101464155 8.285948629e-05 47606 
6.2365 0.0103106614 8.350642268e-05 48298 
6.2375 0.01042545887 8.406350791e-05 48077 
6.2385 0.01023177952 8.316944011e-05 47719 
6.2395 0.01029518104 8.354347038e-05 48003 
6.2405 0.009934672722 8.196934497e-05 46476 
6.2415 0.01023890133 8.340491032e-05 47726 
6.2425 0.01016124441 8.293178894e-05 47023 
6.2435 0.01008683666 8.288253256e-05 47194 
6.2445 0.01035776575 8.376914866e-05 47816 
6.2455 0.01043249967 8.438123427e-05 48115 
6.2465 0.01014437792 8.275687666e-05 47531 
6.2475 0.0103052999 8.367410621e-05 47576 
6.2485 0.01014908938 8.285688253e-05 47221 
6.2495 0.01015276899 8.29719096e-05 47380 
6.2505 0.01033273481 8.40230868e-05 47463 
6.2515 0.01008791965 8.269623866e-05 47079 
6.2525 0.0102875823 8.372305203e-05 47951 
6.2535 0.01038024131 8.396825505e-05 48178 
6.2545 0.01031637556 8.387752425e-05 47738 
6.2555 0.01028821633 8.363036712e-05 47868 
6.2565 0.01045510991 8.433328028e-05 47784 
6.2575 0.01011565126 8.273970326e-05 47575 
6.2585 0.01026357347 8.375463846e-05 46962 
6.2595 0.01037708058 8.403358627e-05 48007 
6.2605 0.01028675395 8.383474022e-05 47128 
6.2615 0.01030109035 8.378575276e-05 47511 
6.2625 0.01053948164 8.478074444e-05 48535 
6.2635 0.01042590006 8.429086228e-05 47936 
6.2645 0.0101856438 8.333349781e-05 47086 
6.2655 0.01019045436 8.347330158e-05 47135 
6.2665 0.01030924005 8.384728474e-05 47872 
6.2675 0.01051174881 8.484068162e-05 48086 
6.2685 0.01054433929 8.520236546e-05 48251 
6.2695 0.01027501542 8.402076811e-05 47097 
6.2705 0.01040526916 8.434423473e-05 47493 
6.2715 0.01026243443 8.395725657e-05 47512 
6.2725 0.01026900393 8.373685791e-05 47496 
6.2735 0.01020577822 8.333701816e-05 47238 
6.2745 0.01054922596 8.514465673e-05 47712 
6.2755 0.01034341773 8.416998108e-05 47655 
6.2765 0.01048531636 8.465040583e-05 48158 
6.2775 0.01063694901 8.553621125e-05 48483 
6.2785 0.01023507668 8.384154079e-05 46714 
6.2795 0.01031923931 8.411389171e-05 47198 
6.2805 0.01049357717 8.499006102e-05 47861 
6.2815 0.01042783742 8.459496844e-05 47760 
6.2825 0.01040219226 8.446221588e-05 47844 
6.2835 0.01023336962 8.387341219e-05 47019 
6.2845 0.01015447658 8.343593142e-05 46948 
6.2855 0.0104936322 8.513797782e-05 47968 
6.2865 0.01052603835 8.524252555e-05 47465 
6.2875 0.01034753064 8.436687573e-05 47554 
6.2885 0.01026747954 8.413204043e-05 46677 
6.2895 0.01043370357 8.470470198e-05 47834 
6.2905 0.01017931363 8.34446746e-05 47234 
6.2915 0.01043864291 8.471468545e-05 47576 
6.2925 0.01028063391 8.420497172e-05 46971 
6.2935 0.01031915611 8.443692879e-05 47180 
6.2945 0.01040739183 8.456906972e-05 48141 
6.2955 0.01011493547 8.338505274e-05 46767 
6.2965 0.01025416874 8.412997452e-05 46956 
6.2975 0.01056092056 8.518798629e-05 48245 
6.2985 0.0103682998 8.466475047e-05 47377 
6.2995 0.01022648612 8.413312373e-05 46774 
6.3005 0.0104903461 8.525918664e-05 47755 
6.3015 0.01057802251 8.542392662e-05 48464 
6.3025 0.01058750546 8.546405344e-05 48279 
6.3035 0.01041660358 8.487452489e-05 47412 
6.3045 0.01033716956 8.409001325e-05 47790 
6.3055 0.01037926514 8.458861922e-05 47779 
6.3065 0.01040395398 8.484541114e-05 47516 
6.3075 0.01056183091 8.564163829e-05 47663 
6.3085 0.01019281566 8.399843499e-05 46760 
6.3095 0.01027508628 8.424823924e-05 47022 
6.3105 0.01039729805 8.476063749e-05 47433 
6.3115 0.01042142092 8.49696443e-05 47335 
6.3125 0.0102327588 8.423341256e-05 46539 
6.3135 0.01070482163 8.617444991e-05 48424 
6.3145 0.01057200922 8.564493975e-05 47791 
6.3155 0.01051151947 8.521960464e-05 48025 
6.3165 0.01043567922 8.516599497e-05 47474 
6.3175 0.01064771565 8.59004861e-05 48444 
6.3185 0.01035599787 8.469268472e-05 47555 
6.3195 0.01034263577 8.469248452e-05 46828 
6.3205 0.01042255495 8.508655424e-05 47520 
6.3215 0.01056881906 8.586632557e-05 47488 
6.3225 0.01066098393 8.618406441e-05 48020 
6.3235 0.01060107935 8.590383314e-05 47900 
6.3245 0.0103383391 8.48341831e-05 46866 
6.3255 0.01053976827 8.558666505e-05 47693 
6.3265 0.01035116138 8.4913169e-05 46635 
6.3275 0.01059079437 8.586723204e-05 47553 
6.3285 0.010457989 8.532406054e-05 47097 
6.3295 0.01051851873 8.557190205e-05 47403 
6.3305 0.01060136767 8.620551107e-05 47644 
6.3315 0.01028024855 8.439724499e-05 47043 
6.3325 0.01058859312 8.595078699e-05 47648 
6.3335 0.01052751326 8.56986658e-05 47242 
6.3345 0.01051564353 8.573185863e-05 47340 
6.3355 0.01061144962 8.605525641e-05 48000 
6.3365 0.01049212024 8.560303476e-05 47256 
6.3375 0.01049465852 8.530067001e-05 47826 
6.3385 0.01060707556 8.612945748e-05 48088 
6.3395 0.01070442844 8.659294145e-05 48190 
6.3405 0.01040001976 8.50725423e-05 47147 
6.3415 0.01052618045 8.571066001e-05 47278 
6.3425 0.0103028381 8.505237194e-05 46694 
6.3435 0.01056818399 8.594465041e-05 47828 
6.3445 0.01052759301 8.573417867e-05 47397 
6.3455 0.01021884992 8.436180681e-05 46717 
6.3465 0.01054845748 8.609672953e-05 47591 
6.3475 0.01043827675 8.54210228e-05 47118 
6.3485 0.01065076151 8.627379849e-05 48049 
6.3495 0.01047535476 8.567020621e-05 47676 
6.3505 0.0105856235 8.616887433e-05 47879 
6.3515 0.01077940713 8.709571305e-05 47862 
6.3525 0.01068565583 8.664701268e-05 47724 
6.3535 0.0107204719 8.69978116e-05 47792 
6.3545 0.01039546559 8.537983032e-05 47027 
6.3555 0.01067677198 8.670896903e-05 47833 
6.3565 0.0109190084 8.781966364e-05 48058 
6.3575 0.01066737401 8.657330979e-05 47724 
6.3585 0.01061801456 8.63670272e-05 47843 
6.3595 0.01061738072 8.628660464e-05 47660 
6.3605 0.01059146798 8.627514181e-05 47770 
6.3615 0.01057161548 8.631033943e-05 47521 
6.3625 0.01069979244 8.678324255e-05 47953 
6.3635 0.01057944478 8.628272885e-05 47562 
6.3645 0.01052569088 8.621089021e-05 47252 
6.3655 0.01056371342 8.645775401e-05 47278 
6.3665 0.01053014831 8.610623829e-05 47240 
6.3675 0.01087983592 8.758398937e-05 48345 
6.3685 0.01047868397 8.600963177e-05 46587 
6.3695 0.01057994751 8.651248548e-05 46915 
6.3705 0.01070781571 8.699456043e-05 47620 
6.3715 0.0106381246 8.644091647e-05 48323 
6.3725 0.01076943236 8.732194392e-05 48080 
6.3735 0.01056330489 8.636741089e-05 47561 
6.3745 0.01061135465 8.642261886e-05 47509 
6.3755 0.01079100417 8.731591343e-05 47984 
6.3765 0.01077301577 8.717566056e-05 48231 
6.3775 0.01061226741 8.67254909e-05 46928 
6.3785 0.0108960515 8.80791068e-05 47603 
6.3795 0.01059515512 8.667268298e-05 47161 
6.3805 0.01063636727 8.675580872e-05 47598 
6.3815 0.01084247532 8.741904637e-05 48612 
6.3825 0.01073218105 8.726283632e-05 47816 
6.3835 0.01068342597 8.703012245e-05 47499 
6.3845 0.0107238084 8.716075517e-05 48239 
6.3855 0.01049863423 8.625148569e-05 46727 
6.3865 0.01092585666 8.814743191e-05 48323 
6.3875 0.01094135574 8.824046461e-05 48159 
6.3885 0.01047586879 8.615484787e-05 46961 
6.3895 0.0108389584 8.779798261e-05 48050 
6.3905 0.01079843163 8.751826732e-05 48033 
6.3915 0.01035136292 8.553441356e-05 46669 
6.3925 0.01061649468 8.686809436e-05 47295 
6.3935 0.01061484137 8.683299308e-05 47532 
6.3945 0.01070597873 8.745392062e-05 47180 
6.3955 0.01079197275 8.776717351e-05 47501 
6.3965 0.01084804981 8.783331229e-05 47707 
6.3975 0.01064211517 8.689630535e-05 46964 
6.3985 0.01069370103 8.727158407e-05 47089 
6.3995 0.01069232535 8.735348938e-05 47590 
6.4005 0.01069442276 8.722203609e-05 47706 
6.4015 0.01090289491 8.824037517e-05 47885 
6.4025 0.01042727157 8.626474583e-05 46178 
6.4035 0.01095646094 8.855420859e-05 47912 
6.4045 0.01064537856 8.704924737e-05 47998 
6.4055 0.01091450731 8.79930988e-05 48258 
6.4065 0.01075511486 8.787028355e-05 47145 
6.4075 0.01082530927 8.775771773e-05 48072 
6.4085 0.01062666118 8.714951594e-05 46937 
6.4095 0.01066816981 8.699498182e-05 47886 
6.4105 0.010647035 8.69867664e-05 47254 
6.4115 0.01074525206 8.763627273e-05 47362 
6.4125 0.01043188324 8.641865985e-05 46087 
6.4135 0.01077959473 8.774780816e-05 47442 
6.4145 0.01088628493 8.837897227e-05 47323 
6.4155 0.01092033114 8.844879611e-05 47679 
6.4165 0.01085598479 8.810880838e-05 47889 
6.4175 0.0108347558 8.811212516e-05 47568 
6.4185 0.0107107055 8.747239256e-05 47633 
6.4195 0.0107895809 8.808435523e-05 47415 
6.4205 0.01082281174 8.811896331e-05 47460 
6.4215 0.01108125708 8.904294917e-05 48527 
6.4225 0.01078440753 8.787264479e-05 47579 
6.4235 0.01093310256 8.86206231e-05 47655 
6.4245 0.01060560864 8.72817834e-05 46895 
6.4255 0.01075185372 8.783995423e-05 47251 
6.4265 0.01082531111 8.825430432e-05 47784 
6.4275 0.01074862781 8.767448146e-05 47230 
6.4285 0.01054612881 8.689833788e-05 46568 
6.4295 0.01090287342 8.847785438e-05 47712 
6.4305 0.01066525794 8.752116062e-05 46925 
6.4315 0.01089112263 8.854429243e-05 47360 
6.4325 0.0107975402 8.797467184e-05 47817 
6.4335 0.01093401528 8.859746155e-05 47498 
6.4345 0.01093627063 8.881199777e-05 48360 
6.4355 0.01077896763 8.816231726e-05 47104 
6.4365 0.01092986195 8.881399188e-05 47977 
6.4375 0.01076224314 8.803206826e-05 46745 
6.4385 0.01075997065 8.793280007e-05 47262 
6.4395 0.01090278005 8.874927818e-05 47374 
6.4405 0.01076790828 8.796108013e-05 47369 
6.4415 0.01092071759 8.89335203e-05 47013 
6.4425 0.01090674616 8.896073314e-05 47373 
6.4435 0.01097979183 8.904497885e-05 48080 
6.4445 0.01077909066 8.835103646e-05 46752 
6.4455 0.0107756037 8.80617498e-05 47060 
6.4465 0.01073435663 8.823247525e-05 46705 
6.4475 0.01077959852 8.832196746e-05 46911 
6.4485 0.01086688505 8.873159312e-05 46993 
6.4495 0.01093751983 8.890637532e-05 47541 
6.4505 0.01114298053 8.989330943e-05 48363 
6.4515 0.0108710103 8.865043241e-05 47580 
6.4525 0.0109785924 8.896039254e-05 48228 
6.4535 0.01100462451 8.952114092e-05 47775 
6.4545 0.01120784755 9.007498047e-05 48317 
6.4555 0.01077728688 8.817728646e-05 47482 
6.4565 0.01114723616 8.989882667e-05 48074 
6.4575 0.01098619232 8.924468615e-05 47764 
6.4585 0.01107509807 8.962956889e-05 47764 
6.4595 0.010716328 8.830082818e-05 46672 
6.4605 0.01090804442 8.900912797e-05 47421 
6.4615 0.01069296553 8.807030325e-05 46857 
6.4625 0.01109793575 9.001743299e-05 47501 
6.4635 0.01081178221 8.849089342e-05 46879 
6.4645 0.01106949907 8.979078707e-05 47632 
6.4655 0.01101154274 8.943782337e-05 48055 
6.4665 0.01100922496 8.943071758e-05 48083 
6.4675 0.01096050607 8.918603535e-05 47238 
6.4685 0.01099461401 8.942918442e-05 47478 
6.4695 0.01141202194 9.108057894e-05 48846 
6.4705 0.01075279681 8.850829612e-05 46343 
6.4715 0.01091514661 8.90668084e-05 47435 
6.4725 0.01094508441 8.928275217e-05 47183 
6.4735 0.01108948312 9.003873001e-05 47610 
6.4745 0.01067101399 8.796392798e-05 46873 
6.4755 0.01097111636 8.960984593e-05 46972 
6.4765 0.01094574065 8.924638835e-05 47653 
6.4775 0.01117466945 9.038894359e-05 48002 
6.4785 0.01100157457 8.957437324e-05 47417 
6.4795 0.01083284681 8.887957312e-05 47096 
6.4805 0.01103325312 8.982407359e-05 47778 
6.4815 0.0109386102 8.917033279e-05 47284 
6.4825 0.01110710233 9.014444284e-05 47687 
6.4835 0.0110671932 8.991634729e-05 47673 
6.4845 0.01108535522 8.999562266e-05 47951 
6.4855 0.0109716983 8.958220943e-05 47548 
6.4865 0.01087500168 8.909926958e-05 46908 
6.4875 0.01114465576 9.046923864e-05 47596 
6.4885 0.01120197601 9.043135437e-05 48362 
6.4895 0.01077572647 8.861665178e-05 46802 
6.4905 0.01123372159 9.085068065e-05 47990 
6.4915 0.01106439946 9.009002792e-05 47466 
6.4925 0.01091025024 8.933772616e-05 47088 
6.4935 0.01131631419 9.119996749e-05 48352 
6.4945 0.01089057453 8.910301481e-05 47206 
6.4955 0.01077392945 8.891074179e-05 46316 
6.4965 0.01095596646 8.963129329e-05 46998 
6.4975 0.01110442037 9.047103863e-05 47718 
6.4985 0.01092759307 8.949689921e-05 47199 
6.4995 0.01111928027 9.044476005e-05 47355 
