# Format: McCode with text headers
# URL: http://www.mccode.org
# Creator:  3.5.2, git
# Instrument: Airport_scannerII.instr
# Ncount: 10000000
# Trace: no
# Gravitation: no
# Seed: 1728639593320161
# Directory: Scan_Src_Quasi_1e7/4
# Param: SFILE=input_abs_objects_template.dat
# Param: ANGLE=0
# Param: posX=-0.5
# Param: posY=-0.3
# Param: posZ=0
# Param: Ncount=0
# Date: Fri Oct 11 09:40:25 2024 (1728639625)
# type: array_1d(101)
# Source: Airp_scannerII (Airport_scannerII.instr)
# component: emon
# position: 0 0 0.11
# title: Energy monitor
# Ncount: 10000000
# filename: emon.dat
# statistics: X0=69.9894; dX=39.8412;
# signal: Min=0; Max=0.014422; Mean=0.00990099;
# values: 1 0.000316228 1e+07
# xvar: E
# yvar: (I,I_err)
# xlabel: Energy [keV]
# ylabel: Intensity
# xlimits: 0 200
# variables: E I I_err N
0.9900990099 0.0071107 2.666589582e-05 71107 
2.97029703 0.0143867 3.792980359e-05 143867 
4.95049505 0.0143358 3.78626465e-05 143358 
6.930693069 0.014336 3.786291061e-05 143360 
8.910891089 0.0144054 3.795444638e-05 144054 
10.89108911 0.0143449 3.787466171e-05 143449 
12.87128713 0.014311 3.782988237e-05 143110 
14.85148515 0.0142947 3.780833241e-05 142947 
16.83168317 0.0143955 3.794140219e-05 143955 
18.81188119 0.0143699 3.790765094e-05 143699 
20.79207921 0.0143642 3.790013193e-05 143642 
22.77227723 0.0143924 3.793731672e-05 143924 
24.75247525 0.0143554 3.788852069e-05 143554 
26.73267327 0.0142259 3.771723744e-05 142259 
28.71287129 0.0143807 3.792189341e-05 143807 
30.69306931 0.0143558 3.788904855e-05 143558 
32.67326733 0.0143607 3.789551425e-05 143607 
34.65346535 0.0143372 3.786449524e-05 143372 
36.63366337 0.0143514 3.788324168e-05 143514 
38.61386139 0.0143006 3.781613412e-05 143006 
40.59405941 0.0143884 3.79320445e-05 143884 
42.57425743 0.0143635 3.789920844e-05 143635 
44.55445545 0.0143058 3.782300887e-05 143058 
46.53465347 0.0143786 3.791912446e-05 143786 
48.51485149 0.0142871 3.779828038e-05 142871 
50.4950495 0.0143238 3.784679643e-05 143238 
52.47524752 0.014339 3.786687207e-05 143390 
54.45544554 0.0143127 3.78321292e-05 143127 
56.43564356 0.014422 3.79763084e-05 144220 
58.41584158 0.0143712 3.79093656e-05 143712 
60.3960396 0.0143836 3.792571687e-05 143836 
62.37623762 0.0144026 3.795075757e-05 144026 
64.35643564 0.0143877 3.793112179e-05 143877 
66.33663366 0.0143964 3.794258821e-05 143964 
68.31683168 0.014375 3.791437722e-05 143750 
70.2970297 0.0143447 3.787439769e-05 143447 
72.27722772 0.0143729 3.791160772e-05 143729 
74.25742574 0.0143864 3.792940812e-05 143864 
76.23762376 0.0143283 3.785274098e-05 143283 
78.21782178 0.0143823 3.792400295e-05 143823 
80.1980198 0.0143392 3.786713615e-05 143392 
82.17821782 0.0143306 3.785577895e-05 143306 
84.15841584 0.014382 3.792360742e-05 143820 
86.13861386 0.014375 3.791437722e-05 143750 
88.11881188 0.0143469 3.787730191e-05 143469 
90.0990099 0.014324 3.784706065e-05 143240 
92.07920792 0.0142918 3.780449709e-05 142918 
94.05940594 0.0143212 3.784336137e-05 143212 
96.03960396 0.0142951 3.78088614e-05 142951 
98.01980198 0.0143921 3.793692133e-05 143921 
100 0.0142902 3.780238088e-05 142902 
101.980198 0.0143975 3.794403774e-05 143975 
103.960396 0.0142944 3.780793567e-05 142944 
105.9405941 0.0143897 3.793375805e-05 143897 
107.9207921 0.0143321 3.78577601e-05 143321 
109.9009901 0.0143515 3.788337366e-05 143515 
111.8811881 0.0142625 3.77657252e-05 142625 
113.8613861 0.0143688 3.790620002e-05 143688 
115.8415842 0.0144217 3.797591342e-05 144217 
117.8217822 0.014309 3.782723886e-05 143090 
119.8019802 0.0143067 3.78241986e-05 143067 
121.7821782 0.0143171 3.783794392e-05 143171 
123.7623762 0.0143595 3.789393091e-05 143595 
125.7425743 0.0143411 3.786964484e-05 143411 
127.7227723 0.0143038 3.782036488e-05 143038 
129.7029703 0.0143819 3.792347558e-05 143819 
131.6831683 0.0143104 3.782908934e-05 143104 
133.6633663 0.0143171 3.783794392e-05 143171 
135.6435644 0.014399 3.794601428e-05 143990 
137.6237624 0.0143985 3.794535545e-05 143985 
139.6039604 0.0027827 1.66814268e-05 27827 
141.5841584 0 0 0 
143.5643564 0 0 0 
145.5445545 0 0 0 
147.5247525 0 0 0 
149.5049505 0 0 0 
151.4851485 0 0 0 
153.4653465 0 0 0 
155.4455446 0 0 0 
157.4257426 0 0 0 
159.4059406 0 0 0 
161.3861386 0 0 0 
163.3663366 0 0 0 
165.3465347 0 0 0 
167.3267327 0 0 0 
169.3069307 0 0 0 
171.2871287 0 0 0 
173.2673267 0 0 0 
175.2475248 0 0 0 
177.2277228 0 0 0 
179.2079208 0 0 0 
181.1881188 0 0 0 
183.1683168 0 0 0 
185.1485149 0 0 0 
187.1287129 0 0 0 
189.1089109 0 0 0 
191.0891089 0 0 0 
193.0693069 0 0 0 
195.049505 0 0 0 
197.029703 0 0 0 
199.009901 0 0 0 
